1629013128.224887848 0.0 0.0 0.0 0.0 0.0 0.0 1.0
1629013128.325093031 0.00010008888057200238 -0.0009370108600705862 0.0 0.0 0.0 0.0005179004861421627 0.9999998658895343
1629013128.425327301 -0.0001532343170603957 0.001905179717978443 0.0 0.0 0.0 -0.0003955901962904181 0.9999999217541953
1629013128.525490284 -0.00014392849577465558 0.0018258147996340968 0.0 0.0 0.0 0.00012231030238098975 0.999999992520095
1629013128.625700474 6.70749258760759e-05 4.7234425445115934e-05 0.0 0.0 0.0 0.0008128442255682546 0.9999996696420779
1629013128.926275730 5.664634976617184e-05 0.00015139410120662428 0.0 0.0 0.0 0.0002949438015077026 0.999999956504076
1629013129.327075481 6.260980440436762e-05 9.685321860750057e-05 0.0 0.0 0.0 0.0007178077323482706 0.9999997423759965
1629013129.727863789 6.028158902177507e-05 0.00016847754720306372 0.0 0.0 0.0 0.0007178077323482706 0.9999997423759965
1629013129.928267002 7.928458130898684e-05 5.139403698735638e-05 0.0 0.0 0.0 0.0007178077323482706 0.9999997423759965
1629013130.128615141 0.00013752560946020376 -0.00016861424226342957 0.0 0.0 0.0 0.0007178077323482706 0.9999997423759965
1629013130.729794502 0.0005914781307442274 -0.0017002954614402975 0.0 0.0 0.0 0.001429593460297663 0.999998978130747
1629013130.830001831 0.0008084204554058281 -0.0035097628349512223 0.0 0.0 0.0 0.0026004485930449985 0.9999966188278413
1629013131.230769873 0.04706621315934765 -0.009448976525781794 0.0 0.0 0.0 0.007141684531758621 0.9999744978458445
1629013131.631546736 0.1161486412104237 -0.012597967073740769 0.0 0.0 0.0 0.014620529224728942 0.9998931143503234
1629013131.731744289 0.12011111261031893 -0.01867095439742096 0.0 0.0 0.0 0.016276174431367543 0.9998675342993589
1629013131.831948757 0.12088005459816681 -0.022417614207567146 0.0 0.0 0.0 0.018002256369793863 0.9998379462520895
1629013132.533311367 0.14324747132245277 -0.03500283193304992 0.0 0.0 0.0 0.023245922107017473 0.9997297770424739
1629013132.934135914 0.15836657161788992 -0.03579245441349397 0.0 0.0 0.0 0.024679512169626733 0.999695414453357
1629013133.134488583 0.15896958917129794 -0.037556434325979104 0.0 0.0 0.0 0.024334348891709698 0.9997038758872632
1629013133.635461807 0.15956629936444772 -0.04096345643946164 0.0 0.0 0.0 0.01860743897920692 0.9998268666197339
1629013135.038238049 0.16304621593640808 -0.058594020940593156 0.0 0.0 0.0 -0.027558925006889553 0.99962018069488
1629013135.243909359 0.16741104904685433 -0.07188056616427936 0.0 0.0 0.0 -0.037056757404995457 0.9993131624924327
1629013135.639563084 0.17693835784121378 -0.09529712696935462 0.0 0.0 0.0 -0.053734775784120885 0.9985552432747175
1629013135.739579201 0.17890118743327996 -0.0998708759303437 0.0 0.0 0.0 -0.05823276159738038 0.9983030328896846
1629013136.140389442 0.18893289858681966 -0.12916893661687306 0.0 0.0 0.0 -0.07539258926554153 0.9971539286809421
1629013136.240868092 0.19062838578689936 -0.13747435459510252 0.0 0.0 0.0 -0.07963652837124652 0.9968239680851256
1629013136.340748310 0.1914908039465264 -0.1423447045418868 0.0 0.0 0.0 -0.0844662549026122 0.9964263403697872
1629013136.541119576 0.1995159962672778 -0.17012224357401787 0.0 0.0 0.0 -0.09637662963010843 0.995344937828661
1629013137.242624760 0.23353502582286037 -0.23928341791214297 0.0 0.0 0.0 -0.13922307499638178 0.9902610440629036
1629013137.342700481 0.24267778745784369 -0.2572127909286361 0.0 0.0 0.0 -0.14656621196854266 0.9892008620645214
1629013137.552075386 0.2885886285587212 -0.29313619110050615 0.0 0.0 0.0 -0.16305838484297405 0.9866164214791889
1629013138.044185638 0.5372075916080729 -0.3781134090255804 0.0 0.0 0.0 -0.20136541553353698 0.9795161915083416
1629013138.545035839 0.7660953375040286 -0.4868946452207169 0.0 0.0 0.0 -0.22709274602439167 0.9738731358360293
1629013138.945878506 0.9763821259242904 -0.5600193995043407 0.0 0.0 0.0 -0.2388003905632848 0.9710686759785956
1629013139.446808338 1.1536533422155177 -0.6498938653292168 0.0 0.0 0.0 -0.24916008300848147 0.9684623136886673
1629013139.847644329 1.2493846516762699 -0.7192990048740614 0.0 0.0 0.0 -0.25657528035339233 0.9665242498311039
1629013140.047982454 1.2894136318521356 -0.7566911959949807 0.0 0.0 0.0 -0.26048270623017217 0.9654785133574987
1629013140.248363495 1.362295984305518 -0.7758373075350092 0.0 0.0 0.0 -0.2632153178224425 0.9647371126185779
1629013140.649135590 1.4801510682930035 -0.8173229239317545 0.0 0.0 0.0 -0.26477731206762434 0.9643095846325722
1629013141.250308990 1.61980926762977 -0.9123051738019935 0.0 0.0 0.0 -0.2602951487748515 0.9655290961562359
1629013141.751293659 1.787389439272727 -1.0150120970334742 0.0 0.0 0.0 -0.24895263210161683 0.9685156617059308
1629013142.853490353 2.1622877856743465 -1.1781625551648778 0.0 0.0 0.0 -0.19445326129461687 0.9809117846024114
1629013143.053889513 2.2593493993635168 -1.2093830294390007 0.0 0.0 0.0 -0.1752765261291854 0.9845192427718642
1629013143.154386997 2.2832871863706945 -1.2357945640376151 0.0 0.0 0.0 -0.1637083532215061 0.9865087810483506
1629013143.254235268 2.297447518480581 -1.2549906121135244 0.0 0.0 0.0 -0.15134875141170417 0.988480427447159
1629013143.354449272 2.299298972869558 -1.266124667088213 0.0 0.0 0.0 -0.13737098323214014 0.9905196681367994
1629013143.454634190 2.3037885838374104 -1.2815782823147976 0.0 0.0 0.0 -0.1234846143348571 0.9923464868797448
1629013144.055785656 2.375141870494053 -1.403447947376901 0.0 0.0 0.0 -0.050578163897876706 0.9987201056035268
1629013144.256221533 2.4026749147999573 -1.4139534779599316 0.0 0.0 0.0 -0.015277818822903006 0.9998832873150819
1629013144.357876301 2.406276016234523 -1.4185352384477097 0.0 0.0 0.0 0.003735934744867245 0.9999930213714404
1629013144.656959772 2.4259210280115964 -1.4376751780164925 0.0 0.0 0.0 0.05580433051457187 0.9984417242362322
1629013144.757164955 2.42896210055984 -1.4408517990762377 0.0 0.0 0.0 0.07321403484526386 0.9973162512972886
1629013144.957559347 2.444598125064378 -1.448723894258627 0.0 0.0 0.0 0.10712493397224393 0.9942455675141039
1629013145.057746887 2.4451762316714527 -1.4467445232659428 0.0 0.0 0.0 0.12558546064306128 0.9920828050495937
1629013145.157940865 2.4442914351645992 -1.4387240377380428 0.0 0.0 0.0 0.14254063892139712 0.9897889503605705
1629013145.258138657 2.4441632821829873 -1.4300636113254264 0.0 0.0 0.0 0.15937738146122862 0.9872177319510433
1629013145.658915520 2.5194117039046406 -1.3933803545972567 0.0 0.0 0.0 0.22746341123455457 0.9737866278346299
1629013145.859305143 2.5614260828370004 -1.3419341370429934 0.0 0.0 0.0 0.2535693524954281 0.9673172093346883
1629013145.959497690 2.5809358813226964 -1.3222196466897507 0.0 0.0 0.0 0.26149773868331694 0.9652040886069182
1629013146.260293722 2.647576792089572 -1.256072825676026 0.0 0.0 0.0 0.26768226318797056 0.9635072423051972
1629013146.360308409 2.6683277420961926 -1.2238503394524953 0.0 0.0 0.0 0.26675603313244395 0.9637640887621007
1629013146.761072397 2.7456107485395713 -1.1306774838262372 0.0 0.0 0.0 0.2502710015027386 0.9681758238082668
1629013146.861275196 2.756028942347381 -1.1093409703371775 0.0 0.0 0.0 0.2450030685968324 0.9695223031875728
1629013146.961471319 2.759238201766124 -1.0917092366033818 0.0 0.0 0.0 0.23932053804358455 0.9709406161401063
1629013147.363122463 2.7985949540193134 -1.0110959590329833 0.0 0.0 0.0 0.2137276473565199 0.9768932862679767
1629013147.662840843 2.870608252252506 -0.9570742942218478 0.0 0.0 0.0 0.19286673939119392 0.9812249593424585
1629013147.963420868 2.9673584651405003 -0.91640402657186 0.0 0.0 0.0 0.17401729727597529 0.9847425959349808
1629013148.163911819 3.031716143107811 -0.8802045466549663 0.0 0.0 0.0 0.1610633099326882 0.9869440765279088
1629013148.464430809 3.0847846242640604 -0.8578618454197217 0.0 0.0 0.0 0.14302534082015195 0.9897190267360123
1629013148.564584255 3.1037492371490036 -0.8361627967375064 0.0 0.0 0.0 0.1371511499791924 0.9905501310178022
1629013148.967636585 3.143699653076914 -0.8079717385988202 0.0 0.0 0.0 0.11306623397037877 0.9935874529882891
1629013149.566569805 3.272267769059443 -0.7596437177575749 0.0 0.0 0.0 0.0919527722179336 0.9957633693209631
1629013150.267954588 3.523528700724105 -0.7039283691575037 0.0 0.0 0.0 0.10027572592262823 0.9949596870178661
1629013150.368111134 3.598095965512449 -0.6883781039739792 0.0 0.0 0.0 0.10446811351990234 0.9945282365310664
1629013150.468353271 3.617846354699236 -0.6890867218553063 0.0 0.0 0.0 0.10915629089777266 0.9940245993723902
1629013150.571737289 3.6244868528343472 -0.6921022750747302 0.0 0.0 0.0 0.11586604891368697 0.9932648482198145
1629013150.668736935 3.6239295858321023 -0.6860119621320516 0.0 0.0 0.0 0.12371272109137055 0.992318075336819
1629013150.768898010 3.6238982394568384 -0.6857815516524886 0.0 0.0 0.0 0.13310724562106846 0.9911016401778238
1629013150.869095564 3.623918594823332 -0.6842064675141375 0.0 0.0 0.0 0.14272510028782157 0.989762368322736
1629013151.470263958 3.621713058861566 -0.6394955704742362 0.0 0.0 0.0 0.2088598325123544 0.9779455866063874
1629013151.570468903 3.621822235315097 -0.637971628001872 0.0 0.0 0.0 0.21932459506743976 0.9756519471607196
1629013151.770849705 3.6211644962466516 -0.6134850607955826 0.0 0.0 0.0 0.24154988287369952 0.9703884037248703
1629013151.971232891 3.619717850125384 -0.5798683157110555 0.0 0.0 0.0 0.26402244395545804 0.9645165364511834
1629013152.171621323 3.621048953428266 -0.5644401257593377 0.0 0.0 0.0 0.2858380723892067 0.9582779327381085
1629013152.672604084 3.6384967889874313 -0.467056267860928 0.0 0.0 0.0 0.340836969112705 0.9401224178191184
1629013152.772806168 3.647567944724289 -0.4384212546311776 0.0 0.0 0.0 0.35124348133328065 0.9362841538875243
1629013152.872993946 3.645303324119854 -0.4182106641239986 0.0 0.0 0.0 0.3624665119932396 0.9319967959620111
1629013153.073383331 3.66884319445073 -0.37045126972187165 0.0 0.0 0.0 0.3843842973614719 0.9231731754887204
1629013153.574472904 3.8255843206444715 -0.19419897864564326 0.0 0.0 0.0 0.4386570917072411 0.8986545253293643
1629013153.874973774 3.903406879743297 -0.08143394789311943 0.0 0.0 0.0 0.4701163296823424 0.8826044621267236
1629013153.975163460 3.9224653330067367 -0.046459779987562316 0.0 0.0 0.0 0.48057653873067363 0.8769527868828774
1629013154.278061152 3.9875687012641516 0.08113647036480917 0.0 0.0 0.0 0.5109456995277544 0.8596129897425316
1629013154.375954628 3.9936971767278173 0.11532038180376342 0.0 0.0 0.0 0.5210275272437382 0.8535398736170886
1629013154.576766491 4.037121114422547 0.19664598922153906 0.0 0.0 0.0 0.5399643418610126 0.8416878931757327
1629013154.678047657 4.0548483521306515 0.23381795319343526 0.0 0.0 0.0 0.5498342481448367 0.8352737871901657
1629013154.878062725 4.062960554158559 0.3194537061740259 0.0 0.0 0.0 0.5688481686634997 0.8224425578775594
1629013155.377923250 4.082933307085022 0.515380365504152 0.0 0.0 0.0 0.6153565205759115 0.7882489153717294
1629013155.578306198 4.0918142807226925 0.6006835833075356 0.0 0.0 0.0 0.6327797482401797 0.774331834691752
1629013155.778695822 4.087763626872808 0.6877785008412045 0.0 0.0 0.0 0.6501829172962831 0.7597777135821336
1629013155.878878117 4.084840628243959 0.7286228033301516 0.0 0.0 0.0 0.6589891537335921 0.752152441504702
1629013155.979108810 4.081467090507279 0.7713747981534224 0.0 0.0 0.0 0.6676524707866652 0.7444730876616436
1629013156.079273701 4.077548694727888 0.8123745242595939 0.0 0.0 0.0 0.67554032723801 0.7373230406512211
1629013156.279649734 4.073008949929213 0.8997189540705631 0.0 0.0 0.0 0.6921856183698922 0.7217195228909149
1629013156.379860163 4.069040832918601 0.9408547186905787 0.0 0.0 0.0 0.6998278486544639 0.7143115442491915
1629013156.480060577 4.065204374739937 0.9813366987767425 0.0 0.0 0.0 0.7075765176435692 0.7066367324724917
1629013156.581030369 4.064927641405091 1.0234598311902825 0.0 0.0 0.0 0.715582786415696 0.6985279348641316
1629013156.680430412 4.060806128904921 1.0641570110140146 0.0 0.0 0.0 0.7238922897962264 0.6899130037719075
1629013156.780653477 4.0577877568505105 1.1071835754909305 0.0 0.0 0.0 0.7323757238317846 0.6809007263484667
1629013157.181401730 4.048701092758389 1.2835812984318395 0.0 0.0 0.0 0.7651967194788594 0.6437965365694287
1629013157.686052322 4.027193190193682 1.5069095828544503 0.0 0.0 0.0 0.8058389517619081 0.5921347682945742
1629013157.982985973 4.0086914178826785 1.652552722391612 0.0 0.0 0.0 0.8297116726440015 0.5581922072891141
1629013158.684444427 3.9738613338496167 1.9653657490351337 0.0 0.0 0.0 0.8806895363570819 0.47369393130073784
1629013158.784572601 3.9763952628503714 2.050549878317277 0.0 0.0 0.0 0.8932432600513474 0.4495736628994641
1629013158.984942913 3.9666289446386167 2.134694160141099 0.0 0.0 0.0 0.9037921102403383 0.42797175311849267
1629013159.085130692 3.9641045820904623 2.1634217913584055 0.0 0.0 0.0 0.9066144851837983 0.421959921384622
1629013159.485904694 3.942459375303159 2.2967471960021713 0.0 0.0 0.0 0.9075451332518389 0.41995455838804974
1629013159.686296701 3.941958517604163 2.3266738709111228 0.0 0.0 0.0 0.9060752233867547 0.42311663825078144
1629013159.886710405 3.9420549215076712 2.3421044337523047 0.0 0.0 0.0 0.9054086393243137 0.4245411591788185
1629013160.187287807 3.943273579678597 2.321555772827955 0.0 0.0 0.0 0.9070341937456414 0.4210569692763608
1629013160.287604094 3.943944070619357 2.31070061811136 0.0 0.0 0.0 0.908097110971387 0.4187596411372762
1629013160.490854502 3.9483527728354066 2.278925251974104 0.0 0.0 0.0 0.9119934158728917 0.4102048383484705
1629013160.588062286 3.9517625760742083 2.253144980984321 0.0 0.0 0.0 0.9147165883374855 0.40409598243515243
1629013160.788452625 3.961314447454967 2.173737440952209 0.0 0.0 0.0 0.9227308352232547 0.38544494513249855
1629013161.089177847 3.9898982418583135 2.034488777519107 0.0 0.0 0.0 0.9381092484735664 0.3463394836404889
1629013161.590049744 4.062938471753634 1.8077977104033267 0.0 0.0 0.0 0.9644922630572674 0.26411110257365344
1629013161.790414810 4.102676220601502 1.7168899340404336 0.0 0.0 0.0 0.9700726686207073 0.24281478042965038
1629013161.990804672 4.163054854775484 1.6362426329891404 0.0 0.0 0.0 0.969013129557707 0.24700921995905017
1629013162.391571283 4.280085354257624 1.5337756410353556 0.0 0.0 0.0 0.9609602703810982 0.276686390610537
1629013162.792377234 4.307962364222328 1.516092464280288 0.0 0.0 0.0 0.9591549665067272 0.2828811591914157
1629013162.992767334 4.304338749266012 1.530457476086205 0.0 0.0 0.0 0.9608858409050968 0.2769447611855208
1629013163.794341564 4.261656887440557 1.6471909745135238 0.0 0.0 0.0 0.9762692382132186 0.21656032535665837
1629013163.994716644 4.213688519310166 1.6810262134334952 0.0 0.0 0.0 0.9808705319556071 0.1946612430380644
1629013164.297129869 4.186321210388438 1.7336709724378 0.0 0.0 0.0 0.9869199326376167 0.16121118622031827
1629013164.395480871 4.183230619872171 1.7521358689322397 0.0 0.0 0.0 0.9887014812023103 0.14989790214795415
1629013164.796288013 4.128980367831248 1.8026337398259753 0.0 0.0 0.0 0.9940737576881853 0.10870770108732408
1629013165.197075605 4.018893925974811 1.830037911104874 0.0 0.0 0.0 0.99728883161931 0.0735865906765045
1629013165.597881317 3.9189014393871977 1.8445136750707904 0.0 0.0 0.0 0.9990835593461489 0.04280235325575082
1629013165.898430824 3.846289490767407 1.848233700308637 0.0 0.0 0.0 0.9997558983009167 0.022093976838205808
1629013165.998615742 3.8128200371254755 1.84598381938163 0.0 0.0 0.0 0.9998904513230451 0.014801532116547547
1629013166.299229145 3.758317808737092 1.8561204523568389 0.0 0.0 0.0 -0.9999579826818777 0.009166944463101023
1629013167.200989485 3.6702401132720963 1.8517148191272348 0.0 0.0 0.0 -0.9957716941068251 0.09186257788470586
1629013167.902340412 3.4537477755176615 1.7887994627412687 0.0 0.0 0.0 -0.9824606119463151 0.18647022811717703
1629013168.102773190 3.368183855211838 1.7555028232030518 0.0 0.0 0.0 -0.977016474578559 0.21316380650120692
1629013168.206339836 3.3659198899105296 1.740042474104162 0.0 0.0 0.0 -0.9741952373738405 0.22570697702580322
1629013168.403431416 3.3536662249269353 1.7100968257100486 0.0 0.0 0.0 -0.9682882195789269 0.24983579372194037
1629013168.603710651 3.3486787414126593 1.6765755961164872 0.0 0.0 0.0 -0.9617206847217735 0.2740316123703305
1629013168.804109335 3.3308356457421238 1.6391623048951465 0.0 0.0 0.0 -0.9545766900652866 0.2979653382257771
1629013169.004486561 3.3250158043897198 1.601609126910442 0.0 0.0 0.0 -0.9470348911285356 0.3211306820986791
1629013169.305072069 3.2979506097845204 1.5354576585756017 0.0 0.0 0.0 -0.9345077476309361 0.35594278981004035
1629013169.605694056 3.271028279364243 1.4625857287390147 0.0 0.0 0.0 -0.9216546771340749 0.3880111546294568
1629013169.705881596 3.2659471933518875 1.4390220436014387 0.0 0.0 0.0 -0.9180025826804118 0.39657440435824115
1629013169.806046009 3.2654346711503184 1.4128205110504914 0.0 0.0 0.0 -0.9154677149428329 0.40239142995017685
1629013170.010056734 3.2605896971637627 1.3587753496879893 0.0 0.0 0.0 -0.9108397431053076 0.41276017538015614
1629013170.106631994 3.260050293563599 1.3320165834326039 0.0 0.0 0.0 -0.9092770094436202 0.41619144644894696
1629013170.206834793 3.258911710207676 1.3086605669993723 0.0 0.0 0.0 -0.9076204783985938 0.41979169500063684
1629013170.307057381 3.256709815487953 1.2808606972926153 0.0 0.0 0.0 -0.9063549009336925 0.4225172109553367
1629013170.407232761 3.2552517581000853 1.2504376277126092 0.0 0.0 0.0 -0.905808307002017 0.4236877517301388
1629013170.507467270 3.251707004310065 1.2204983890593926 0.0 0.0 0.0 -0.9056290637293253 0.4240707475513321
1629013170.707806826 3.2472993276431823 1.1599673443439924 0.0 0.0 0.0 -0.9077655962348433 0.41947779713877503
1629013171.009956837 3.225370666251914 1.0691316267354258 0.0 0.0 0.0 -0.9137755850870356 0.40621937435189587
1629013171.108597279 3.221041590982913 1.0370082968652596 0.0 0.0 0.0 -0.9159252345305507 0.4013489314177323
1629013171.309024096 3.2102898712565486 0.9669037792936386 0.0 0.0 0.0 -0.9212409236623538 0.3889924942331578
1629013171.509395123 3.1990733827947015 0.9009859864497244 0.0 0.0 0.0 -0.9265681645299942 0.3761268888015286
1629013171.709802628 3.1881688427953963 0.8367171238034473 0.0 0.0 0.0 -0.9319000017099844 0.3627152971862794
1629013172.310935020 3.125185089584665 0.6453051242536624 0.0 0.0 0.0 -0.9473874371667919 0.3200891186818729
1629013172.411147356 3.1010182536250106 0.6066949300022988 0.0 0.0 0.0 -0.9501551272282308 0.31177753960461047
1629013172.611762047 3.0531966632019265 0.5432633869835646 0.0 0.0 0.0 -0.9549166012396622 0.2968741899810289
1629013172.811977863 2.997564308658173 0.4826584511019937 0.0 0.0 0.0 -0.9596638566210044 0.28114992849954673
1629013173.112493277 2.8835685565067664 0.38591633913541984 0.0 0.0 0.0 -0.9665850056770202 0.25634630249011736
1629013173.212690830 2.855870897318224 0.36125319135583184 0.0 0.0 0.0 -0.9688049133325529 0.24782461520741764
1629013173.312892914 2.840407151713511 0.3329414272093174 0.0 0.0 0.0 -0.970917448824465 0.2394145099366212
1629013173.413134813 2.8231968745934974 0.31061363435310146 0.0 0.0 0.0 -0.9730263879390012 0.23069384121467196
1629013174.114495277 2.614250161762586 0.151372533808762 0.0 0.0 0.0 -0.9856237032407641 0.16895536573297185
1629013174.314868450 2.5055354608433653 0.10550235978534542 0.0 0.0 0.0 -0.9887496123467315 0.14958009253970975
1629013174.415051937 2.4489250326532765 0.08432008089263204 0.0 0.0 0.0 -0.9900911532790311 0.1404261663601131
1629013174.916043282 2.224327806799646 0.005467038153274234 0.0 0.0 0.0 -0.9955843291539639 0.09387142026757457
1629013175.116446972 2.091809651089006 -0.020782901261095964 0.0 0.0 0.0 -0.9972335651443822 0.0743318003913884
1629013175.216599941 2.0414794848340216 -0.030451659175741417 0.0 0.0 0.0 -0.9979602179501644 0.06383888618123136
1629013175.517198086 1.8777891455862261 -0.054912842773415266 0.0 0.0 0.0 -0.9996211822143943 0.027522573794918417
1629013175.817921162 1.7181678977018278 -0.06449246773449954 0.0 0.0 0.0 0.9999304320999773 0.011795378771055161
1629013176.018274307 1.5862971965764376 -0.07130052248934636 0.0 0.0 0.0 0.9993174219142825 0.03694171434289145
1629013176.218912125 1.4741222249785013 -0.06693455946548842 0.0 0.0 0.0 0.9979638462514543 0.06378214150531333
1629013176.420287848 1.3651334600359397 -0.0632289173079741 0.0 0.0 0.0 0.9959960746047583 0.0893969763018466
1629013176.619600296 1.2609503434050362 -0.04274677260817384 0.0 0.0 0.0 0.9932378529291082 0.11609723299362221
1629013176.820007801 1.1613860225117834 -0.019866817089641692 0.0 0.0 0.0 0.9897899820111231 0.1425334750520755
1629013177.621303797 0.914765081159679 0.14003138419071828 0.0 0.0 0.0 0.9775270007945462 0.21081025287594357
1629013177.721537590 0.8197789569198453 0.16627124153324707 0.0 0.0 0.0 0.9768016821470149 0.21414591696962626
1629013177.921918392 0.7387872841735458 0.2201293978826326 0.0 0.0 0.0 0.9778005514212125 0.2095377809378843
1629013178.122301817 0.6744087231800907 0.26958236308002714 0.0 0.0 0.0 0.98094890563118 0.19426591193771064
1629013178.523101568 0.534149402708494 0.36020765219561135 0.0 0.0 0.0 0.9888730399303566 0.14876192691308945
1629013178.723504305 0.4146946829432565 0.3924476924728078 0.0 0.0 0.0 0.9925431986895241 0.12189339085925757
1629013179.925849915 0.22356188473728283 0.6232973429119889 0.0 0.0 0.0 0.9997201915264119 0.023654569418917068
1629013180.627175808 -0.10690981528172067 0.6227346586093169 0.0 0.0 0.0 -0.9939495077173202 0.10983795386157212
1629013180.828376532 -0.4174809544829495 0.5075818160368737 0.0 0.0 0.0 -0.9814795118263511 0.19156713670436165
1629013181.328547478 -0.7076584737484071 0.35210984456396177 0.0 0.0 0.0 -0.9542513160157419 0.2990057288451591
1629013181.428739548 -0.9395771860317497 0.19090303558091204 0.0 0.0 0.0 -0.9375616288553066 0.3478191945511121
1629013181.629146099 -0.9995380492157195 0.10201305878704989 0.0 0.0 0.0 -0.9208772200972877 0.3898527228401664
1629013181.832266808 -1.0263954182211807 0.005660102015009466 0.0 0.0 0.0 -0.9029598495806944 0.4297249236956239
1629013182.330725193 -1.0475973396126992 -0.2238709139285685 0.0 0.0 0.0 -0.8592589935512178 0.5115407921186229
1629013182.531440973 -1.0531662558037655 -0.34105600960013577 0.0 0.0 0.0 -0.8518155667995692 0.5238418083333256
1629013182.734062195 -1.0515747445027028 -0.47255468131858136 0.0 0.0 0.0 -0.8611308294245822 0.5083834130009861
1629013182.831467628 -1.057686959688448 -0.5366597792200349 0.0 0.0 0.0 -0.8661735098901293 0.4997433849133114
1629013183.132084608 -1.0695602973996716 -0.717563394991757 0.0 0.0 0.0 -0.8842896132221789 0.4669388396218173
1629013183.634452820 -1.1037002475189182 -1.0065697370000586 0.0 0.0 0.0 -0.9131934021592525 0.4075264534392947
1629013184.033816814 -1.2639006663879082 -1.2141028536748955 0.0 0.0 0.0 -0.9341936072931654 0.35676645595204604
1629013184.635001659 -1.5633722978829254 -1.5053874131618008 0.0 0.0 0.0 -0.9551097438713463 0.29625221883052827
1629013184.835386753 -1.683306663672784 -1.5994582795689773 0.0 0.0 0.0 -0.9532479762837163 0.30218917206114376
1629013185.035778046 -1.7558318854370936 -1.6702222950979604 0.0 0.0 0.0 -0.9474037991284506 0.32004068709615396
1629013185.737141132 -1.7607878794878453 -1.7009115887013384 0.0 0.0 0.0 -0.9412581266495754 0.33768793140432474
1629013186.238120079 -1.7620225175019324 -1.681071124930491 0.0 0.0 0.0 -0.9565758974026892 0.2914833657487848
1629013186.538707733 -1.7401291117032838 -1.5885851100818744 0.0 0.0 0.0 -0.9751373421350998 0.2216013627523378
1629013186.638895512 -1.7340916525377015 -1.5603436765679106 0.0 0.0 0.0 -0.980951191982874 0.19425436661084042
1629013187.039713860 -1.5675889245095238 -1.4581057799638848 0.0 0.0 0.0 -0.9939585075276363 0.10975648187434714
1629013188.142455101 -1.2572659446469514 -1.3805193201567096 0.0 0.0 0.0 -0.9965173982344089 0.08338510068426191
1629013188.542624950 -1.3460589318382572 -1.3939005027397706 0.0 0.0 0.0 -0.9993076178032103 0.03720598070838903
1629013188.642812967 -1.4256757720885884 -1.4088171568120953 0.0 0.0 0.0 -0.9997451088120091 0.02257692198826466
1629013189.150118589 -1.6200941503331125 -1.41177685552172 0.0 0.0 0.0 0.9984323590300629 0.05597163961921881
1629013189.346075773 -1.7691717641787068 -1.4065148927523397 0.0 0.0 0.0 0.9962391554435235 0.08664609143622677
1629013189.945374012 -2.0002327652114102 -1.3437590812668603 0.0 0.0 0.0 0.9857714195297523 0.16809136931531296
1629013190.145747185 -2.0911460827687467 -1.3156630948444747 0.0 0.0 0.0 0.9808145587234552 0.19494307219317575
1629013190.446377039 -2.1554879398121582 -1.2617203031811348 0.0 0.0 0.0 0.9716987272219053 0.23622358797404058
1629013191.448290825 -2.2567593725332795 -1.1438066379895122 0.0 0.0 0.0 0.9399522848123597 0.34130587788086025
1629013191.548486233 -2.2788270967535276 -1.0898319271598156 0.0 0.0 0.0 0.9307278835145774 0.36571246471575897
1629013191.949263096 -2.3524416395459284 -0.9190488858380408 0.0 0.0 0.0 0.9025786197309654 0.43052506919405437
1629013192.049455166 -2.374055764785408 -0.8674730151417726 0.0 0.0 0.0 0.8946153933777526 0.4468369925728719
1629013192.249902725 -2.422697186154671 -0.7668559832516191 0.0 0.0 0.0 0.8777691070068899 0.4790839120491598
1629013192.851044893 -2.5137619280944365 -0.49913431312710904 0.0 0.0 0.0 0.8216502673308057 0.5699919632724795
1629013193.051414251 -2.571243755683595 -0.35008056264577886 0.0 0.0 0.0 0.7972676126428936 0.6036260049324425
1629013193.151612282 -2.591402773574352 -0.28337637218050754 0.0 0.0 0.0 0.7856417760182659 0.618681662711014
1629013193.251803398 -2.6083706658358543 -0.22237941761895666 0.0 0.0 0.0 0.7731962503925488 0.6341668221997293
1629013193.354059696 -2.6219507084604334 -0.15937448480906322 0.0 0.0 0.0 0.761068285732409 0.648671769427599
1629013193.452210426 -2.633943847903526 -0.0999556252916865 0.0 0.0 0.0 0.7480962213357982 0.6635902678785309
1629013193.552470684 -2.643784174656108 -0.036583974221815 0.0 0.0 0.0 0.7350893585122252 0.6779702316489162
1629013194.253760338 -2.6731520570700877 0.06521695800340914 0.0 0.0 0.0 0.6827107802436474 0.7306887097383605
1629013194.554497957 -2.688682908124862 0.24897520080692698 0.0 0.0 0.0 0.636516557180872 0.771263037124566
1629013194.854950905 -2.656491099864708 0.4392113200982234 0.0 0.0 0.0 0.5870604718159232 0.8095430825047334
1629013195.957142353 -2.508245582732698 0.6985213227743361 0.0 0.0 0.0 0.5005273451129856 0.8657207267901966
1629013196.458153248 -2.360824774581623 0.9726181016834333 0.0 0.0 0.0 0.40355864301081046 0.9149537811557878
1629013197.259631634 -2.164134398837791 1.2403651507931501 0.0 0.0 0.0 0.25130820429140693 0.9679071166469583
1629013197.359828949 -1.903840289561571 1.4427453092899019 0.0 0.0 0.0 0.14316262569419924 0.9896991778335186
1629013197.760605812 -1.6357374656158354 1.5366454793556743 0.0 0.0 0.0 0.05819798914751228 0.9983050606198418
1629013198.161396980 -1.3656607631734001 1.5638681242371282 0.0 0.0 0.0 -0.029006509557788333 0.9995792226748583
1629013198.562168837 -1.0717013099148172 1.556531915375151 0.0 0.0 0.0 -0.1145827704916614 0.9934137047104068
1629013199.163362503 -0.6924347152785066 1.4045442687257748 0.0 0.0 0.0 -0.2152519061930541 0.9765585578347346
1629013199.263733149 -0.45821021692317937 1.4231498260765931 0.0 0.0 0.0 -0.25682598236695603 0.966457663212025
1629013199.363727808 -0.3837920521204273 1.4003553879318549 0.0 0.0 0.0 -0.2563254190302905 0.9665905439010595
1629013199.865200996 -0.060721753992981464 1.2414659175154013 0.0 0.0 0.0 -0.21667689306320717 0.9762433733513767
1629013200.065204859 0.07415019578210358 1.1904397373104563 0.0 0.0 0.0 -0.1872150336706146 0.9823189559240474
1629013200.767469406 0.4290751187933947 1.048220847909039 0.0 0.0 0.0 -0.09527290919646487 0.9954511905529282
1629013201.067073822 0.6082699066791888 1.0274733771644426 0.0 0.0 0.0 -0.05762954341940063 0.9983380368017997
1629013201.267458916 0.7043906177575217 1.0152978614276977 0.0 0.0 0.0 -0.03617311900213372 0.9993455385709477
1629013201.467884541 0.7710365121471128 0.999476769230814 0.0 0.0 0.0 -0.01517711442503541 0.9998848209657597
1629013201.568065166 0.807597086201922 0.9920476136897225 0.0 0.0 0.0 -0.004938134615312972 0.99998780733893
1629013201.768421173 0.8542015595994232 0.9751290065993282 0.0 0.0 0.0 0.014642591495279009 0.9998927915103211
1629013201.868645191 0.8711712382648809 0.9616517140401254 0.0 0.0 0.0 0.025602423253099225 0.9996722042367534
1629013202.169236660 0.9216793975563642 0.9413724257621731 0.0 0.0 0.0 0.05483803067076078 0.9984952630794763
1629013202.369596958 0.9499106996398129 0.9305830480671333 0.0 0.0 0.0 0.07046323970664657 0.9975143767635851
1629013202.670295238 0.9986090212445626 0.9210075923330849 0.0 0.0 0.0 0.09046036444992327 0.9959000564632914
1629013202.870672941 1.0157970915915957 0.9129794266390612 0.0 0.0 0.0 0.09021722209418724 0.9959221118328522
1629013203.171209335 1.0471415235305055 0.8986121571731358 0.0 0.0 0.0 0.07249004076543064 0.9973691362729379
1629013203.571948051 1.1293536652931486 0.8857891362672905 0.0 0.0 0.0 0.028812759179534745 0.9995848262696179
1629013203.878424644 1.2461986058431131 0.871366487023002 0.0 0.0 0.0 -0.00603316530478493 0.9999818002925879
1629013204.072945595 1.2719348436478377 0.8550090759363401 0.0 0.0 0.0 -0.0267590164951206 0.9996419134051022
1629013204.573929071 1.4617625895002924 0.8098753755466761 0.0 0.0 0.0 -0.05118500142009609 0.9986891887016824
1629013205.475691319 1.8405567507697906 0.7297710064635196 0.0 0.0 0.0 -0.07119623221853144 0.9974623283702924
1629013205.878082752 2.042104997936264 0.7107288969789382 0.0 0.0 0.0 -0.07952345240474676 0.9968329952994283
1629013206.076845169 2.141553614442682 0.706151790823315 0.0 0.0 0.0 -0.08488467527899374 0.9963907827267271
1629013206.377456665 2.2831732036199397 0.6932063343881997 0.0 0.0 0.0 -0.09053353217194016 0.9958934077261845
1629013206.477707386 2.310811107100391 0.673898454539405 0.0 0.0 0.0 -0.09185403012152069 0.9957724826236336
1629013207.078907251 2.5961352791133416 0.5949576322221592 0.0 0.0 0.0 -0.091210806288195 0.995831606656596
1629013207.379912376 2.750413418188447 0.6049672283486536 0.0 0.0 0.0 -0.06835202489182424 0.9976612655070796
1629013207.580000401 2.8373341215956507 0.5884800209166612 0.0 0.0 0.0 -0.04809968086503412 0.998842540494087
1629013208.080886364 3.0175584406970852 0.5124413492256996 0.0 0.0 0.0 0.009145018209671523 0.9999581834466603
1629013208.481552601 3.1851655131672283 0.5253706996985498 0.0 0.0 0.0 0.06695384930408886 0.9977560734284534
1629013209.383306265 3.355288780165872 0.5356670572428797 0.0 0.0 0.0 0.17757499301926807 0.984107271517799
1629013209.483502388 3.4707030417243314 0.49307750162142966 0.0 0.0 0.0 0.2509354113139518 0.9680038323006257
1629013209.784077168 3.536667148567168 0.5278063431478975 0.0 0.0 0.0 0.2955549113193095 0.9553257530261785
1629013209.986763000 3.592484418596115 0.5787192988902897 0.0 0.0 0.0 0.32455067880066596 0.9458683084288356
1629013210.385328293 3.686296491563463 0.6752541708455402 0.0 0.0 0.0 0.38062573585486636 0.9247291761402046
1629013210.786072731 3.77425841364646 0.7976735355416853 0.0 0.0 0.0 0.44163588296382333 0.8971943751934495
1629013211.487395525 3.9438407838830285 1.0779643150056732 0.0 0.0 0.0 0.5439230042501232 0.8391351294323939
1629013211.687815666 4.057615227568264 1.3020942806641513 0.0 0.0 0.0 0.600289185693399 0.799783029039474
1629013212.089605808 4.097791570484718 1.5052299580283919 0.0 0.0 0.0 0.6548003980057479 0.7558018515269159
1629013212.489371300 4.117301370182865 1.7428751411369139 0.0 0.0 0.0 0.6786364275976706 0.7344743692855943
1629013212.790127516 4.123038977037556 1.9286158183335278 0.0 0.0 0.0 0.6687393582440722 0.7434969204612125
1629013213.491334200 4.103232035462366 2.190108758313129 0.0 0.0 0.0 0.6215973567613572 0.7833369173397192
1629013213.691732168 4.108352908599016 2.288928835696395 0.0 0.0 0.0 0.5958628593321922 0.8030862051289788
1629013213.992370605 4.165297847701901 2.4573020826708865 0.0 0.0 0.0 0.5556448286034783 0.8314197642864951
1629013214.192687035 4.166808096889186 2.532264229852426 0.0 0.0 0.0 0.5282888532256618 0.8490647134097113
1629013214.394271851 4.1790603689137775 2.5991215581318694 0.0 0.0 0.0 0.5006043995636248 0.8656761722131103
1629013214.793873310 4.1539584706249535 2.6842523080144303 0.0 0.0 0.0 0.4474186009549156 0.8943246589016463
1629013215.094453812 4.143227909159512 2.7406872600881984 0.0 0.0 0.0 0.40404142026428186 0.9147406904204174
1629013215.595432520 4.127955398291192 2.789701169489147 0.0 0.0 0.0 0.33092131763326615 0.9436583500059028
1629013215.695641518 4.12591842287549 2.7938693349390076 0.0 0.0 0.0 0.31452730234660453 0.9492484269560669
1629013215.795802355 4.1289857528865666 2.79014189675524 0.0 0.0 0.0 0.2988764500612072 0.9542918146975854
1629013215.996199131 4.171561481756956 2.8316253364129973 0.0 0.0 0.0 0.2662103892569628 0.9639149488682373
1629013216.196589470 4.2617833865784975 2.88823731802871 0.0 0.0 0.0 0.23335419657761675 0.9723918032046625
1629013216.497184753 4.389883376553658 2.950408489251952 0.0 0.0 0.0 0.18255491784982525 0.9831956580298977
1629013216.597385406 4.43570609884749 2.971037848401154 0.0 0.0 0.0 0.16548140088489452 0.9862129110700046
1629013217.098364115 4.593487224369871 2.997986119540359 0.0 0.0 0.0 0.0864828122144718 0.9962533428759356
1629013217.499140263 4.809613951010041 3.036860782166381 0.0 0.0 0.0 0.015946202617582332 0.9998728512276344
1629013217.599331856 4.880179834373074 3.036871566436196 0.0 0.0 0.0 -0.002708205989668077 0.9999963328034346
1629013217.799716949 4.996400620544048 3.03675883900437 0.0 0.0 0.0 -0.04082449550887445 0.9991663327827084
1629013218.100379467 5.20175804860497 3.033308629548874 0.0 0.0 0.0 -0.09873120342346879 0.9951141389160107
1629013218.200509548 5.288480035200768 3.0525967770862277 0.0 0.0 0.0 -0.11833070632176758 0.9929742413282389
1629013219.406359673 5.49872060954647 3.0164315899299914 0.0 0.0 0.0 -0.16003413330855246 0.9871114811287428
1629013219.503051281 5.56357587073981 2.9976880375692527 0.0 0.0 0.0 -0.18005363556516057 0.983656793968185
1629013219.804655790 5.74585080866256 2.930374716579562 0.0 0.0 0.0 -0.2381324211689953 0.9712326961074736
1629013220.204417229 5.968640414426752 2.8199272959276307 0.0 0.0 0.0 -0.30118635131034743 0.9535653002203677
1629013220.806005239 6.259590354506374 2.7305984916931614 0.0 0.0 0.0 -0.2873455434774138 0.9578269878447098
1629013221.106210232 6.312779771929273 2.704295729839563 0.0 0.0 0.0 -0.27694163453145776 0.9608867420581078
1629013221.406772852 6.274448037389359 2.725566737981934 0.0 0.0 0.0 -0.29030701239440476 0.9569335601569395
1629013221.607167244 6.19954997931461 2.76016468172569 0.0 0.0 0.0 -0.31253485708509293 0.9499062917502971
1629013221.707352638 6.15887302836394 2.7871782479234 0.0 0.0 0.0 -0.32560552335008197 0.9455057076315929
1629013221.807577133 6.106144413736033 2.8175068253597786 0.0 0.0 0.0 -0.34168944820708635 0.9398129180767505
1629013221.907737732 6.052256399945256 2.838471894379543 0.0 0.0 0.0 -0.3580981193465964 0.9336839598710213
1629013223.711259842 5.885453671371088 2.8686879413178463 0.0 0.0 0.0 -0.39908058869835056 0.9169158542222825
1629013223.911646843 5.770616081300589 2.9353789998074657 0.0 0.0 0.0 -0.43670200863973146 0.8996062225496353
1629013224.012077093 5.732761970160289 2.9935459069495445 0.0 0.0 0.0 -0.4563524467442977 0.8897991033657502
1629013224.212237358 5.666900549174723 3.057039928417042 0.0 0.0 0.0 -0.4917145967631242 0.8707564270966239
1629013224.813429356 5.477201891386609 3.242257827652039 0.0 0.0 0.0 -0.49575960392555873 0.868459794760571
1629013225.014685154 5.390656026355 3.3739175924254523 0.0 0.0 0.0 -0.4750457100939296 0.8799611203464357
1629013225.114006281 5.347346972780048 3.4380672853521523 0.0 0.0 0.0 -0.46304521396059334 0.8863346601753699
1629013225.314388275 5.26487933547692 3.537505703243753 0.0 0.0 0.0 -0.43592932326550066 0.8999809026403186
1629013225.514781952 5.165380978013059 3.6534906115376984 0.0 0.0 0.0 -0.40699223729553746 0.9134316169156687
1629013225.614995480 5.118038764407026 3.7060655771526485 0.0 0.0 0.0 -0.39160744419468224 0.9201323870244481
1629013225.715173721 5.072130938689211 3.743103433462695 0.0 0.0 0.0 -0.3741403967253266 0.9273720739477845
1629013225.816148996 5.02121029370955 3.777327550168916 0.0 0.0 0.0 -0.3581138296535755 0.9336779343064984
1629013225.915573120 4.968071586613505 3.793642558929348 0.0 0.0 0.0 -0.3401478675053755 0.9403719626996253
1629013226.015756130 4.913469222191261 3.8281618961747776 0.0 0.0 0.0 -0.3203018668293499 0.9473155303834269
1629013226.416540146 4.732313454286191 3.8608007128871202 0.0 0.0 0.0 -0.243967620384038 0.9697833779788917
1629013226.618190289 4.600736299752869 3.9152105980367264 0.0 0.0 0.0 -0.20044733654345148 0.979704478540665
1629013226.817325592 4.463290248013489 3.962467207609312 0.0 0.0 0.0 -0.1562650079678778 0.9877151650576188
1629013226.917517185 4.395047995273173 3.9738614200863376 0.0 0.0 0.0 -0.13374139621393152 0.991016265728645
1629013227.318311214 4.1434134740104005 3.951720309885061 0.0 0.0 0.0 -0.050908620996646725 0.99870331545871
1629013227.418504953 4.064654912439073 3.949601399984845 0.0 0.0 0.0 -0.0268707251257067 0.9996389168750978
1629013227.618903399 3.93609361557038 3.9355920928585335 0.0 0.0 0.0 -0.0058429528912958 0.9999829298050593
1629013227.819284201 3.8193613171068987 3.932349293110385 0.0 0.0 0.0 -0.009086355648630908 0.9999587182184205
1629013228.220059395 3.7159104162210115 3.92863213639848 0.0 0.0 0.0 -0.021299526782557827 0.9997731393465416
1629013228.420449734 3.7327775851559113 3.9307936912586197 0.0 0.0 0.0 -0.016350892791667904 0.999866315216647
1629013228.620867252 3.778038565347077 3.9403102703633843 0.0 0.0 0.0 -0.0048326697623940675 0.9999883225833028
1629013228.821250439 3.8499347198477927 3.941625192291287 0.0 0.0 0.0 0.015589263372861647 0.9998784800501966
1629013229.021659851 3.9352022143115497 3.9492376773614177 0.0 0.0 0.0 0.044013242052685204 0.9990309477308557
1629013229.121829271 3.979662551932179 3.9645392517780675 0.0 0.0 0.0 0.05982110124106101 0.9982091142873355
1629013229.222027302 4.029745591499596 3.9706202958636307 0.0 0.0 0.0 0.07662638314698345 0.9970598765399256
1629013229.422421217 4.139580575913442 3.9900650065432495 0.0 0.0 0.0 0.11285503273326145 0.993611464097901
1629013230.023580551 4.395323949035426 4.049093595393003 0.0 0.0 0.0 0.21286864013142381 0.9770808267736085
1629013230.123798370 4.521707813619196 4.051021089662615 0.0 0.0 0.0 0.2509723021626252 0.9679942683441839
1629013230.223979473 4.570817971758479 4.0679701617843085 0.0 0.0 0.0 0.2701272709261553 0.9628246244784081
1629013230.424386501 4.659935881817345 4.1139411651877005 0.0 0.0 0.0 0.30783604292013156 0.951439420393792
1629013230.624771357 4.749327508221831 4.15241625540861 0.0 0.0 0.0 0.3374379316008187 0.9413477796845123
1629013230.724998474 4.79232472916901 4.171238566087331 0.0 0.0 0.0 0.3439685987935789 0.9389811515914375
1629013231.125766754 4.905278836410449 4.248572806136068 0.0 0.0 0.0 0.3365597135815512 0.9416621258147235
1629013231.225924015 4.928531717153356 4.261440180512513 0.0 0.0 0.0 0.3332780989971614 0.9428285680487404
1629013231.426332474 4.925292969220968 4.260847293125682 0.0 0.0 0.0 0.3349454100836909 0.9422375349474612
1629013231.726910353 4.86872974427065 4.208442715280478 0.0 0.0 0.0 0.3550608348982351 0.9348431972910581
1629013231.927503109 4.790605571721068 4.149454277775232 0.0 0.0 0.0 0.3847549345578839 0.9230187648869109
1629013232.027493000 4.744348445770699 4.116701997478006 0.0 0.0 0.0 0.40386590310275383 0.9148181963160752
1629013232.227927685 4.6550731986080205 4.023475877266503 0.0 0.0 0.0 0.4447644613203377 0.8956475724002325
1629013232.328094959 4.605150691803329 3.973136806501873 0.0 0.0 0.0 0.467621662950955 0.8839287190373347
1629013232.428275108 4.553826175960273 3.9125119270510202 0.0 0.0 0.0 0.49155303940245954 0.8708476384845997
1629013232.528468847 4.518095299778764 3.8313862556269522 0.0 0.0 0.0 0.5160446914952983 0.8565616594148505
1629013232.628664970 4.473603709060071 3.75694460063528 0.0 0.0 0.0 0.5395330811754269 0.8419644020487744
1629013232.728875399 4.435733525829846 3.685255635238453 0.0 0.0 0.0 0.5629199997555134 0.826511387625877
1629013233.129659176 4.334218455901352 3.483255260453847 0.0 0.0 0.0 0.6347742804971167 0.7726976205601825
1629013233.430244684 4.296733638913538 3.2923822255130784 0.0 0.0 0.0 0.6808584758927496 0.732415002443971
1629013233.530465126 4.291794477918907 3.23085477426071 0.0 0.0 0.0 0.69340903282289 0.7205441785203903
1629013233.730814695 4.294201641596259 3.1373657886756368 0.0 0.0 0.0 0.7153696487979432 0.6987462097061475
1629013234.632601976 4.296762041155622 2.906911514548104 0.0 0.0 0.0 0.7447195270324386 0.6673775738340186
1629013235.033603668 4.314530651475078 2.7741005382011674 0.0 0.0 0.0 0.7349328208855997 0.6781399182949894
1629013235.133549213 4.317694533004691 2.743475991790147 0.0 0.0 0.0 0.7305687627894248 0.6828391339373638
1629013235.534484386 4.332270307324099 2.566415999530144 0.0 0.0 0.0 0.7069891276094696 0.7072244151908227
1629013236.035361052 4.329331941271523 2.2898229191720163 0.0 0.0 0.0 0.6583121631741364 0.7527450403802002
1629013236.335923672 4.312209368342074 2.089469559140924 0.0 0.0 0.0 0.6223861445614128 0.7827103468448466
1629013236.536616802 4.283792687217134 1.955260026212758 0.0 0.0 0.0 0.5971731317156902 0.8021123679116754
1629013236.736684799 4.245536768676967 1.8295010110781957 0.0 0.0 0.0 0.5701935281596731 0.8215104019090836
1629013237.037281513 4.194223011304672 1.6366950983561983 0.0 0.0 0.0 0.5293648284613061 0.8483942941746674
1629013237.137472868 4.171291754567027 1.5588349281249803 0.0 0.0 0.0 0.5172292018271276 0.8558469213459101
1629013237.237663746 4.1398352865754635 1.50895108211027 0.0 0.0 0.0 0.5083204923774125 0.8611679725983687
1629013237.337888718 4.104914957888743 1.4703518288567874 0.0 0.0 0.0 0.5051669061411368 0.8630216665529272
1629013237.738643646 3.9581394448705103 1.3016065654430968 0.0 0.0 0.0 0.5295211494112587 0.8482967360105657
1629013238.239623070 3.801451084608024 1.1260450474600283 0.0 0.0 0.0 0.5943123824727393 0.8042342892712151
1629013238.441780090 3.7660641459878814 1.0101949856187513 0.0 0.0 0.0 0.6275583379986099 0.7785695424356276
1629013238.640418053 3.745140784978847 0.880869271050584 0.0 0.0 0.0 0.6606150724694002 0.7507248004603612
1629013238.941011429 3.7257738731091288 0.6792185132881087 0.0 0.0 0.0 0.7107513551127534 0.7034433247997912
1629013239.041179180 3.728615643231821 0.6028206121783628 0.0 0.0 0.0 0.7267943968668572 0.6868550827379393
1629013239.141399860 3.733813127762071 0.5363229387349554 0.0 0.0 0.0 0.7427231210923161 0.669598659941079
1629013239.542208195 3.7509316820960676 0.39146235858769385 0.0 0.0 0.0 0.7992806675619261 0.6009579140520256
1629013239.942944527 3.8298011092128976 0.17284222817876962 0.0 0.0 0.0 0.8553414305659022 0.5180647036398792
1629013240.043147087 3.8725449835495547 -0.005389624508908619 0.0 0.0 0.0 0.870244671367133 0.4926197437751665
1629013240.143421173 3.912416465894637 -0.06536079813875695 0.0 0.0 0.0 0.8812810506490204 0.47259254095569336
1629013240.443916321 4.031122682582079 -0.19852928381951662 0.0 0.0 0.0 0.9046912790186514 0.42606770549713874
1629013240.544137478 4.079573552155103 -0.2640897993046287 0.0 0.0 0.0 0.9081138989991691 0.4187232337051851
1629013240.644346952 4.128637919023275 -0.30279696359346076 0.0 0.0 0.0 0.9101015758244902 0.41438523342631256
1629013241.045111418 4.3136954470394775 -0.4245949706812451 0.0 0.0 0.0 0.9049031244152164 0.4256175929441585
1629013241.245482445 4.40367432970773 -0.5141507291666578 0.0 0.0 0.0 0.8933636332630859 0.44933441751437037
1629013241.646275520 4.576364746869434 -0.6908082366499873 0.0 0.0 0.0 0.8644939335275089 0.5026432521124052
1629013241.746649981 4.610234218822436 -0.7695220647797075 0.0 0.0 0.0 0.8563606916718918 0.516378122851113
1629013241.846660614 4.638885375191794 -0.7932275199576445 0.0 0.0 0.0 0.8474140470056587 0.5309326067755599
1629013242.247446537 4.729457896918672 -0.8914982421920676 0.0 0.0 0.0 0.808788378851086 0.5880997859508471
1629013242.347635746 4.752004721981001 -0.9375036559065338 0.0 0.0 0.0 0.7982824093436574 0.6022833178268227
1629013242.748418331 4.795087610397214 -1.0051676478853966 0.0 0.0 0.0 0.7693355804346895 0.6388448674578354
1629013242.948856115 4.8181963409611805 -1.0276572321315052 0.0 0.0 0.0 0.7740273583168188 0.6331521527856373
1629013243.049047709 4.820697842509885 -1.030222155492661 0.0 0.0 0.0 0.7780704176995429 0.6281770650866353
1629013243.550235271 4.856821668409099 -1.0363387058983622 0.0 0.0 0.0 0.8107010949933361 0.5854602758314229
1629013243.750394821 4.8925414644940535 -1.0567872994883676 0.0 0.0 0.0 0.8257158624804346 0.5640862650767098
1629013243.850748301 4.911631804144348 -1.066051808760588 0.0 0.0 0.0 0.8330097777338483 0.5532582671770976
1629013244.051008224 4.9491350700210655 -1.0724600321645372 0.0 0.0 0.0 0.8463959503428788 0.5325541242382551
1629013244.351556540 5.0230542064126835 -1.1214462588054512 0.0 0.0 0.0 0.8632397246955081 0.5047941934171027
1629013244.551958561 5.084458731824004 -1.190069513626919 0.0 0.0 0.0 0.870233942635385 0.49263869629300694
1629013244.752338409 5.156150890828235 -1.2762857977114321 0.0 0.0 0.0 0.8753377892247651 0.4835118972218787
1629013245.052947521 5.2561159563577675 -1.3905799474036613 0.0 0.0 0.0 0.8810404644708862 0.47304090728490394
1629013245.253318071 5.3290991304266155 -1.4580010328845345 0.0 0.0 0.0 0.8839055516127676 0.4676654528914114
1629013245.654092550 5.4569110552367635 -1.5847706400790587 0.0 0.0 0.0 0.8837249574369306 0.46800662346071054
1629013245.858057976 5.522104263884948 -1.654036001478569 0.0 0.0 0.0 0.882161767917766 0.4709465099395064
1629013245.954675913 5.5482211961791625 -1.656986156222415 0.0 0.0 0.0 0.8813352974757757 0.47249136862305324
1629013246.255266666 5.6320269549707005 -1.7043684807309247 0.0 0.0 0.0 0.8789945376268375 0.4768318391447681
1629013246.555862904 5.714035463265658 -1.784180800846455 0.0 0.0 0.0 0.8737187171102427 0.48643149915608025
1629013246.956682920 5.813598711476975 -1.9035748652416922 0.0 0.0 0.0 0.8543220143621406 0.5197440675719295
1629013247.057110310 5.835227148807443 -1.921064155961755 0.0 0.0 0.0 0.8492056503223943 0.5280622723320796
1629013247.157055855 5.852097577740604 -1.9450328184197418 0.0 0.0 0.0 0.843572706263353 0.5370149804684435
1629013247.358104467 5.886923363920879 -1.967553349909783 0.0 0.0 0.0 0.832194492952452 0.5544838373655371
1629013247.557822704 5.909857213514007 -1.9714785722957122 0.0 0.0 0.0 0.824899502920649 0.5652794088601373
1629013247.958601952 5.950798494627201 -1.9870528555615552 0.0 0.0 0.0 0.8333238368706716 0.5527851145817354
1629013248.259931803 5.99158397227895 -2.010642423118431 0.0 0.0 0.0 0.8472581353055426 0.5311813740697003
1629013248.359395504 6.0027559856790385 -2.0146822625445995 0.0 0.0 0.0 0.8531534836826709 0.5216599786068725
1629013248.459567547 6.01429481507545 -2.0151313152152603 0.0 0.0 0.0 0.8585169733029582 0.5127851465777142
1629013248.559775829 6.031876748141746 -2.0139598506349996 0.0 0.0 0.0 0.8643841627984727 0.5028319988854958
1629013248.960558414 6.097760812385574 -2.0218247288161018 0.0 0.0 0.0 0.8866230890852639 0.46249270037580514
1629013249.261137486 6.151767805792632 -2.0274906468605276 0.0 0.0 0.0 0.9037518000039131 0.42805687004145493
1629013249.461553097 6.197789882904826 -2.0292328690400145 0.0 0.0 0.0 0.9143352466207054 0.4049580926306495
1629013249.661929369 6.256488464650572 -2.0844992014847312 0.0 0.0 0.0 0.9237896011783026 0.3829004736936645
1629013250.263106346 6.438296168187361 -2.2683274809624474 0.0 0.0 0.0 0.9216686479108482 0.3879779677484133
1629013250.363283634 6.474926861142038 -2.317203576473212 0.0 0.0 0.0 0.9188459817908383 0.39461634754129277
1629013250.463474512 6.500497292951624 -2.3172503091800287 0.0 0.0 0.0 0.916410567778254 0.4002395173697096
1629013250.666935921 6.550477702137126 -2.332767540988598 0.0 0.0 0.0 0.9112657114298363 0.41181889608452205
1629013250.864261150 6.612568201363469 -2.359140860005506 0.0 0.0 0.0 0.9077047117049752 0.4196095284292145
1629013251.365235329 6.7561751133099746 -2.482262505593909 0.0 0.0 0.0 0.9003376098344099 0.43519212805111923
1629013251.465437651 6.779139143852254 -2.5024787680567964 0.0 0.0 0.0 0.8991753871296674 0.43758841755719824
1629013251.565629005 6.80320393757261 -2.510018918026529 0.0 0.0 0.0 0.8979374363864245 0.4401231195197269
1629013252.166831970 6.960914744529937 -2.632570779918573 0.0 0.0 0.0 0.8906583154662502 0.4546732509075298
1629013252.367221832 7.021456097108095 -2.6913998873897254 0.0 0.0 0.0 0.8879302379847913 0.45997814347235216
1629013252.467393875 7.0390906354499 -2.6926712938164297 0.0 0.0 0.0 0.8865531955156047 0.4626266653804878
1629013252.567692995 7.055598442051269 -2.6946265312825832 0.0 0.0 0.0 0.8851729059653783 0.4652622126766879
1629013252.667804718 7.075142014324485 -2.697245213568149 0.0 0.0 0.0 0.8840603444249844 0.46737277136690153
1629013252.868175983 7.121913758694822 -2.7361411803881155 0.0 0.0 0.0 0.8815862201417839 0.472023025345292
1629013253.068570137 7.157577345465699 -2.7391778093867 0.0 0.0 0.0 0.87913527857664 0.47657230507235054
1629013253.168779850 7.174558200993444 -2.7496097939068918 0.0 0.0 0.0 0.8775959491326912 0.479401032608286
1629013253.769940376 7.291286746102125 -2.80934110634682 0.0 0.0 0.0 0.8699135064616418 0.4932043098712856
1629013253.970323563 7.329501914452188 -2.8323201974499606 0.0 0.0 0.0 0.8677209154624154 0.49705172051715885
1629013254.070553541 7.3399696557730225 -2.8369299643212575 0.0 0.0 0.0 0.8665294455451034 0.49912595605047
1629013254.170717239 7.353877175718106 -2.8368431041411464 0.0 0.0 0.0 0.8653614525083536 0.5011482380619854
1629013254.771917343 7.463256479910364 -2.893613283382921 0.0 0.0 0.0 0.8584027060583164 0.5129764070907742
1629013254.972341061 7.497884189260732 -2.9340335713220087 0.0 0.0 0.0 0.8565759486757032 0.5160209725876644
1629013255.573482752 7.5652681069375936 -3.0049587941730573 0.0 0.0 0.0 0.8573515818601671 0.5147312552020415
1629013255.974318027 7.578278873637864 -3.011320523174307 0.0 0.0 0.0 0.8585414622693176 0.512744144349267
1629013256.074461937 7.578084106290444 -3.0112379667036637 0.0 0.0 0.0 0.8587582065370696 0.5123810522504084
1629013256.174642801 7.578089075056398 -3.011139060670413 0.0 0.0 0.0 0.8584391142711729 0.5129154775295088
1629013256.876011133 7.5736644326243 -3.011303060654683 0.0 0.0 0.0 0.8576216696040267 0.514281121397239
1629013257.076419830 7.570885684307203 -3.0108753032409195 0.0 0.0 0.0 0.8571774393823601 0.5150212009363307
1629013257.276793480 7.5655286137704865 -3.0110478763519626 0.0 0.0 0.0 0.8558771213333523 0.5171792273265954
1629013258.078352928 7.489122722660312 -3.0152687182688305 0.0 0.0 0.0 0.8349498503292674 0.5503260373952281
1629013258.579374075 7.425557907744118 -2.9569663945967464 0.0 0.0 0.0 0.8078926785088314 0.5893296361221163
1629013258.779723406 7.38863563978589 -2.913355417349413 0.0 0.0 0.0 0.7963060346035078 0.6048939570321703
1629013258.980110645 7.382782420362717 -2.8989200153519232 0.0 0.0 0.0 0.7847312919755024 0.6198361068818586
1629013259.581286430 7.373545046980048 -2.8928695978797077 0.0 0.0 0.0 0.7483489253441811 0.6633052735627911
1629013260.082254410 7.377376434025349 -2.8814085841885593 0.0 0.0 0.0 0.7092628578530532 0.7049441101747851
1629013260.182537079 7.38631184366494 -2.877013501281707 0.0 0.0 0.0 0.7008853409438167 0.7132739577820502
1629013260.382846355 7.394282714945696 -2.873736960622618 0.0 0.0 0.0 0.6836577566556892 0.7298027622340919
1629013260.683427811 7.419267552979135 -2.859334981770096 0.0 0.0 0.0 0.6560776630664144 0.7546933814638317
1629013260.783623695 7.42875844688953 -2.8485686642691204 0.0 0.0 0.0 0.6464383498345486 0.7629662245887335
1629013260.984056950 7.4495423946488755 -2.7883756941566453 0.0 0.0 0.0 0.6269788695214401 0.7790362617835045
1629013261.184803009 7.486670388878569 -2.6719237328852374 0.0 0.0 0.0 0.6059731254125255 0.7954851169429732
1629013261.385650158 7.506712368293887 -2.632348955346554 0.0 0.0 0.0 0.5849349860594215 0.811080182277723
1629013261.485024929 7.529771863359717 -2.6192468485560503 0.0 0.0 0.0 0.5746651689685487 0.8183886262493811
1629013262.086208582 7.653938968524056 -2.348474744805936 0.0 0.0 0.0 0.5056511248176034 0.8627380482920017
1629013262.186375856 7.678810737725077 -2.2565592405820585 0.0 0.0 0.0 0.4887489816963005 0.8724244568390029
1629013262.286608219 7.710622438723306 -2.1920163885058006 0.0 0.0 0.0 0.4752563402894725 0.879847379387276
1629013262.687365055 7.858342881493903 -1.9757058776053111 0.0 0.0 0.0 0.419876613964309 0.9075811969437593
1629013262.787581205 7.888141921454157 -1.8837602163829206 0.0 0.0 0.0 0.4045800574679311 0.9145025845229994
1629013262.887779713 7.927211364911935 -1.8178334449482534 0.0 0.0 0.0 0.3896612974847783 0.9209582364268638
1629013263.088128090 8.01762055386102 -1.72032804185458 0.0 0.0 0.0 0.35984613280754774 0.9330116616117147
1629013263.388790369 8.185300345218902 -1.6070477029024803 0.0 0.0 0.0 0.3354331464539498 0.9420640128250325
1629013263.589112759 8.295224404377999 -1.5222061765264205 0.0 0.0 0.0 0.3403372722268299 0.9403034303527775
1629013263.689300060 8.347977948261102 -1.4893662746608158 0.0 0.0 0.0 0.34973801615577815 0.9368475436566084
1629013264.691281557 8.381282881132686 -1.4521519298427499 0.0 0.0 0.0 0.3850313998907225 0.9229034733373749
1629013265.292447567 8.489907159731843 -1.3362542034554277 0.0 0.0 0.0 0.4624055055756475 0.8866685673989633
1629013265.893932343 8.639722126657528 -1.164159369338052 0.0 0.0 0.0 0.5795621230218138 0.8149280615848542
1629013266.795362473 8.703681271319399 -0.8548037950129301 0.0 0.0 0.0 0.737343429911737 0.6755180725680071
1629013266.996018648 8.737840678693065 -0.5331816384187048 0.0 0.0 0.0 0.8284542071445744 0.5600568066405894
1629013267.296465397 8.66175046351246 -0.32867587331872505 0.0 0.0 0.0 0.8722807807752949 0.48900535732243444
1629013267.396602631 8.62814196298911 -0.25282625306916434 0.0 0.0 0.0 0.8835284143472809 0.4683775624866967
1629013267.596940279 8.55873159725391 -0.15216355356062278 0.0 0.0 0.0 0.9048501829437593 0.42573013333172155
1629013268.498708248 8.34258585363831 -0.03532952091219713 0.0 0.0 0.0 0.940099929844314 0.34089899076810987
1629013269.099856377 8.124770021654527 0.10857948205594961 0.0 0.0 0.0 0.9765327621854674 0.21536890299767372
1629013269.200072765 7.925305987854453 0.18811456902602977 0.0 0.0 0.0 0.9927275583587789 0.1203827017266905
1629013269.400448322 7.791822740181328 0.2156097780942198 0.0 0.0 0.0 0.9974616457635304 0.07120579492365378
1629013269.500660896 7.7151269838723255 0.23056231735151306 0.0 0.0 0.0 0.9989213400542089 0.04643443102164241
1629013269.600833416 7.640529551804468 0.24171218922266316 0.0 0.0 0.0 0.9997932083022646 0.020335698479877654
1629013269.702066660 7.563410707750027 0.2538048152492592 0.0 0.0 0.0 -0.9999748423630405 0.0070932813994970395
1629013269.801248312 7.507636749411684 0.25996417725276827 0.0 0.0 0.0 -0.9994673611032718 0.03263424718393447
1629013269.901425600 7.433996150714677 0.26636303100261105 0.0 0.0 0.0 -0.9983545069282408 0.057343513112374976
1629013270.202024698 7.2169510418164675 0.2896072156955298 0.0 0.0 0.0 -0.9963640310901305 0.0851981076657541
1629013270.302225113 7.126326991189622 0.29707959870698847 0.0 0.0 0.0 -0.996819485179951 0.07969262177628117
1629013270.403551102 7.042941779005126 0.30234789892534697 0.0 0.0 0.0 -0.9976771939459393 0.06811913593225113
1629013270.602983952 6.884552230023026 0.3069027997206247 0.0 0.0 0.0 -0.999374779862385 0.035356037320514025
1629013270.702999592 6.803247022856996 0.30894031648549436 0.0 0.0 0.0 -0.9998680642378391 0.016243586958440977
1629013270.903461933 6.643205232592581 0.3010546115963311 0.0 0.0 0.0 0.9997611685048414 0.021854197533519543
1629013271.204852819 6.413948589674807 0.3387901438645137 0.0 0.0 0.0 0.9962956996972615 0.0859934809432908
1629013271.404375553 6.26542080562272 0.3757704887157168 0.0 0.0 0.0 0.9915317850153662 0.1298642341225694
1629013271.805147171 5.985317081062293 0.4315494273450128 0.0 0.0 0.0 0.9764988843358718 0.21552245565322797
1629013271.905340433 5.846703440673951 0.4939268144168409 0.0 0.0 0.0 0.9645479389763162 0.26390769866856967
1629013272.206001997 5.6506942503976925 0.5628049497360935 0.0 0.0 0.0 0.9457173873060106 0.32499018961669146
1629013272.707123518 5.367491178954559 0.7460858234996931 0.0 0.0 0.0 0.90578988167734 0.42372714127248257
1629013273.207884312 5.052200351309807 0.9936072093279376 0.0 0.0 0.0 0.8750709104216229 0.4839947331674923
1629013273.408269882 4.879918549372229 1.2048941469436691 0.0 0.0 0.0 0.8632096765470004 0.5048455747212438
1629013273.809125662 4.871272957522004 1.2829874162142803 0.0 0.0 0.0 0.8719243508551542 0.48964060941247306
1629013274.009464025 4.900893579341957 1.2799049526770176 0.0 0.0 0.0 0.8663367733667686 0.4994603038405117
1629013275.311985254 4.9028223451881745 1.2193995315913813 0.0 0.0 0.0 0.8468178742277356 0.531882964465322
1629013275.812977314 4.990534055948401 1.0855469109785962 0.0 0.0 0.0 0.790221170423752 0.6128217537050358
1629013275.913190365 5.010633843730619 1.0083773876622066 0.0 0.0 0.0 0.7738267640693066 0.6333972996548263
1629013276.013378859 5.024797543729769 0.9518715314716361 0.0 0.0 0.0 0.7583128609273028 0.6518907921977799
1629013276.313955784 5.055867724253351 0.8890363264416409 0.0 0.0 0.0 0.711064029911809 0.7031272611452197
1629013276.514402390 5.060021020593649 0.8556492209573306 0.0 0.0 0.0 0.6788160584858512 0.7343083539915186
1629013276.614527225 5.059114371093429 0.8428015100020847 0.0 0.0 0.0 0.6621128094362526 0.7494041817206738
1629013277.015316010 5.03845899842548 0.8238298655399575 0.0 0.0 0.0 0.5948059334189539 0.8038693311537684
1629013277.215725422 5.0087812127013205 0.8160042172700543 0.0 0.0 0.0 0.5591770458787236 0.8290482684152617
1629013277.416112423 4.97039873264262 0.797818009605732 0.0 0.0 0.0 0.5203767460505697 0.8539367905002225
1629013277.616681337 4.917912081449034 0.7393472975600558 0.0 0.0 0.0 0.48192784071853767 0.8762109085947103
1629013278.117462635 4.741484929996827 0.5803996604273534 0.0 0.0 0.0 0.4178091549628275 0.9085348149791773
1629013278.317893028 4.640920872279509 0.466402239850032 0.0 0.0 0.0 0.4164323791114773 0.9091666918819424
1629013278.418324947 4.595520975985188 0.43922052704894465 0.0 0.0 0.0 0.42661288413466136 0.9044343243654046
1629013278.518271446 4.5499842254909835 0.42144584401082935 0.0 0.0 0.0 0.43851473144332437 0.898724001185675
1629013278.718654156 4.463094940083553 0.34330198745749246 0.0 0.0 0.0 0.47065188582721845 0.882318991276558
1629013278.919036388 4.378825051257933 0.25006710891039197 0.0 0.0 0.0 0.5081780409914284 0.8612520413062102
1629013279.019241810 4.342604755545298 0.17393725028736529 0.0 0.0 0.0 0.5290335337974784 0.8486009192298535
1629013279.822077751 4.250862550365373 0.08104840502417872 0.0 0.0 0.0 0.5802808956441 0.8144164058701673
1629013280.021559715 4.222774968276664 -0.013496085687293921 0.0 0.0 0.0 0.6227309582791786 0.7824360380252791
1629013280.822953224 4.176505558434467 -0.1311512544181418 0.0 0.0 0.0 0.6945061579189059 0.7194867591642807
1629013281.023141384 4.174358153552366 -0.31355504826977865 0.0 0.0 0.0 0.7345103015366661 0.6785975367893077
1629013281.323719501 4.205742426602825 -0.5705116777413948 0.0 0.0 0.0 0.7874234074723724 0.6164125058470165
1629013281.524127960 4.256830195956108 -0.7338312724951788 0.0 0.0 0.0 0.8046723659269425 0.5937191116290065
1629013281.724548578 4.304729857274205 -0.9274642096745475 0.0 0.0 0.0 0.7990595445377001 0.601251897529815
1629013281.824714661 4.3461423296574075 -1.0003832776109158 0.0 0.0 0.0 0.7900075395855923 0.6130971272138851
1629013282.125304222 4.455124523335274 -1.2260151556953416 0.0 0.0 0.0 0.7546970895773464 0.6560733975581412
1629013282.225491524 4.4888565116424015 -1.3225322408460263 0.0 0.0 0.0 0.7394901249175448 0.6731674049962861
1629013282.526069880 4.532614395826642 -1.5940472624274404 0.0 0.0 0.0 0.6859855236746031 0.7276151876568278
1629013283.027065277 4.513098641605064 -2.002380804688618 0.0 0.0 0.0 0.5781256641194951 0.8159477412717023
1629013283.127244234 4.506820594479859 -2.246393093892693 0.0 0.0 0.0 0.5229759703638132 0.8523474258904218
1629013283.227453947 4.480492935070429 -2.3273200561651355 0.0 0.0 0.0 0.4983087317552021 0.8669996585100378
1629013283.728429317 4.456948647156901 -2.416279364684465 0.0 0.0 0.0 0.42482032971795447 0.90527768527581
1629013283.928811550 4.377138641578192 -2.512697332728972 0.0 0.0 0.0 0.379858907343493 0.9250444370471116
1629013284.029018402 4.334340703737751 -2.545543013750684 0.0 0.0 0.0 0.3579908574016967 0.9337250912430264
1629013284.129204512 4.2960384974704375 -2.566192625793645 0.0 0.0 0.0 0.33524280756070574 0.9421317635972241
1629013285.031048775 4.191940686010884 -2.5449460214049227 0.0 0.0 0.0 0.35577724775824593 0.9345707838240866
1629013285.131157875 4.158529491461684 -2.551935919421496 0.0 0.0 0.0 0.37750623836695335 0.9260070410067264
1629013285.331543922 4.11514603659342 -2.5557826547690214 0.0 0.0 0.0 0.41942231523585755 0.9077912323228249
1629013285.632148743 4.0721514920658795 -2.601318610062078 0.0 0.0 0.0 0.48340816667913095 0.8753950790288472
1629013285.732345343 4.047748123707023 -2.632343765890662 0.0 0.0 0.0 0.505540857406396 0.862802666600426
1629013285.932733774 4.015031182519101 -2.7126026057131107 0.0 0.0 0.0 0.5481739997044118 0.8363643141885404
1629013286.233335018 3.9534991568530455 -2.9077873417364883 0.0 0.0 0.0 0.6098872161911567 0.7924882229576673
1629013287.335497141 3.813860233607446 -3.2141149804802858 0.0 0.0 0.0 0.7130537843444525 0.7011093357187985
1629013288.238262653 3.709280235563937 -3.6257737050652885 0.0 0.0 0.0 0.7813029808551692 0.624151946329439
1629013289.139037371 3.7086154396694564 -3.926839833707505 0.0 0.0 0.0 0.7909774665543244 0.6118452806088338
1629013289.239264727 3.696264890058664 -3.9170844803771265 0.0 0.0 0.0 0.7864649203519839 0.617634948052446
1629013289.339389801 3.684134089998694 -3.907021741835914 0.0 0.0 0.0 0.7810528988789507 0.6244648662277067
1629013289.539778709 3.6579239488536035 -3.8343404240963403 0.0 0.0 0.0 0.7635821119543502 0.6457107388787445
1629013289.740151167 3.6344719180255756 -3.744222022443941 0.0 0.0 0.0 0.7415080266721659 0.6709439964562993
1629013289.940553188 3.6110914590607517 -3.6395734237155035 0.0 0.0 0.0 0.7155698535068962 0.6985411832899469
1629013290.241132259 3.5919665329946184 -3.4577600644886326 0.0 0.0 0.0 0.6708083939812742 0.7416307022799579
1629013290.642004013 3.619414367795046 -3.1987156417539158 0.0 0.0 0.0 0.6051525459716437 0.7961095377547224
1629013290.942499161 3.674724778057182 -2.992560582779459 0.0 0.0 0.0 0.5519341717086355 0.8338876843438225
1629013291.042703152 3.6981491582153927 -2.9196749727126834 0.0 0.0 0.0 0.5333034369170798 0.845924017966407
1629013291.643872261 3.796401641070974 -2.798951421018584 0.0 0.0 0.0 0.46551470849403237 0.885040143821576
1629013291.944457531 3.9115198887448694 -2.648278287708089 0.0 0.0 0.0 0.4116541617058804 0.911340140205746
1629013292.144999266 3.9933161400900383 -2.531612285764013 0.0 0.0 0.0 0.3808946374085464 0.9246184484388206
1629013292.345243454 4.08615563841733 -2.442515467021047 0.0 0.0 0.0 0.365727784843156 0.9307218636057274
1629013292.445479393 4.137064977012442 -2.3927012433515427 0.0 0.0 0.0 0.365727784843156 0.9307218636057274
1629013293.047432423 4.297589366105912 -2.3141007485983276 0.0 0.0 0.0 0.435313951151845 0.90027871458375
1629013293.247035027 4.381845953917954 -2.2125241807003784 0.0 0.0 0.0 0.47555959529172814 0.8796835063396197
1629013293.848223686 4.505162516792396 -2.06787617940024 0.0 0.0 0.0 0.5737444014313307 0.8190344082065198
1629013294.248976707 4.553936403860534 -1.9384617212676158 0.0 0.0 0.0 0.6112988816391461 0.7913998213967004
1629013294.449362993 4.568596851345404 -1.8955721766377793 0.0 0.0 0.0 0.6191724279823587 0.7852550569250929
1629013294.549557686 4.565891708902158 -1.8908548776852858 0.0 0.0 0.0 0.6221778290962459 0.7828759473767748
1629013295.150742054 4.56964008633425 -1.8804987203900234 0.0 0.0 0.0 0.6319272841473393 0.7750276817960555
1629013295.250942469 4.5706004058041705 -1.8805104934057442 0.0 0.0 0.0 0.6330380252420765 0.7741207002771674
1629013295.351131916 4.5700537319180805 -1.8804137266093033 0.0 0.0 0.0 0.634010433102104 0.7733244925111854
1629013295.651784420 4.568675345099108 -1.8801003044064444 0.0 0.0 0.0 0.6361020015434432 0.771604979009613
1629013296.152692318 4.564984115991994 -1.8790934640399521 0.0 0.0 0.0 0.6388116572388598 0.7693631564974642
1629013296.252875090 4.568928324906807 -1.8797979668714127 0.0 0.0 0.0 0.6401255539728128 0.7682703138550907
1629013296.453254938 4.568320804615547 -1.879553163236568 0.0 0.0 0.0 0.6422076291349824 0.7665307306826158
1629013296.753854752 4.565023303227645 -1.8788326209573178 0.0 0.0 0.0 0.6455204011541626 0.7637430272636005
1629013297.054462671 4.5633638262449745 -1.8783645871333114 0.0 0.0 0.0 0.6489012795077822 0.7608726105289657
1629013297.154661655 4.562137209857696 -1.878147389844963 0.0 0.0 0.0 0.6504541046840481 0.759545559989441
1629013297.254834890 4.56054015768341 -1.877752407262835 0.0 0.0 0.0 0.6520316292349726 0.7581917662947727
1629013297.555447102 4.553724718513588 -1.8758561239066005 0.0 0.0 0.0 0.6553443999042042 0.7553302042909434
1629013297.755830765 4.5495642302385555 -1.8748374481156742 0.0 0.0 0.0 0.6575621196683363 0.7534003310175039
1629013297.856037855 4.550929699536026 -1.8749537472491353 0.0 0.0 0.0 0.6591375987933971 0.752022357285257
1629013297.956216335 4.550354509609655 -1.8747029055324722 0.0 0.0 0.0 0.660752375229632 0.7506039559104386
1629013298.056957483 4.548384962409881 -1.8743251433452337 0.0 0.0 0.0 0.6621998860459783 0.7493272388754417
1629013298.156583786 4.549203491943174 -1.8743590962483203 0.0 0.0 0.0 0.6633775833875876 0.748284826692914
1629013298.356981039 4.547942457632125 -1.8738914883268125 0.0 0.0 0.0 0.6656379479013637 0.7462748302828265
1629013298.557417154 4.5450720793128685 -1.8732651144489618 0.0 0.0 0.0 0.6676189410050677 0.7445031562131029
1629013298.958150387 4.539546633530743 -1.8718247135459352 0.0 0.0 0.0 0.6706276756270089 0.7417941228421234
1629013299.158659935 4.539172531816846 -1.8717431102933397 0.0 0.0 0.0 0.672459145908227 0.7401342426103374
1629013299.358932257 4.538531464747216 -1.8715738076592812 0.0 0.0 0.0 0.6744728582839383 0.7382996433957519
1629013299.759720087 4.534872351821123 -1.8707605117860007 0.0 0.0 0.0 0.678227802453238 0.7348517183619098
1629013300.060306549 4.530373044220501 -1.8697698460375387 0.0 0.0 0.0 0.6809586944528213 0.732321825735864
1629013300.160758972 4.528156504269592 -1.8692497328600715 0.0 0.0 0.0 0.6823308054011273 0.7310435500027676
1629013300.361333370 4.527970338411667 -1.869227040724859 0.0 0.0 0.0 0.6840638825934805 0.7294221031276287
1629013300.461078167 4.527965031233633 -1.8692291915500614 0.0 0.0 0.0 0.6844199641688529 0.7290880006193396
1629013300.962058544 4.527741067738606 -1.8692866671596153 0.0 0.0 0.0 0.6832793717865902 0.7301570379657534
1629013301.362841129 4.527751309208171 -1.8692829617140398 0.0 0.0 0.0 0.6836358123103706 0.7298233184317556
1629013301.863822460 4.527792356537795 -1.8692856058693195 0.0 0.0 0.0 0.6836358123103706 0.7298233184317556
1629013302.164443970 4.527378898547856 -1.8692575516350625 0.0 0.0 0.0 0.6836358123103706 0.7298233184317556
1629013302.665424824 4.528432904158803 -1.8694530683767565 0.0 0.0 0.0 0.6845438234655414 0.7289717098455726
1629013302.865775824 4.528567762757362 -1.8694363261362772 0.0 0.0 0.0 0.6847217746716269 0.7288045631652823
1629013303.867745638 4.527230837649783 -1.869164573358072 0.0 0.0 0.0 0.6848996850651143 0.7286373730448551
1629013304.068133831 4.5270660149184225 -1.869153874316472 0.0 0.0 0.0 0.6847217746716269 0.7288045631652823
1629013304.168321133 4.526482028549706 -1.8690450787880446 0.0 0.0 0.0 0.6847217746716269 0.7288045631652823
1629013304.370109081 4.52629506819547 -1.869031669040594 0.0 0.0 0.0 0.6843658314574648 0.7291388130757633
1629013304.769490957 4.526503783904624 -1.869077267551736 0.0 0.0 0.0 0.6838781714576732 0.729596221621048
1629013305.271343708 4.527002803355423 -1.8691187075431552 0.0 0.0 0.0 0.6833146898615718 0.7301239857855539
1629013305.470873833 4.526443152833761 -1.869031437346443 0.0 0.0 0.0 0.6834407235295012 0.7300060119077595
1629013305.571066380 4.526483013894564 -1.8690466292759247 0.0 0.0 0.0 0.6836589720638374 0.7298016236735961
1629013306.072058678 4.526374660735733 -1.869018407310702 0.0 0.0 0.0 0.6831548562634262 0.7302735394108824
1629013306.172584057 4.526999839221898 -1.869066431267031 0.0 0.0 0.0 0.6828729050140632 0.7305371965873156
1629013306.272438526 4.52696312786854 -1.8690601943057459 0.0 0.0 0.0 0.682539164365638 0.7308490193651878
1629013306.575726032 4.527215816861704 -1.8691449678663898 0.0 0.0 0.0 0.6820187832968034 0.7313346561119252
1629013307.374596596 4.526962539042658 -1.8691303929313192 0.0 0.0 0.0 0.6821973114693135 0.7311681258260925
1629013307.975763083 4.527681661164595 -1.8691760547815464 0.0 0.0 0.0 0.6827326520140525 0.7306682734824735
1629013308.075963020 4.5278605880119915 -1.8691607860151522 0.0 0.0 0.0 0.6829510986028653 0.7304640969391578
1629013308.476742268 4.527844612825167 -1.8691644732473327 0.0 0.0 0.0 0.6830771909907872 0.7303461858243223
1629013308.577086210 4.527938720859681 -1.869168748104446 0.0 0.0 0.0 0.6833590684909135 0.7300824498036033
1629013308.777350664 4.5275481394296735 -1.8691378299566235 0.0 0.0 0.0 0.6830255354952265 0.7303944946817843
