1629013127.723922968 -0.0007069716884122244 0.0009329634534836644 0.0 0.0 0.0 8.416508048734251e-09 1.0
1629013128.224887848 -0.000550855747454666 0.0013667831434319442 0.0 0.0 0.0 7.859875677262146e-08 0.9999999999999969
1629013128.325093031 -0.0006064204802529905 0.0002356349818803396 0.0 0.0 0.0 7.999313717391879e-08 0.9999999999999968
1629013128.425327301 -0.0007417804773963862 0.0007158319942094393 0.0 0.0 0.0 1.2444191609236639e-07 0.9999999999999922
1629013128.525490284 -0.0005551793524033336 3.436968428223398e-05 0.0 0.0 0.0 1.3235090257977312e-07 0.9999999999999912
1629013128.625700474 -0.0017404631585133748 -0.001132782315981245 0.0 0.0 0.0 1.4123444151668453e-07 0.99999999999999
1629013128.325093031 -0.0002899670153498128 -0.0004426640095332358 0.0 0.0 0.0 0.0005178420524992326 0.9999998659197954
1629013128.425327301 0.00029342393397179336 0.0022776061238679417 0.0 0.0 0.0 -0.00039568917900584423 0.9999999217150337
1629013128.525490284 0.0006721047239895898 0.0024484253435288024 0.0 0.0 0.0 0.00012216603408665453 0.99999999253773
1629013128.625700474 0.001685832503020038 0.002407104769560348 0.0 0.0 0.0 0.00012211825262827791 0.9999999925435662
1629013128.926275730 0.0017386346904472052 0.002889913091932698 0.0 0.0 0.0 0.00012210647017204233 0.9999999925450049
1629013129.327075481 0.0011564603239600673 0.003070462504929336 0.0 0.0 0.0 0.00012205318336816042 0.9999999925515102
1629013129.727863789 0.0009205830283200596 0.003951324484221261 0.0 0.0 0.0 0.00012206724876565121 0.9999999925497933
1629013129.928267002 0.001576496602843495 0.0037058787714442623 0.0 0.0 0.0 0.00012205518061216454 0.9999999925512664
1629013130.128615141 0.0009159923914635175 0.00408138484232436 0.0 0.0 0.0 0.00012203617551946472 0.999999992553586
1629013130.729794502 -0.00014034406284165228 0.0017756433902280067 0.0 0.0 0.0 0.0001223833327688233 0.9999999925111599
1629013130.830001831 -8.318938113471505e-05 0.001870977003160129 0.0 0.0 0.0 0.00012236730992452367 0.9999999925131207
1629013131.230769873 -0.00026355350185016665 0.0017003861223661688 0.0 0.0 0.0 0.00012231983357399246 0.9999999925189291
1629013131.631546736 -0.0001295163274910101 0.0017045293317178864 0.0 0.0 0.0 0.00012232233689085672 0.9999999925186229
1629013131.731744289 -0.00029210406344737643 0.0018181850659913722 0.0 0.0 0.0 0.00012243057648312307 0.999999992505377
1629013131.831948757 -0.0001955886145738274 0.0018183831670068704 0.0 0.0 0.0 0.000122234695543455 0.9999999925293396
1629013131.831948757 -0.00014943821827644103 0.002085641523502207 0.0 0.0 0.0 0.00012234962763437202 0.9999999925152843
1629013132.533311367 -0.0007772061401080073 0.002833954209602527 0.0 0.0 0.0 0.00012236531181287404 0.9999999925133652
1629013132.934135914 -0.0007896778534703825 0.003428321289105964 0.0 0.0 0.0 0.00012235909748496959 0.9999999925141256
1629013133.134488583 -0.00028065607653440566 0.001854411978097196 0.0 0.0 0.0 0.0001223238141521906 0.9999999925184422
1629013133.635461807 -7.887173997711842e-05 0.0020928312760612536 0.0 0.0 0.0 0.0001221735393302159 0.9999999925368132
1629013135.038238049 -0.0006692572350217465 0.0013063313837173875 0.0 0.0 0.0 0.00012218272798344808 0.9999999925356905
1629013135.243909359 -0.0012063632915160034 0.0018866771591466512 0.0 0.0 0.0 0.0001221772630103946 0.9999999925363582
1629013135.639563084 -0.000646254033424981 0.00153376237790697 0.0 0.0 0.0 0.0001221666640649061 0.999999992537653
1629013135.739579201 -0.00013510001067294254 0.0017478684269102802 0.0 0.0 0.0 0.00012224450030875832 0.9999999925281411
1629013136.140389442 -0.0001467693972383473 0.0018697344895941628 0.0 0.0 0.0 0.00012227964211158996 0.9999999925238445
1629013136.240868092 -0.00022467985473818608 0.0018453571780558012 0.0 0.0 0.0 0.00012247499459510172 0.9999999924999379
1629013135.739579201 0.17959816104213544 -0.10176526449779263 0.0 0.0 0.0 -0.05823259823246532 0.9983030424190323
1629013136.140389442 0.18921197794994468 -0.13114716590586903 0.0 0.0 0.0 -0.07539241712898512 0.9971539416957891
1629013136.240868092 0.19097007539107733 -0.14087471310944716 0.0 0.0 0.0 -0.07963636634743151 0.9968239810292375
1629013136.340748310 0.19055132128617727 -0.13739057700348503 0.0 0.0 0.0 -0.07963653088722941 0.9968239678841231
1629013136.541119576 0.19087316800776086 -0.13797478695758153 0.0 0.0 0.0 -0.07963653248350333 0.9968239677565964
1629013137.242624760 0.18923750516364712 -0.1386559109019095 0.0 0.0 0.0 -0.079636545331711 0.9968239667301496
1629013137.342700481 0.1906856771858451 -0.1373985670293267 0.0 0.0 0.0 -0.079636642808654 0.9968239589426846
1629013137.342700481 0.19074694408850493 -0.1377395420521846 0.0 0.0 0.0 -0.0796364315113188 0.996823975823286
1629013137.552075386 0.1906857585720814 -0.13755281363936467 0.0 0.0 0.0 -0.0796363262186379 0.99682398423513
1629013138.044185638 0.18993034804142406 -0.1371588804406963 0.0 0.0 0.0 -0.07963634707871033 0.9968239825686174
1629013138.545035839 0.18998718838203496 -0.13721973845539184 0.0 0.0 0.0 -0.07963648214898049 0.9968239717778336
1629013138.945878506 0.19059902770613385 -0.1374872828175576 0.0 0.0 0.0 -0.07963648480801358 0.9968239715654028
1629013139.446808338 0.1905864448163293 -0.1374992057356344 0.0 0.0 0.0 -0.07963643860781879 0.9968239752563454
1629013139.847644329 0.19069649494719626 -0.1374863626147712 0.0 0.0 0.0 -0.07963677664404357 0.9968239482505157
1629013140.047982454 0.19062551050386578 -0.13746222947215303 0.0 0.0 0.0 -0.07963655523929554 0.9968239659386299
1629013140.248363495 0.19056621990594128 -0.1373296798952709 0.0 0.0 0.0 -0.07963668863601439 0.9968239552815183
1629013140.649135590 0.1906278382209141 -0.13754537722209353 0.0 0.0 0.0 -0.07963649780583808 0.9968239705270037
1629013141.250308990 0.19067436175446795 -0.13744035120240666 0.0 0.0 0.0 -0.07963676349072442 0.996823949301341
1629013141.751293659 0.1906638663134039 -0.13737074156946374 0.0 0.0 0.0 -0.07963670676684254 0.9968239538330387
1629013142.853490353 0.19062159720658509 -0.1375028972562052 0.0 0.0 0.0 -0.07963636433393907 0.9968239811900956
1629013143.053889513 0.19027662982172142 -0.13738413085681872 0.0 0.0 0.0 -0.07963687944956473 0.9968239400373244
1629013143.154386997 0.19050144819685244 -0.1376128813856867 0.0 0.0 0.0 -0.07963697463545333 0.9968239324328606
1629013143.254235268 0.19068810871890673 -0.13746814823839995 0.0 0.0 0.0 -0.07963625379681309 0.9968239900209112
1629013143.354449272 0.19069087620713507 -0.13768764070457346 0.0 0.0 0.0 -0.07963615047165386 0.9968239982755512
1629013143.454634190 0.19074741962542355 -0.13748467229243655 0.0 0.0 0.0 -0.07963658241633507 0.9968239637674479
1629013144.055785656 0.1905853475774785 -0.1375005672054725 0.0 0.0 0.0 -0.07963665516136852 0.9968239579558215
1629013144.256221533 0.19071475959941528 -0.1374859457086005 0.0 0.0 0.0 -0.07963621028665503 0.9968239934969361
1629013144.357876301 0.19094858891191815 -0.1370731812768806 0.0 0.0 0.0 -0.07963641542838037 0.9968239771081544
1629013144.656959772 0.19042845315732151 -0.13739887995539257 0.0 0.0 0.0 -0.07963634118854399 0.9968239830391832
1629013144.757164955 0.1906447838737519 -0.13744992815333051 0.0 0.0 0.0 -0.07963602279083491 0.9968240084759484
1629013144.757164955 0.19064280393002053 -0.13741131341096388 0.0 0.0 0.0 -0.07963603971322679 0.9968240071240225
1629013144.957559347 0.19061438922493926 -0.13741052715508006 0.0 0.0 0.0 -0.079636231579489 0.9968239917958526
1629013145.057746887 0.19042993099950598 -0.13743190903722932 0.0 0.0 0.0 -0.07963701207581013 0.996823929441723
1629013145.157940865 0.19072378402866308 -0.13746883941662993 0.0 0.0 0.0 -0.0796363483750417 0.9968239824650533
1629013145.258138657 0.19052461195577494 -0.13744231921150546 0.0 0.0 0.0 -0.07963605994628647 0.9968240055076079
1629013145.258138657 0.19084385572665316 -0.13684223711233517 0.0 0.0 0.0 -0.07963674348837595 0.9968239508993384
1629013145.658915520 0.1906531358893981 -0.1373997610106339 0.0 0.0 0.0 -0.0796362357550334 0.9968239914622685
1629013145.859305143 0.1905676557372293 -0.1375397574587086 0.0 0.0 0.0 -0.07963671837264755 0.9968239529058457
1629013145.959497690 0.19062445331234215 -0.13752492203790145 0.0 0.0 0.0 -0.07963683167583943 0.9968239438539958
1629013146.260293722 0.19063139747341573 -0.13722299037581556 0.0 0.0 0.0 -0.07963692719564203 0.9968239362228598
1629013146.360308409 0.19061750534704083 -0.13763415855353134 0.0 0.0 0.0 -0.07963615914087324 0.9968239975829682
1629013146.761072397 0.19063152673011993 -0.1376030669375879 0.0 0.0 0.0 -0.07963658924702964 0.9968239632217415
1629013146.861275196 0.1903973608764292 -0.1371669906544236 0.0 0.0 0.0 -0.07963685926338135 0.996823941650011
1629013146.961471319 0.19073162161849408 -0.13742785767676402 0.0 0.0 0.0 -0.07963691602246069 0.9968239371154926
1629013147.363122463 0.19069718820846926 -0.1373972159209042 0.0 0.0 0.0 -0.07963706978849633 0.9968239248310116
1629013147.662840843 0.19056534801981911 -0.13747408818528897 0.0 0.0 0.0 -0.07963686187006859 0.9968239414417611
1629013147.963420868 0.19053211367104522 -0.1373864335684238 0.0 0.0 0.0 -0.07963717380401426 0.9968239165211222
1629013148.163911819 0.19062889260637264 -0.13757355204906316 0.0 0.0 0.0 -0.07963646003751372 0.9968239735443232
1629013148.464430809 0.19055748226355235 -0.13746244745604588 0.0 0.0 0.0 -0.0796370015464912 0.9968239302829182
1629013148.564584255 0.1904612622492013 -0.1375595286841927 0.0 0.0 0.0 -0.07963674305734708 0.9968239509337735
1629013148.967636585 0.1906131769317667 -0.1375460657131247 0.0 0.0 0.0 -0.07963692458893994 0.9968239364311109
1629013149.566569805 0.19048950837008247 -0.13642891117419573 0.0 0.0 0.0 -0.0796369340986017 0.9968239356713777
1629013150.267954588 0.19066669573342837 -0.13761584425054757 0.0 0.0 0.0 -0.07963709146161459 0.9968239230995284
1629013150.368111134 0.1904489485923674 -0.1375885727318543 0.0 0.0 0.0 -0.07963654008970204 0.9968239671489351
1629013150.468353271 0.19044636675249554 -0.1374434582909768 0.0 0.0 0.0 -0.07963646556690533 0.996823973102579
1629013150.571737289 0.19071189778909312 -0.13752737290280773 0.0 0.0 0.0 -0.07963659545941786 0.9968239627254318
1629013150.668736935 0.19059787916832208 -0.13740699887191812 0.0 0.0 0.0 -0.07963681769518656 0.996823944970918
1629013150.768898010 0.1906702711740681 -0.137414851889947 0.0 0.0 0.0 -0.07963670667671903 0.9968239538402386
1629013150.869095564 0.19070995414404804 -0.1374847163853384 0.0 0.0 0.0 -0.07963622777613844 0.9968239920997021
1629013151.470263958 0.18941376872869417 -0.13724989706827828 0.0 0.0 0.0 -0.07963623332652713 0.9968239916562818
1629013151.570468903 0.19023424256140883 -0.13714828370633286 0.0 0.0 0.0 -0.07963624452575213 0.996823990761576
1629013151.770849705 0.19011583597498186 -0.13718394769017941 0.0 0.0 0.0 -0.07963625480317585 0.9968239899405128
1629013151.971232891 0.1911083511679386 -0.1383114046282527 0.0 0.0 0.0 -0.07963627963585444 0.9968239879566302
1629013152.171621323 0.1919064281327877 -0.1386803845403461 0.0 0.0 0.0 -0.07963630958574887 0.9968239855639324
1629013152.672604084 0.19162363710195562 -0.1386651095128296 0.0 0.0 0.0 -0.07963630462754337 0.9968239859600435
1629013152.772806168 0.1918269884314426 -0.13855413571328282 0.0 0.0 0.0 -0.07963630302832553 0.9968239860878051
1629013152.872993946 0.19267844432558184 -0.1391114257177815 0.0 0.0 0.0 -0.07963630275671947 0.9968239861095037
1629013153.073383331 0.19249484852694915 -0.13972629310149023 0.0 0.0 0.0 -0.07963630616441156 0.9968239858372631
1629013153.574472904 0.19284934211620028 -0.13811327515265487 0.0 0.0 0.0 -0.07963629179500184 0.9968239869852357
1629013153.874973774 0.19297958446399482 -0.137938296134045 0.0 0.0 0.0 -0.07963629332379611 0.9968239868631003
1629013153.975163460 0.192996109420133 -0.13817297979857626 0.0 0.0 0.0 -0.07963634228626393 0.9968239829514863
1629013152.872993946 3.6468174127233426 -0.41904170850976746 0.0 0.0 0.0 0.3624666674973812 0.9319967354842735
1629013153.073383331 3.6721309545166703 -0.3712700968985755 0.0 0.0 0.0 0.38438443396851935 0.9231731186092351
1629013153.574472904 3.827181991396048 -0.19665926905950126 0.0 0.0 0.0 0.43865724190203165 0.8986544520152907
1629013153.874973774 3.904801866145294 -0.0836580927947868 0.0 0.0 0.0 0.47011650474352434 0.8826043688809453
1629013153.975163460 3.9241654079688146 -0.04810821419513013 0.0 0.0 0.0 0.480576714589916 0.8769526905107039
1629013154.278061152 3.9233403331903163 -0.04832713662570634 0.0 0.0 0.0 0.48057667405198873 0.8769527127257938
1629013154.375954628 3.9255919947437645 -0.04927867380025766 0.0 0.0 0.0 0.48057665840435765 0.8769527213008129
1629013154.375954628 3.9256778723814314 -0.04799059088777884 0.0 0.0 0.0 0.48057672019602005 0.8769526874385164
1629013154.576766491 3.9258640898270554 -0.04826960089128871 0.0 0.0 0.0 0.4805767317816274 0.8769526810895156
1629013154.678047657 3.9259149152874855 -0.048148447418337674 0.0 0.0 0.0 0.4805766725678758 0.8769527135390988
1629013154.678047657 3.926559531285761 -0.04824363617679813 0.0 0.0 0.0 0.48057665948872536 0.8769527207065714
1629013154.878062725 3.926002955973334 -0.04809683728997878 0.0 0.0 0.0 0.48057668135634596 0.8769527087229511
1629013155.377923250 3.92509624251663 -0.04903710853531272 0.0 0.0 0.0 0.48057665595610566 0.8769527226424734
1629013155.578306198 3.924269433847953 -0.049319549401614995 0.0 0.0 0.0 0.48057665207499123 0.8769527247693532
1629013155.778695822 3.9249333272138776 -0.04975517590556502 0.0 0.0 0.0 0.48057666074306715 0.8769527200191827
1629013155.878878117 3.924873570126828 -0.05036740623136047 0.0 0.0 0.0 0.48057669922953555 0.8769526989283085
1629013155.979108810 3.925041969580752 -0.0511998682512463 0.0 0.0 0.0 0.48057669744272064 0.8769526999074966
1629013156.079273701 3.9259667427915477 -0.05121344843850342 0.0 0.0 0.0 0.48057666346511063 0.8769527185274825
1629013156.079273701 3.9264737033087953 -0.05110474823868046 0.0 0.0 0.0 0.4805766177387079 0.8769527435858924
1629013156.279649734 3.9252322353935267 -0.05148305931961755 0.0 0.0 0.0 0.4805766160714337 0.876952744499571
1629013156.379860163 3.9254151112923683 -0.0523514253105173 0.0 0.0 0.0 0.48057660895255694 0.8769527484007683
1629013156.480060577 3.9254012625439216 -0.05120442694848891 0.0 0.0 0.0 0.4805766269386638 0.876952738544248
1629013156.581030369 3.924920081811933 -0.05124576178316756 0.0 0.0 0.0 0.4805766343761243 0.8769527344684643
1629013156.680430412 3.9258531254246614 -0.05176226755059608 0.0 0.0 0.0 0.4805766824408633 0.8769527081286275
1629013156.780653477 3.9262302561966993 -0.050639194115387885 0.0 0.0 0.0 0.48057668690811783 0.8769527056805383
1629013156.780653477 3.925111805498322 -0.05071302300778664 0.0 0.0 0.0 0.4805767257786612 0.8769526843791867
1629013157.181401730 3.925111471076359 -0.051341655545383294 0.0 0.0 0.0 0.4805767494340329 0.8769526714158631
1629013157.686052322 3.9254999014464143 -0.05047394630333404 0.0 0.0 0.0 0.48057672679205743 0.8769526838238378
1629013157.982985973 3.924812206605441 -0.0518766680796466 0.0 0.0 0.0 0.4805767072627868 0.8769526945260262
1629013158.684444427 3.9767917430115944 1.9594271566206243 0.0 0.0 0.0 0.8806896194221421 0.47369377686653485
1629013158.784572601 3.9797272834830686 2.0445062711780913 0.0 0.0 0.0 0.8932433212172968 0.44957354137081196
1629013158.984942913 3.9810300464875628 2.0445779313074492 0.0 0.0 0.0 0.8932433244402458 0.4495735349672374
1629013159.085130692 3.9803037076949725 2.0432900738017277 0.0 0.0 0.0 0.8932432859926144 0.4495736113576024
1629013159.485904694 3.9800179258923145 2.0436921312252667 0.0 0.0 0.0 0.893243304381317 0.44957357482168114
1629013159.686296701 3.97981030102676 2.043125935697881 0.0 0.0 0.0 0.8932432994461961 0.44957358462711455
1629013159.886710405 3.979079511037663 2.04411606635158 0.0 0.0 0.0 0.89324331871103 0.44957354635043323
1629013160.788452625 3.9786643587624395 2.0436787564078425 0.0 0.0 0.0 0.8932433257643845 0.4495735323363484
1629013159.085130692 3.965967579411237 2.158967284314171 0.0 0.0 0.0 0.9066145504850311 0.4219597810796959
1629013159.485904694 3.944164108660485 2.291381628526179 0.0 0.0 0.0 0.907545195430507 0.4199544240164673
1629013159.686296701 3.9430545706433793 2.321176425637601 0.0 0.0 0.0 0.9060752518113935 0.4231165773813642
1629013159.886710405 3.943583633545934 2.336933829109152 0.0 0.0 0.0 0.9054086629661099 0.4245411087585291
1629013160.187287807 3.9445575377609927 2.3154035069943695 0.0 0.0 0.0 0.9070342357829874 0.4210568787201702
1629013160.287604094 3.945198189668424 2.3046671267466015 0.0 0.0 0.0 0.9080971516794287 0.41875955286024064
1629013160.490854502 3.951260586823221 2.273256113519601 0.0 0.0 0.0 0.9119934651151828 0.410204728869868
1629013160.588062286 3.954776759157298 2.2468940439495766 0.0 0.0 0.0 0.9147166391754932 0.40409586735759956
1629013160.788452625 3.9560138719057334 2.2461672085134787 0.0 0.0 0.0 0.9147166454491437 0.40409585315648255
1629013161.089177847 3.9565760753376873 2.2471136147984665 0.0 0.0 0.0 0.9147166550536922 0.40409583141550065
1629013161.590049744 3.955565987092152 2.247008255421865 0.0 0.0 0.0 0.9147166259467858 0.4040958973022715
1629013161.790414810 3.95525656428353 2.2461732828273697 0.0 0.0 0.0 0.9147165979436443 0.40409596069053366
1629013161.990804672 3.955643382362469 2.2460509263227633 0.0 0.0 0.0 0.9147166026156787 0.40409595011485894
1629013162.391571283 3.9557716863696495 2.246463439464966 0.0 0.0 0.0 0.9147165956228649 0.4040959659438785
1629013162.792377234 3.956070971656276 2.2460400484234864 0.0 0.0 0.0 0.9147165942109972 0.4040959691397997
1629013162.992767334 3.9561418854447723 2.246030337420642 0.0 0.0 0.0 0.9147165894177952 0.4040959799897502
1629013163.794341564 3.9554277054021996 2.243937542630768 0.0 0.0 0.0 0.9147165914289263 0.4040959754373295
1629013163.994716644 3.955043585352414 2.243484957167883 0.0 0.0 0.0 0.9147165898427547 0.4040959790278067
1629013164.297129869 3.954162305247129 2.2427698488450925 0.0 0.0 0.0 0.9147165996187888 0.40409595689865585
1629013164.395480871 3.9532448455794786 2.242566110924199 0.0 0.0 0.0 0.9147165917366846 0.40409597474068387
1629013164.395480871 3.953570272719294 2.2426297290346024 0.0 0.0 0.0 0.914716606154951 0.40409594210331834
1629013164.796288013 3.952815802281625 2.24282617836963 0.0 0.0 0.0 0.9147165988172984 0.4040959587129195
1629013165.197075605 3.9518108956620037 2.2433343062205906 0.0 0.0 0.0 0.9147165803937531 0.4040960004166814
1629013165.597881317 3.9508578401819077 2.2442457734657095 0.0 0.0 0.0 0.9147165892833561 0.40409598029406835
1629013165.898430824 3.9509278792233276 2.2451057384640567 0.0 0.0 0.0 0.9147166042949296 0.4040959463136857
1629013165.998615742 3.950883353883032 2.24644439753892 0.0 0.0 0.0 0.9147166183049715 0.4040959146003792
1629013165.998615742 3.9509272297958002 2.247344231900596 0.0 0.0 0.0 0.9147166125691424 0.40409592758407437
1629013166.299229145 3.951575921704466 2.2471679347469586 0.0 0.0 0.0 0.9147166242744273 0.4040959010878433
1629013167.200989485 3.9525228649372104 2.247621812125216 0.0 0.0 0.0 0.9147166119704657 0.40409592893924634
1629013167.902340412 3.9517685224459225 2.249439752778694 0.0 0.0 0.0 0.9147166091787781 0.40409593525854554
1629013168.102773190 3.3690608734238388 1.7521178318843185 0.0 0.0 0.0 -0.9770164680173281 0.21316383657399615
1629013168.206339836 3.3689255480449387 1.7532643213143804 0.0 0.0 0.0 -0.9770164796465847 0.2131637832723814
1629013168.403431416 3.3687568860659693 1.7535433943206096 0.0 0.0 0.0 -0.9770164808716142 0.21316377765757183
1629013168.603710651 3.36947684270663 1.7535367719608141 0.0 0.0 0.0 -0.9770164773791371 0.21316379366501734
1629013168.804109335 3.3692766323706103 1.7543909422156863 0.0 0.0 0.0 -0.9770164850354437 0.21316375857304298
1629013169.004486561 3.3693660806869477 1.7552116669026598 0.0 0.0 0.0 -0.977016484902246 0.21316375918354252
1629013168.603710651 3.3499165104596904 1.6761966673120214 0.0 0.0 0.0 -0.9617206967792625 0.2740315700542728
1629013168.804109335 3.332330034584243 1.6400910865854188 0.0 0.0 0.0 -0.9545767000242369 0.2979653063207829
1629013169.004486561 3.327050940545216 1.6020566549283273 0.0 0.0 0.0 -0.9470348928150253 0.32113067712511284
1629013169.305072069 3.326774762683087 1.6021695151706974 0.0 0.0 0.0 -0.9470348969790433 0.3211306648451575
1629013169.605694056 3.3268587116784367 1.6018867442393474 0.0 0.0 0.0 -0.9470348796614861 0.321130715915738
1629013169.705881596 3.3273909474106076 1.6019858579268107 0.0 0.0 0.0 -0.9470348783725233 0.32113071971697116
1629013169.806046009 3.3270196854791463 1.60270141333429 0.0 0.0 0.0 -0.9470348754544291 0.32113072832261635
1629013170.010056734 3.3269403483816555 1.603241871554376 0.0 0.0 0.0 -0.9470348721842283 0.3211307379666455
1629013170.106631994 3.327129978206461 1.6031641007209758 0.0 0.0 0.0 -0.9470348675348871 0.32113075167784677
1629013170.206834793 3.3262425932960835 1.603253896128073 0.0 0.0 0.0 -0.9470348673628846 0.3211307521850931
1629013170.307057381 3.327312651116266 1.6033574336319452 0.0 0.0 0.0 -0.9470348643555528 0.32113076105390403
1629013170.407232761 3.327534950108125 1.603649226083973 0.0 0.0 0.0 -0.9470348690641224 0.32113074716803525
1629013170.507467270 3.3277426332377598 1.6032924305076295 0.0 0.0 0.0 -0.9470348806253586 0.32113071307321706
1629013170.707806826 3.3272525872720546 1.602702592408135 0.0 0.0 0.0 -0.9470348918790854 0.3211306798852595
1629013171.009956837 3.3269154877922316 1.6023776419403033 0.0 0.0 0.0 -0.9470348918009717 0.32113068011562185
1629013171.108597279 3.327002212043585 1.6027516038675693 0.0 0.0 0.0 -0.9470348872927574 0.32113069341063327
1629013171.108597279 3.3274463059390906 1.603797846498402 0.0 0.0 0.0 -0.9470349230508035 0.32113058795785676
1629013171.309024096 3.327575545691636 1.6035213550712089 0.0 0.0 0.0 -0.9470349388413597 0.3211305413904791
1629013171.509395123 3.3276643855839168 1.6030333572312576 0.0 0.0 0.0 -0.9470349334844034 0.32113055718849237
1629013171.709802628 3.327048490359621 1.6020014463773622 0.0 0.0 0.0 -0.9470349312655622 0.3211305637319996
1629013172.310935020 3.327332686396082 1.6014055512969703 0.0 0.0 0.0 -0.9470349308662237 0.32113056490967473
1629013172.411147356 3.329702940585086 1.5997693291158144 0.0 0.0 0.0 -0.9470349354000167 0.32113055153922393
1629013172.611762047 3.3298371248725296 1.6008964245674029 0.0 0.0 0.0 -0.9470349235060995 0.3211305866151592
1629013172.811977863 3.3296197276284527 1.6014793647978565 0.0 0.0 0.0 -0.947034918660672 0.32113060090463863
1629013173.112493277 3.329728924190021 1.6014839404358936 0.0 0.0 0.0 -0.9470349301904035 0.3211305669027124
1629013173.212690830 3.3299575744184313 1.6009765454095775 0.0 0.0 0.0 -0.9470349424277106 0.3211305308140958
1629013173.212690830 2.8611041615319213 0.3596124026947585 0.0 0.0 0.0 -0.9688049614178347 0.24782442723062625
1629013173.312892914 2.861564113901585 0.3593274580857996 0.0 0.0 0.0 -0.9688049705374941 0.24782439157969313
1629013173.413134813 2.8619466057986576 0.3589259560866081 0.0 0.0 0.0 -0.9688049591848942 0.24782443595972445
1629013173.413134813 2.830106591296764 0.3081458535645362 0.0 0.0 0.0 -0.9730264409926527 0.23069361744350828
1629013174.114495277 2.829372141116431 0.3082323796089436 0.0 0.0 0.0 -0.973026445208092 0.23069359966350153
1629013174.314868450 2.8290700818274237 0.30764214663495965 0.0 0.0 0.0 -0.9730264575412677 0.23069354764425345
1629013174.415051937 2.829160212939964 0.3071795183827596 0.0 0.0 0.0 -0.973026445767513 0.23069359730395908
1629013174.916043282 2.8285852459272833 0.30688020076421346 0.0 0.0 0.0 -0.9730264479747035 0.23069358799440334
1629013175.116446972 2.8281789212960553 0.30562945157146937 0.0 0.0 0.0 -0.9730264368013463 0.23069363512172505
1629013175.216599941 2.8280226926040073 0.3044984784156144 0.0 0.0 0.0 -0.9730264397368421 0.23069362274030356
1629013175.517198086 2.827095668362783 0.30379661187169826 0.0 0.0 0.0 -0.9730264315860309 0.23069365711903547
1629013175.817921162 2.8270537817171784 0.3048220446278379 0.0 0.0 0.0 -0.9730264327103696 0.23069365237676706
1629013176.018274307 2.827116116584055 0.30444300435890365 0.0 0.0 0.0 -0.9730264298227048 0.23069366455644363
1629013176.218912125 2.8263965654424994 0.30413033511138216 0.0 0.0 0.0 -0.9730264272195132 0.2306936755362605
1629013176.420287848 2.825606087186503 0.30240049853105905 0.0 0.0 0.0 -0.9730264219101905 0.23069369793007316
1629013176.619600296 2.8246441956491024 0.3026518627127 0.0 0.0 0.0 -0.9730264233330788 0.2306936919285746
1629013176.820007801 2.8248976336869123 0.3022446955605292 0.0 0.0 0.0 -0.9730264283546013 0.2306936707486531
1629013177.621303797 2.8259560753514443 0.3022970294334982 0.0 0.0 0.0 -0.9730264264925579 0.23069367860243345
1629013177.721537590 2.8264393668162806 0.3034056590006063 0.0 0.0 0.0 -0.9730264345455389 0.23069364463633596
1629013177.721537590 2.825459240964498 0.30449744120494493 0.0 0.0 0.0 -0.9730264423744199 0.23069361161544888
1629013177.921918392 2.8259857036848084 0.30415948822326483 0.0 0.0 0.0 -0.9730264315816946 0.23069365713732565
1629013178.122301817 2.8246895906810243 0.3044734033589 0.0 0.0 0.0 -0.9730264321733649 0.2306936546417611
1629013178.523101568 2.8243806870579746 0.3039727890499222 0.0 0.0 0.0 -0.9730264377208024 0.2306936312436157
1629013178.723504305 0.4160720038080955 0.38560854949227646 0.0 0.0 0.0 0.9925431777126326 0.12189356166799549
1629013179.925849915 0.4156095598480833 0.3850858135368105 0.0 0.0 0.0 0.9925431736456348 0.12189359478434962
1629013180.627175808 0.4147781923934661 0.3847840759968509 0.0 0.0 0.0 0.9925431788166692 0.12189355267815194
1629013180.828376532 0.41345492447622273 0.3855888721068371 0.0 0.0 0.0 0.9925431730195519 0.12189359988235578
1629013181.328547478 0.4135376162075436 0.38570295386324777 0.0 0.0 0.0 0.9925431711225595 0.12189361532899684
1629013181.428739548 0.41361270681908635 0.3860207473623076 0.0 0.0 0.0 0.9925431731045221 0.12189359919046833
1629013181.629146099 0.41253234123638993 0.38567595866685644 0.0 0.0 0.0 0.9925431765319723 0.12189357128176233
1629013181.832266808 -1.029414679638086 -0.0008668331313894734 0.0 0.0 0.0 -0.902959934765386 0.4297247447011747
1629013182.330725193 -1.0498844566697898 -0.2295922422114928 0.0 0.0 0.0 -0.8592591074286994 0.5115406008332427
1629013182.531440973 -1.049560158441079 -0.2287620712195624 0.0 0.0 0.0 -0.8592591030078583 0.5115406082591397
1629013182.734062195 -1.050642058503686 -0.22871207253385678 0.0 0.0 0.0 -0.8592590681746664 0.5115406667701055
1629013182.831467628 -1.0494804424946023 -0.22933008887440726 0.0 0.0 0.0 -0.859259076700603 0.5115406524486859
1629013183.132084608 -1.0504702786124782 -0.2285509181284415 0.0 0.0 0.0 -0.8592590898560196 0.5115406303509086
1629013183.634452820 -1.0504280351009827 -0.22719138068644731 0.0 0.0 0.0 -0.8592591214664541 0.5115405772533568
1629013184.033816814 -1.0505129197601666 -0.22673451670426015 0.0 0.0 0.0 -0.8592591228269735 0.5115405749680274
1629013184.033816814 -1.266108173463129 -1.217054041911609 0.0 0.0 0.0 -0.9341937059975428 0.35676619749434846
1629013184.635001659 -1.2667657688056615 -1.215647919417712 0.0 0.0 0.0 -0.9341936953944648 0.3567662252585492
1629013184.835386753 -1.2669988871334519 -1.2165913017841092 0.0 0.0 0.0 -0.9341937059623854 0.3567661975864083
1629013185.035778046 -1.2673788734896776 -1.2168515619218863 0.0 0.0 0.0 -0.9341937118473405 0.3567661821766298
1629013185.035778046 -1.2672974438458378 -1.2169743091228389 0.0 0.0 0.0 -0.9341937069138596 0.3567661950949694
1629013185.737141132 -1.2669960459587057 -1.216249705294828 0.0 0.0 0.0 -0.9341937305964366 0.3567661330820408
1629013186.238120079 -1.2673713309300048 -1.2155831699836317 0.0 0.0 0.0 -0.9341937392680466 0.35676611037539
1629013186.538707733 -1.2672641794301052 -1.2165807095572898 0.0 0.0 0.0 -0.9341937264132459 0.35676614403574425
1629013186.638895512 -1.2676745603130923 -1.215491576518689 0.0 0.0 0.0 -0.934193732133886 0.3567661290562226
1629013186.638895512 -1.2672201320152945 -1.2151077508026515 0.0 0.0 0.0 -0.9341937376137033 0.3567661147072957
1629013187.039713860 -1.2671244381018745 -1.2147772816409352 0.0 0.0 0.0 -0.9341937363447178 0.35676611803014024
1629013187.039713860 -1.265766887515717 -1.2162282196815293 0.0 0.0 0.0 -0.9341937415194819 0.35676610447999624
1629013188.142455101 -1.2657952726375186 -1.2172053350906618 0.0 0.0 0.0 -0.9341937443048908 0.3567660971863896
1629013188.542624950 -1.2661898574996338 -1.216707243382871 0.0 0.0 0.0 -0.9341937408759803 0.3567661061650082
1629013188.642812967 -1.2663134994694243 -1.2157553701013348 0.0 0.0 0.0 -0.9341937306401864 0.3567661329674817
1629013188.642812967 -1.2666258376094601 -1.215406769258027 0.0 0.0 0.0 -0.9341937318886077 0.35676612969848503
1629013189.150118589 -1.2666991197448865 -1.2161215194358255 0.0 0.0 0.0 -0.9341937347286334 0.3567661222618646
1629013189.243979216 -1.2665736998893755 -1.2161538119570754 0.0 0.0 0.0 -0.9341937273823407 0.3567661414981651
1629013189.346075773 -1.2674841559788956 -1.215353032852147 0.0 0.0 0.0 -0.9341937073516876 0.3567661939485149
1629013189.945374012 -1.2675814122053652 -1.2147747218400646 0.0 0.0 0.0 -0.9341937103000061 0.3567661862283311
1629013190.145747185 -1.2665081719408187 -1.2161219934610847 0.0 0.0 0.0 -0.9341937042474542 0.3567662020769627
1629013190.446377039 -1.2663463145554468 -1.2167909074699037 0.0 0.0 0.0 -0.9341936990847957 0.35676621559540383
1629013191.448290825 -1.2664780281288524 -1.217731531029707 0.0 0.0 0.0 -0.9341937118445721 0.35676618218387873
1629013191.548486233 -1.267135148773521 -1.2168390321520195 0.0 0.0 0.0 -0.9341937256954392 0.3567661459153243
1629013191.548486233 -1.2672515136566862 -1.2164645789148218 0.0 0.0 0.0 -0.934193739288729 0.35676611032123307
1629013191.949263096 -1.2675290345634591 -1.218139014524573 0.0 0.0 0.0 -0.934193735346809 0.35676612064316887
1629013192.049455166 -1.2688967022449757 -1.2178864602379724 0.0 0.0 0.0 -0.9341937355902815 0.3567661200056349
1629013192.249902725 -1.2691815246934923 -1.218522487458018 0.0 0.0 0.0 -0.9341937297248577 0.356766135364274
1629013192.249902725 -1.269213467177411 -1.2192968954868009 0.0 0.0 0.0 -0.9341937200065188 0.356766160811787
1629013192.851044893 -1.2684109279520208 -1.2199857025073773 0.0 0.0 0.0 -0.9341937212336026 0.356766157598663
1629013193.051414251 -1.2687319883183408 -1.2203021224111672 0.0 0.0 0.0 -0.9341937148415441 0.35676617433629515
1629013193.151612282 -1.269814320484475 -1.2204746642594173 0.0 0.0 0.0 -0.9341937129612073 0.35676617925996484
1629013193.251803398 -1.2696415652808957 -1.220230488566104 0.0 0.0 0.0 -0.9341937135335352 0.35676617776132186
1629013193.251803398 -1.2695056408956127 -1.219725644650366 0.0 0.0 0.0 -0.9341937018631064 0.3567662083203868
1629013193.354059696 -1.2701042915486014 -1.2198842285927165 0.0 0.0 0.0 -0.9341936924054794 0.35676623308521843
1629013193.452210426 -1.2701778964101371 -1.2216154085772362 0.0 0.0 0.0 -0.9341937014283705 0.3567662094587441
1629013193.552470684 -1.2702110009971188 -1.221209989492138 0.0 0.0 0.0 -0.9341936905144537 0.35676623803687646
1629013194.253760338 -1.2711862534693155 -1.2207466464366779 0.0 0.0 0.0 -0.9341937006410643 0.3567662115203085
1629013194.554497957 -1.271296004466371 -1.2220342587755375 0.0 0.0 0.0 -0.9341936692536319 0.35676629370841034
1629013194.854950905 -1.2709718848418823 -1.222806734296827 0.0 0.0 0.0 -0.934193675350832 0.3567662777428724
1629013195.957142353 -1.2711627801928103 -1.2227939417007168 0.0 0.0 0.0 -0.9341936674814446 0.35676629834888834
1629013196.458153248 -1.2705925818098525 -1.2220900259416594 0.0 0.0 0.0 -0.9341936653702819 0.35676630387697444
1629013197.259631634 -1.2697089492650229 -1.2221011878667836 0.0 0.0 0.0 -0.9341936643198522 0.356766306627528
1629013197.359828949 -1.2698107812209416 -1.2215992000482978 0.0 0.0 0.0 -0.9341936618480216 0.3567663131000239
1629013197.760605812 -1.2691876972435947 -1.2217278765679667 0.0 0.0 0.0 -0.9341936712941037 0.3567662883654286
1629013198.161396980 -1.268347294681835 -1.221007486426953 0.0 0.0 0.0 -0.9341936956713839 0.3567662245334357
1629013198.562168837 -1.2669302312531632 -1.2208391114488886 0.0 0.0 0.0 -0.9341937076775851 0.356766193095151
1629013199.066054821 -1.2658864290982075 -1.220728329454602 0.0 0.0 0.0 -0.9341937055199789 0.3567661987448514
1629013199.163362503 -1.2654435342868906 -1.2216063414001401 0.0 0.0 0.0 -0.9341937011164283 0.35676621027556604
1629013199.263733149 -1.264546168261603 -1.2213291178679968 0.0 0.0 0.0 -0.9341936944360268 0.35676622776822253
1629013199.363727808 -1.2665530581763171 -1.2215684812251655 0.0 0.0 0.0 -0.934193713870479 0.3567661768790331
1629013199.865200996 -1.265217925414888 -1.2215657524030046 0.0 0.0 0.0 -0.9341937250018675 0.3567661477314449
1629013199.865200996 -1.2646319883475483 -1.2227635589932997 0.0 0.0 0.0 -0.9341937318660043 0.35676612975767197
1629013200.065204859 -1.2636841863819601 -1.2224966188085649 0.0 0.0 0.0 -0.9341937230775088 0.3567661527703866
1629013200.767469406 -1.2622204307736111 -1.2224568895227923 0.0 0.0 0.0 -0.934193724582558 0.3567661488294086
1629013201.067073822 -1.2613599947628633 -1.222192860119191 0.0 0.0 0.0 -0.9341937118097554 0.3567661822750465
1629013201.267458916 -1.2620878866297136 -1.221572365597531 0.0 0.0 0.0 -0.9341937132533704 0.35676617849493464
1629013201.467884541 -1.2616569206389712 -1.221792969765974 0.0 0.0 0.0 -0.9341937227803355 0.356766153548536
1629013201.568065166 -1.2625681642842284 -1.2225020745741604 0.0 0.0 0.0 -0.9341937364101813 0.3567661178587237
1629013201.568065166 -1.2622958525938797 -1.2222066461963694 0.0 0.0 0.0 -0.9341937486420363 0.35676608582955294
1629013201.768421173 -1.2619413818080252 -1.2225157082833622 0.0 0.0 0.0 -0.9341937549190326 0.356766069393207
1629013201.868645191 -1.2620866579149599 -1.2224822962509683 0.0 0.0 0.0 -0.9341937518004533 0.3567660775592223
1629013201.868645191 -1.2621374701393544 -1.2205314215467276 0.0 0.0 0.0 -0.9341937483192299 0.3567660866748233
1629013202.074606419 -1.2610046592537503 -1.2206173499816249 0.0 0.0 0.0 -0.9341937305368927 0.3567661332379567
1629013202.169236660 -1.2608108338572406 -1.2203079004243647 0.0 0.0 0.0 -0.9341937311853625 0.35676613153993564
1629013202.369596958 -1.2613006884565172 -1.2201560059031837 0.0 0.0 0.0 -0.9341937061212658 0.35676619717037933
1629013202.670295238 -1.2602828711211833 -1.220574130620132 0.0 0.0 0.0 -0.9341936971431882 0.3567662206795105
1629013202.770405769 -1.2602068752303266 -1.2200373387089678 0.0 0.0 0.0 -0.9341936995059652 0.3567662144925698
1629013202.870672941 -1.261125927396741 -1.2197363910623225 0.0 0.0 0.0 -0.9341936901453597 0.35676623900335025
1629013203.171209335 -1.2620371497300602 -1.2205230984243554 0.0 0.0 0.0 -0.9341937233191282 0.3567661521377051
1629013203.171209335 -1.2627152594242577 -1.2200930880230976 0.0 0.0 0.0 -0.9341937380252866 0.3567661136295628
1629013203.571948051 -1.2613230651524563 -1.2212065773801695 0.0 0.0 0.0 -0.9341937325184084 0.356766128049349
1629013203.677692413 -1.261418106180348 -1.221794373267213 0.0 0.0 0.0 -0.934193730476683 0.35676613339561636
1629013203.878424644 -1.2608001806918205 -1.221511886808587 0.0 0.0 0.0 -0.9341937106675843 0.3567661852658261
1629013204.072945595 -1.2610595006746577 -1.220878863793617 0.0 0.0 0.0 -0.934193712187128 0.35676618128689463
1629013204.072945595 -1.2608951805797253 -1.220221255814607 0.0 0.0 0.0 -0.9341936924534299 0.35676623295966003
1629013204.573929071 -1.2609334983627263 -1.221028869733 0.0 0.0 0.0 -0.934193692710814 0.35676623228569887
1629013205.475691319 -1.2605614209980658 -1.2209535478511748 0.0 0.0 0.0 -0.9341936852007143 0.356766251950922
1629013205.676188707 -1.2603691735356792 -1.220045983549614 0.0 0.0 0.0 -0.9341936864857808 0.3567662485859706
1629013205.878082752 -1.2618594955760614 -1.2197035921158637 0.0 0.0 0.0 -0.9341936752837031 0.35676627791864957
1629013206.076845169 -1.2623532495753127 -1.2200381566407075 0.0 0.0 0.0 -0.9341936842587236 0.35676625441752785
1629013206.377456665 -1.2626562598397264 -1.2204398181840317 0.0 0.0 0.0 -0.9341936900831026 0.35676623916637074
1629013206.477707386 -1.2619088173228339 -1.2205608787088928 0.0 0.0 0.0 -0.9341936959852906 0.3567662237114699
1629013207.078907251 -1.261194592503439 -1.2206938096934798 0.0 0.0 0.0 -0.9341937034025858 0.3567662042892537
1629013207.379912376 -1.2605163149526717 -1.2199846269552117 0.0 0.0 0.0 -0.9341936984629726 0.3567662172236501
1629013207.580000401 -1.2602328144876591 -1.219581292183761 0.0 0.0 0.0 -0.9341936934751615 0.3567662302842522
1629013205.878082752 2.0452881961506804 0.7040168361559216 0.0 0.0 0.0 -0.07952368260451352 0.9968329769349611
1629013206.076845169 2.1446634785748753 0.6999488381819602 0.0 0.0 0.0 -0.08488486463707724 0.9963907665948862
1629013206.377456665 2.287251035835927 0.6875924561428293 0.0 0.0 0.0 -0.09053370706511694 0.9958933918271813
1629013206.477707386 2.3153222376351152 0.6675383055988423 0.0 0.0 0.0 -0.09185416242579998 0.9957724704193497
1629013207.078907251 2.600243313222345 0.5876372703491217 0.0 0.0 0.0 -0.0912109210821653 0.9958315961423111
1629013207.379912376 2.7548640183040134 0.5980993012949876 0.0 0.0 0.0 -0.06835209687637038 0.9976612605752532
1629013207.580000401 2.841887032579688 0.5802758165209634 0.0 0.0 0.0 -0.04809973207993871 0.9988425380278105
1629013208.080886364 3.02304505272652 0.5039557352713423 0.0 0.0 0.0 0.00914496750240363 0.9999581839103974
1629013208.481552601 3.1904837600860714 0.5169064971393097 0.0 0.0 0.0 0.06695379772244325 0.9977560768898088
1629013209.383306265 3.190741665105644 0.5163851739262688 0.0 0.0 0.0 0.06695381258464848 0.9977560758924897
1629013209.483502388 3.1904285391886935 0.5166819580529979 0.0 0.0 0.0 0.06695383084753165 0.9977560746669699
1629013209.483502388 3.19213832606229 0.5164725296192593 0.0 0.0 0.0 0.066953811822899 0.9977560759436065
1629013209.784077168 3.1923725642332688 0.5155193091426671 0.0 0.0 0.0 0.06695383693108273 0.9977560742587368
1629013209.986763000 3.1934759060732465 0.5162157179402019 0.0 0.0 0.0 0.06695382584655246 0.9977560750025577
1629013209.986763000 3.1935950921728367 0.5159575856321439 0.0 0.0 0.0 0.06695377778930894 0.9977560782274092
1629013210.385328293 3.194932120621748 0.5160310234970309 0.0 0.0 0.0 0.06695378318923838 0.9977560778650504
1629013210.786072731 3.1943994394019164 0.515481165631098 0.0 0.0 0.0 0.0669537947416962 0.99775607708983
1629013211.487395525 3.1931157623628255 0.5165956934313147 0.0 0.0 0.0 0.0669538061141135 0.997756076326691
1629013211.687815666 3.1915243807814386 0.5151616012811087 0.0 0.0 0.0 0.06695380018024859 0.9977560767248793
1629013211.687815666 3.191841847794947 0.5151046941173832 0.0 0.0 0.0 0.06695379270448246 0.9977560772265359
1629013212.089605808 3.1922131908436318 0.515812067483152 0.0 0.0 0.0 0.06695380753610261 0.9977560762312693
1629013212.389182568 3.1938855080012574 0.5168104126010671 0.0 0.0 0.0 0.06695384031323487 0.9977560740317795
1629013212.489371300 3.1938319738481273 0.5164245450876114 0.0 0.0 0.0 0.06695383369822415 0.9977560744756759
1629013212.790127516 3.193243783398078 0.5160802955869757 0.0 0.0 0.0 0.0669538456635804 0.9977560736727477
1629013213.491334200 3.1933281282996795 0.5166330552316835 0.0 0.0 0.0 0.06695384042871917 0.99775607402403
1629013213.691732168 3.1931225103218353 0.5161520680673559 0.0 0.0 0.0 0.06695385540944622 0.9977560730187569
1629013213.892106056 3.192014130441829 0.5155998214494083 0.0 0.0 0.0 0.06695390631985942 0.9977560696024412
1629013213.992370605 3.191081572258349 0.5151474957709449 0.0 0.0 0.0 0.06695385769250484 0.9977560728655536
1629013214.192687035 3.1907889783493566 0.5158257924864801 0.0 0.0 0.0 0.06695389249980478 0.9977560705298287
1629013214.394271851 3.190105979061449 0.515914038487588 0.0 0.0 0.0 0.06695385916835317 0.9977560727665176
1629013214.793873310 3.190751932450428 0.5163824196849534 0.0 0.0 0.0 0.06695387561810937 0.9977560716626658
1629013214.793873310 3.1900155874956386 0.5155592012065894 0.0 0.0 0.0 0.0669538436006053 0.9977560738111824
1629013215.094453812 3.1903625336036336 0.5154897083462752 0.0 0.0 0.0 0.06695388801589014 0.9977560708307195
1629013215.595432520 3.190270002494846 0.516484248334443 0.0 0.0 0.0 0.06695389192737754 0.9977560705682411
1629013215.695641518 3.18899369568519 0.5175044828390916 0.0 0.0 0.0 0.06695388557002759 0.9977560709948478
1629013215.795802355 3.1897258163373303 0.5181429079252086 0.0 0.0 0.0 0.06695386974106714 0.9977560720570415
1629013215.795802355 3.18927102834612 0.5185503694530937 0.0 0.0 0.0 0.06695386792550806 0.9977560721788736
1629013215.996199131 3.1892118396066915 0.5187739653194825 0.0 0.0 0.0 0.06695385850030765 0.9977560728113464
1629013216.196589470 3.188306389003 0.5184595801295929 0.0 0.0 0.0 0.06695386204857504 0.997756072573242
1629013216.497184753 3.188983147328363 0.5179636545288793 0.0 0.0 0.0 0.066953856590898 0.9977560729394762
1629013216.597385406 3.188705960085162 0.5173426303210008 0.0 0.0 0.0 0.06695381565434447 0.9977560756864997
1629013216.597385406 3.18835486212481 0.5181495106103399 0.0 0.0 0.0 0.06695376754264958 0.9977560789150046
1629013217.098364115 3.188528025654895 0.5181024775782972 0.0 0.0 0.0 0.06695379893404868 0.9977560768085049
1629013217.499140263 3.1895157545256736 0.5188280314933162 0.0 0.0 0.0 0.06695381314138069 0.9977560758551306
1629013217.599331856 3.1898768774688273 0.5191200852827211 0.0 0.0 0.0 0.06695384014259075 0.9977560740432305
1629013217.799716949 3.189122264158236 0.5201216057617754 0.0 0.0 0.0 0.06695384367543107 0.9977560738061613
1629013217.799716949 3.1879302858866425 0.5209412374240067 0.0 0.0 0.0 0.06695383757265126 0.9977560742156848
1629013218.100379467 3.1882737650936313 0.5212324864049556 0.0 0.0 0.0 0.06695382641715922 0.9977560749642674
1629013218.200509548 3.1888916493336055 0.5218816134965993 0.0 0.0 0.0 0.06695384008535678 0.9977560740470711
1629013219.406359673 3.1883549488178873 0.5216368416548969 0.0 0.0 0.0 0.06695382817027405 0.9977560748466258
1629013219.503051281 3.188472485269039 0.5214040371403759 0.0 0.0 0.0 0.0669538279317411 0.9977560748626324
1629013219.804655790 3.187693868330141 0.5204174356996879 0.0 0.0 0.0 0.0669538578520599 0.9977560728548467
1629013220.204417229 3.1877841465364964 0.5206268678162053 0.0 0.0 0.0 0.0669538343445596 0.997756074432304
1629013220.806005239 3.1880932546654166 0.5200393521416495 0.0 0.0 0.0 0.06695383695418385 0.9977560742571866
1629013221.106210232 3.188474500969471 0.5209324624615038 0.0 0.0 0.0 0.06695384948399581 0.9977560734163808
1629013221.106210232 6.317333024102478 2.6989501513889427 0.0 0.0 0.0 -0.27694164364434376 0.9608867394316405
1629013221.406772852 6.316962477435817 2.6991885918178893 0.0 0.0 0.0 -0.27694163412686473 0.9608867421747174
1629013221.607167244 6.317623001047518 2.699273324269681 0.0 0.0 0.0 -0.27694163890489415 0.9608867407976193
1629013221.707352638 6.317667889061383 2.6991068505862197 0.0 0.0 0.0 -0.2769416484424237 0.9608867380487635
1629013221.807577133 6.318122877594461 2.6987519978340595 0.0 0.0 0.0 -0.27694164165238705 0.9608867400057516
1629013221.907737732 6.31861207952499 2.699155336427424 0.0 0.0 0.0 -0.27694167457938884 0.9608867305157065
1629013223.711259842 6.319800694471445 2.6984591639376863 0.0 0.0 0.0 -0.2769416159571081 0.9608867474115073
1629013223.911646843 6.320280308162064 2.696969386086746 0.0 0.0 0.0 -0.2769415804427193 0.9608867576472728
1629013224.012077093 6.32091285532709 2.698740293175783 0.0 0.0 0.0 -0.27694156029188244 0.9608867634550378
1629013224.212237358 6.320936770502481 2.700047791468587 0.0 0.0 0.0 -0.27694160108420096 0.9608867516980965
1629013224.813429356 6.321130622458296 2.7008315080601832 0.0 0.0 0.0 -0.2769415819743879 0.9608867572058236
1629013225.014685154 6.3215609805227055 2.7012483529826055 0.0 0.0 0.0 -0.27694162582083265 0.9608867445686374
1629013225.114006281 6.320759867435352 2.7007177475142417 0.0 0.0 0.0 -0.2769416462140966 0.960886738691
1629013226.015756130 6.320874354068243 2.700397688237467 0.0 0.0 0.0 -0.27694170379550664 0.9608867220951915
1629013224.012077093 5.740800003886217 2.9906772382500177 0.0 0.0 0.0 -0.456352495018786 0.8897990786071477
1629013224.212237358 5.673863825361384 3.053569989432286 0.0 0.0 0.0 -0.49171465133395265 0.8707563962805724
1629013224.813429356 5.483964547303502 3.2391883522169005 0.0 0.0 0.0 -0.4957596855017393 0.8684597481928662
1629013225.014685154 5.397965163674911 3.369860203528432 0.0 0.0 0.0 -0.47504578030954103 0.879961082440638
1629013225.114006281 5.355091537402774 3.4333573178352537 0.0 0.0 0.0 -0.46304527362471865 0.8863346290052135
1629013225.314388275 5.273705718534944 3.531660159624943 0.0 0.0 0.0 -0.43592939427497307 0.8999808682450172
1629013225.514781952 5.17447443327592 3.648272777605744 0.0 0.0 0.0 -0.4069922596538406 0.9134316069536136
1629013225.614995480 5.126938043726901 3.700134439110169 0.0 0.0 0.0 -0.3916075023957836 0.9201323622541141
1629013225.715173721 5.082511217595225 3.737936994057189 0.0 0.0 0.0 -0.37414044743156 0.9273720534907832
1629013225.816148996 5.032138720360776 3.7707858657040245 0.0 0.0 0.0 -0.35811389642150354 0.9336779086975383
1629013226.015756130 5.033096032848545 3.7698424815659304 0.0 0.0 0.0 -0.35811393779264805 0.9336778928295579
1629013226.416540146 5.0338574919377415 3.769598560257598 0.0 0.0 0.0 -0.3581139504121734 0.9336778879893147
1629013226.618190289 5.033790586553804 3.7680556222422363 0.0 0.0 0.0 -0.35811400957659306 0.9336778652966856
1629013226.817325592 5.033677326701139 3.768140272826469 0.0 0.0 0.0 -0.35811401050361213 0.9336778649411256
1629013226.917517185 5.032873326288195 3.7676950586660145 0.0 0.0 0.0 -0.35811399547589323 0.933677870705037
1629013227.318311214 5.03398409061352 3.7676340685228293 0.0 0.0 0.0 -0.35811399453708237 0.9336778710651198
1629013227.418504953 5.033630621024693 3.767151234037107 0.0 0.0 0.0 -0.35811397684011564 0.9336778778528263
1629013227.418504953 5.03409924999507 3.7677876677420787 0.0 0.0 0.0 -0.3581139655597754 0.9336778821794227
1629013227.618903399 5.034722193614047 3.7671073086759326 0.0 0.0 0.0 -0.35811401042531266 0.9336778649711576
1629013227.819284201 5.0344397433340315 3.767187835799348 0.0 0.0 0.0 -0.35811401425565 0.933677863502024
1629013228.220059395 5.033984868592349 3.765445284943721 0.0 0.0 0.0 -0.3581139841409889 0.933677875052562
1629013228.420449734 5.034235338234276 3.7642874457909143 0.0 0.0 0.0 -0.35811396805342616 0.9336778812229781
1629013228.620867252 5.033777411687581 3.7639609774294094 0.0 0.0 0.0 -0.3581139885221706 0.9336778733721511
1629013228.821250439 5.035100706722806 3.7630539975049726 0.0 0.0 0.0 -0.35811393435140704 0.9336778941494525
1629013229.021659851 5.034941626927758 3.7644794716355108 0.0 0.0 0.0 -0.35811400748679273 0.9336778660982327
1629013229.121829271 5.035881832608828 3.765006434129866 0.0 0.0 0.0 -0.35811399661034304 0.9336778702699166
1629013229.222027302 5.0357489609249155 3.7644229690847717 0.0 0.0 0.0 -0.35811397352413604 0.9336778791246767
1629013229.222027302 5.0366631888135185 3.7648921000415254 0.0 0.0 0.0 -0.3581139421617797 0.9336778911537691
1629013229.422421217 5.035894641295623 3.764556107928103 0.0 0.0 0.0 -0.35811399130841176 0.9336778723034829
1629013230.023580551 5.035406083006363 3.7652280548585195 0.0 0.0 0.0 -0.35811395968355275 0.9336778844332593
1629013230.123798370 5.036551116787503 3.7655301278883635 0.0 0.0 0.0 -0.35811397187253585 0.9336778797581512
1629013230.123798370 5.0359662274250745 3.7656423561629033 0.0 0.0 0.0 -0.35811398310756065 0.9336778754489354
1629013230.223979473 5.035564585625945 3.7637787094708086 0.0 0.0 0.0 -0.35811393785272083 0.9336778928065169
1629013230.223979473 4.583490191164247 4.054596616415023 0.0 0.0 0.0 0.2701271450545549 0.9628246597925686
1629013230.424386501 4.583428191880059 4.0544634274287 0.0 0.0 0.0 0.2701271657782259 0.9628246539783986
1629013230.624771357 4.58372503854611 4.054459414800891 0.0 0.0 0.0 0.2701272003053122 0.9628246442915832
1629013230.724998474 4.582215307933923 4.054375533974181 0.0 0.0 0.0 0.27012718713361505 0.9628246479869951
1629013230.724998474 4.5825014580804115 4.055317334852148 0.0 0.0 0.0 0.2701272437272685 0.9628246321092481
1629013231.125766754 4.582144996573726 4.054608279635828 0.0 0.0 0.0 0.2701272340363124 0.9628246348281141
1629013231.225924015 4.582137506840472 4.053748248373684 0.0 0.0 0.0 0.27012721830939906 0.9628246392404103
1629013231.426332474 4.581741420268061 4.052842622188063 0.0 0.0 0.0 0.2701272522052073 0.9628246297307025
1629013231.726910353 4.58151494320627 4.052986194175646 0.0 0.0 0.0 0.2701272627596641 0.962824626769575
1629013231.927503109 4.5818675623962575 4.052071818455687 0.0 0.0 0.0 0.27012726807769555 0.9628246252775636
1629013232.027493000 4.581318100988154 4.051370358273891 0.0 0.0 0.0 0.27012727562226274 0.9628246231608818
1629013232.227927685 4.582155014502812 4.051255547486427 0.0 0.0 0.0 0.27012723448095927 0.9628246347033653
1629013232.328094959 4.580538996627541 4.051817622159028 0.0 0.0 0.0 0.27012724509549696 0.9628246317253819
1629013232.428275108 4.580274761969532 4.052378497955974 0.0 0.0 0.0 0.27012726363349143 0.9628246265244166
1629013232.528468847 4.580157211072437 4.052063319117906 0.0 0.0 0.0 0.27012726517847924 0.9628246260909593
1629013232.628664970 4.581374486572116 4.052515033255442 0.0 0.0 0.0 0.27012724735334237 0.9628246310919274
1629013232.728875399 4.582159765298336 4.0512416366689346 0.0 0.0 0.0 0.2701272395678152 0.962824633276212
1629013233.129659176 4.582371198332493 4.050938847705787 0.0 0.0 0.0 0.27012721656893957 0.9628246397287085
1629013233.430244684 4.582764973753113 4.051303823968875 0.0 0.0 0.0 0.2701271709382561 0.9628246525307161
1629013233.530465126 4.583598787593418 4.051642527231297 0.0 0.0 0.0 0.27012716178062446 0.9628246550999534
1629013233.530465126 4.583944262735984 4.052079557817893 0.0 0.0 0.0 0.2701271163062551 0.9628246678581033
1629013233.730814695 4.583836633217398 4.051698742371044 0.0 0.0 0.0 0.2701270869981026 0.9628246760807075
1629013234.632601976 4.583895388139829 4.051336262550803 0.0 0.0 0.0 0.2701270533823334 0.9628246855118423
1629013235.033603668 4.584177224759442 4.051558709881423 0.0 0.0 0.0 0.270127092553586 0.9628246745220785
1629013235.133549213 4.584942395796104 4.050851595876738 0.0 0.0 0.0 0.2701271202937459 0.9628246667393852
1629013235.133549213 4.584921653047937 4.050563563407849 0.0 0.0 0.0 0.2701270959887809 0.9628246735583109
1629013235.534484386 4.5850111797849875 4.0497882376230905 0.0 0.0 0.0 0.2701271088871934 0.9628246699395723
1629013236.035361052 4.5846039286718465 4.0496924408550194 0.0 0.0 0.0 0.2701271353943569 0.9628246625028042
1629013236.335923672 4.585669251026541 4.050068564017242 0.0 0.0 0.0 0.27012712147921786 0.9628246664067928
1629013236.536616802 4.585532772622317 4.049799984285832 0.0 0.0 0.0 0.2701271452567558 0.9628246597358397
1629013236.736684799 4.586025942134931 4.049899536929984 0.0 0.0 0.0 0.2701271340588069 0.962824662877502
1629013237.037281513 4.585744070798894 4.050093810460165 0.0 0.0 0.0 0.2701271197496447 0.9628246668920365
1629013237.137472868 4.58550691172364 4.050770047979344 0.0 0.0 0.0 0.27012707611298437 0.9628246791346023
1629013237.237663746 4.584594131980489 4.050651171459853 0.0 0.0 0.0 0.2701271323572905 0.9628246633548742
1629013237.337888718 4.584448320980621 4.051384633451662 0.0 0.0 0.0 0.27012712108346404 0.9628246665178243
1629013237.337888718 4.584790999684203 4.0505286238496065 0.0 0.0 0.0 0.27012715881930366 0.9628246559307726
1629013237.738643646 4.58546239028476 4.052031769782173 0.0 0.0 0.0 0.27012711712164617 0.9628246676293397
1629013238.239623070 4.58606948982769 4.053186511714678 0.0 0.0 0.0 0.2701271469837644 0.9628246592513154
1629013238.441780090 3.779561973266693 0.9961415746293907 0.0 0.0 0.0 0.6275582569891782 0.778569607732478
1629013238.640418053 3.780354484149772 0.9946682261484381 0.0 0.0 0.0 0.6275582846599724 0.7785695854287098
1629013238.941011429 3.780188271292515 0.9949094731915781 0.0 0.0 0.0 0.6275582750313958 0.7785695931897282
1629013239.041179180 3.780296443432414 0.9952915350465229 0.0 0.0 0.0 0.6275583001371279 0.778569572953502
1629013239.141399860 3.779939409113112 0.9948258785281034 0.0 0.0 0.0 0.6275583155380464 0.7785695605397438
1629013239.141399860 3.778734350759077 0.9937215712932091 0.0 0.0 0.0 0.6275583113989146 0.7785695638760501
1629013239.542208195 3.779112094576805 0.9937996894011857 0.0 0.0 0.0 0.6275582786895074 0.7785695902411437
1629013239.942944527 3.778172238399651 0.9932762006956168 0.0 0.0 0.0 0.6275582819482285 0.778569587614484
1629013240.043147087 3.7773781869729843 0.9940546884350977 0.0 0.0 0.0 0.6275582606005752 0.7785696048215475
1629013240.143421173 3.779515121876288 0.9940863717593221 0.0 0.0 0.0 0.6275582768750677 0.7785695917036549
1629013240.143421173 3.77862771380387 0.9944988484587474 0.0 0.0 0.0 0.6275582482501607 0.7785696147764756
1629013240.443916321 3.7793683945827565 0.9949356006799432 0.0 0.0 0.0 0.627558264215261 0.7785696019079661
1629013240.544137478 3.7797193105951066 0.9946376241917424 0.0 0.0 0.0 0.6275582655303983 0.7785696008479127
1629013240.644346952 3.7804943130665887 0.9939041288767871 0.0 0.0 0.0 0.627558229513453 0.778569629879011
1629013240.644346952 3.780446228223421 0.9939662236084018 0.0 0.0 0.0 0.6275582411572782 0.7785696204936225
1629013241.045111418 3.780422567392951 0.9942347179720804 0.0 0.0 0.0 0.6275582266357606 0.7785696321985461
1629013241.245482445 3.7804017299802917 0.9944541655637652 0.0 0.0 0.0 0.6275582539823228 0.7785696101561237
1629013241.245482445 3.7792819731314133 0.9938953349542139 0.0 0.0 0.0 0.6275582331569199 0.7785696269422312
1629013241.646275520 3.778434945000622 0.9942898253182314 0.0 0.0 0.0 0.6275582492975658 0.7785696139322252
1629013241.746649981 3.7781849544077852 0.9950301908369648 0.0 0.0 0.0 0.6275582643821361 0.7785696017734579
1629013241.846660614 3.777831494937502 0.9946454180698988 0.0 0.0 0.0 0.6275582585132425 0.7785696065040211
1629013241.846660614 3.7780620391318553 0.9938837019496948 0.0 0.0 0.0 0.6275582581222319 0.7785696068191913
1629013242.247446537 3.777983584416634 0.9940475474016074 0.0 0.0 0.0 0.62755822679439 0.7785696320706844
1629013242.347635746 3.7764990449379727 0.9940206580308485 0.0 0.0 0.0 0.6275582715728276 0.7785695959774728
1629013242.748418331 3.7768773379031324 0.9943279150631623 0.0 0.0 0.0 0.6275582490900328 0.7785696140995051
1629013242.948856115 3.775775830274107 0.9944370813268151 0.0 0.0 0.0 0.6275582343081775 0.7785696260142716
1629013243.049047709 3.77588681608784 0.9945043321105212 0.0 0.0 0.0 0.6275582469155032 0.7785696158522629
1629013243.049047709 3.7757754299841615 0.9938125525922973 0.0 0.0 0.0 0.6275582432165724 0.7785696188337491
1629013243.550235271 3.776393131382638 0.9941489807332803 0.0 0.0 0.0 0.6275582503158419 0.778569613111454
1629013243.750394821 3.775956852774056 0.993234749522347 0.0 0.0 0.0 0.6275582456513238 0.7785696168712422
1629013243.850748301 3.7756914425665236 0.9937141353571884 0.0 0.0 0.0 0.6275581962355412 0.7785696567023365
1629013244.051008224 3.7757623965509644 0.9920843913550946 0.0 0.0 0.0 0.6275581908337 0.7785696610564359
1629013244.351556540 3.7764051922845496 0.9922606312621938 0.0 0.0 0.0 0.6275581812512845 0.7785696687802447
1629013244.551958561 3.7765541554360547 0.9936477104166986 0.0 0.0 0.0 0.6275582218911782 0.778569636022869
1629013244.752338409 3.7760700251759425 0.9933292369567558 0.0 0.0 0.0 0.6275582071586983 0.778569647897836
1629013245.052947521 3.77637223383265 0.9936383940766441 0.0 0.0 0.0 0.6275582148483818 0.7785696416996442
1629013245.253318071 3.77683175860326 0.9934829962888262 0.0 0.0 0.0 0.62755818754816 0.7785696637047121
1629013245.654092550 3.7776523858466464 0.9944971744853647 0.0 0.0 0.0 0.6275581741763887 0.7785696744828926
1629013245.858057976 3.7766568970088157 0.9938491217046767 0.0 0.0 0.0 0.6275581548391962 0.7785696900694398
1629013245.954675913 3.77718280287293 0.9944449814206643 0.0 0.0 0.0 0.6275581454984069 0.7785696975984875
1629013246.255266666 3.7752217735385765 0.9939597728579244 0.0 0.0 0.0 0.6275581308885247 0.7785697093746334
1629013246.555862904 3.7755598762655027 0.9934334814468117 0.0 0.0 0.0 0.6275581384073231 0.7785697033141831
1629013246.956682920 3.7750411745590178 0.9931314764664381 0.0 0.0 0.0 0.6275581560994227 0.778569689053647
1629013247.057110310 3.7747897305441582 0.9933691713380766 0.0 0.0 0.0 0.6275581088455693 0.7785697271421312
1629013247.157055855 3.774569791087615 0.9931406104307889 0.0 0.0 0.0 0.6275580831304203 0.7785697478695615
1629013247.358104467 3.773875607674359 0.9926839008411683 0.0 0.0 0.0 0.6275580656596035 0.7785697619517321
1629013247.358104467 3.77467400033523 0.993550862036806 0.0 0.0 0.0 0.6275580570860964 0.7785697688623183
1629013247.557822704 3.7754782308658097 0.993214776402873 0.0 0.0 0.0 0.6275580444387655 0.7785697790565675
1629013247.958601952 3.7756029137947187 0.992507334578301 0.0 0.0 0.0 0.627558047316489 0.7785697767370086
1629013248.259931803 3.7773072173781874 0.9923194910591314 0.0 0.0 0.0 0.6275580804244129 0.7785697500507107
1629013248.359395504 3.7763658153313457 0.9928218870246963 0.0 0.0 0.0 0.6275580294773102 0.7785697911160921
1629013248.359395504 3.7772460404968946 0.993606474933387 0.0 0.0 0.0 0.6275580308971299 0.7785697899716614
1629013248.459567547 3.7762157912769627 0.9945843162498019 0.0 0.0 0.0 0.6275580408853931 0.7785697819207263
1629013248.559775829 3.776871778881397 0.9940213264201602 0.0 0.0 0.0 0.6275580749479577 0.7785697544649507
1629013248.559775829 3.776142680377566 0.9935245984214459 0.0 0.0 0.0 0.6275580627224854 0.7785697643191657
1629013248.960558414 3.7751960927857793 0.9927263184387587 0.0 0.0 0.0 0.627558042945736 0.7785697802600084
1629013249.261137486 3.7749806762208147 0.9921607903552169 0.0 0.0 0.0 0.6275580469610027 0.7785697770235446
1629013249.461553097 3.7747949391302487 0.9910554385600889 0.0 0.0 0.0 0.6275580420029239 0.7785697810199522
1629013249.661929369 3.774837717602321 0.990975859945397 0.0 0.0 0.0 0.62755805548177 0.7785697701554688
1629013250.263106346 3.7747557347547853 0.9920201650254297 0.0 0.0 0.0 0.6275580577653226 0.7785697683148352
1629013250.363283634 3.773848427878039 0.9929360293130444 0.0 0.0 0.0 0.6275580208883869 0.7785697980391039
1629013250.463474512 3.7753851703177728 0.992814140998087 0.0 0.0 0.0 0.6275579780917157 0.77856983253491
1629013250.666935921 3.7745959073471997 0.9929483172873247 0.0 0.0 0.0 0.6275579268304753 0.7785698738534877
1629013250.864261150 3.7751561962464715 0.99275119487407 0.0 0.0 0.0 0.6275579132250564 0.7785698848199901
1629013251.365235329 3.7749712247984486 0.9935538085252407 0.0 0.0 0.0 0.6275579306760548 0.7785698707537995
1629013251.465437651 3.7745256109790337 0.992347157403699 0.0 0.0 0.0 0.6275579148162541 0.7785698835374222
1629013251.565629005 3.7754216316623403 0.9915488225099962 0.0 0.0 0.0 0.6275579249272315 0.778569875387577
1629013251.565629005 3.774935628509505 0.991614037049905 0.0 0.0 0.0 0.6275579108318616 0.7785698867489991
1629013252.166831970 3.775205746151462 0.9910677642458003 0.0 0.0 0.0 0.6275579378935187 0.7785698649362397
1629013252.367221832 3.7756928615150795 0.9913245919422582 0.0 0.0 0.0 0.6275579748794632 0.7785698351241122
1629013252.467393875 3.774374610059889 0.99104991525509 0.0 0.0 0.0 0.6275579670948777 0.7785698413987948
1629013252.567692995 3.7753107140391267 0.9913494791076743 0.0 0.0 0.0 0.6275579772745961 0.7785698331935406
1629013252.667804718 3.7744710330038487 0.9915833962879864 0.0 0.0 0.0 0.6275579343422608 0.7785698677986932
1629013252.667804718 3.775080421744644 0.9916352014410679 0.0 0.0 0.0 0.6275579237516071 0.7785698763351765
1629013252.868175983 3.7748179088423917 0.9906650574323513 0.0 0.0 0.0 0.6275579207661032 0.77856987874161
1629013253.068570137 3.7739214668557355 0.9902322474283795 0.0 0.0 0.0 0.6275579217707647 0.7785698779318133
1629013253.168779850 3.7741724504877583 0.99061555568556 0.0 0.0 0.0 0.6275579497213372 0.7785698554025526
1629013253.168779850 3.774023514531141 0.9922960994073665 0.0 0.0 0.0 0.627557943190489 0.7785698606666733
1629013253.769940376 3.774779943702462 0.9918044267502073 0.0 0.0 0.0 0.6275579409501135 0.778569862472504
1629013253.970323563 3.773427099656132 0.9923404800512096 0.0 0.0 0.0 0.6275579514674219 0.7785698539951396
1629013254.070553541 3.7732807642839807 0.9917860996666185 0.0 0.0 0.0 0.627557939660153 0.7785698635122629
1629013254.170717239 3.7721913457087495 0.9912471279309149 0.0 0.0 0.0 0.6275579480428682 0.7785698567554646
1629013254.170717239 3.7725542605238425 0.9911298271807023 0.0 0.0 0.0 0.62755793024854 0.7785698710983933
1629013254.771917343 3.771530147922348 0.9902634003732125 0.0 0.0 0.0 0.6275579125025967 0.778569885402321
1629013254.972341061 3.7712546598910337 0.9896321916644405 0.0 0.0 0.0 0.6275579029632204 0.7785698930914329
1629013255.573482752 3.770849869052365 0.9895919230288249 0.0 0.0 0.0 0.6275579109727805 0.7785698866354129
1629013255.974318027 3.7713408956596775 0.9880460973031803 0.0 0.0 0.0 0.6275578919311601 0.7785699019837065
1629013256.074461937 3.77099599074217 0.9877542391865437 0.0 0.0 0.0 0.6275579144036827 0.778569883869971
1629013256.074461937 3.7702416497275393 0.9881964937781619 0.0 0.0 0.0 0.6275579264863335 0.7785698741308796
1629013256.174642801 3.7703457235058586 0.9887538628703891 0.0 0.0 0.0 0.6275579571167694 0.7785698494415431
1629013256.876011133 3.770981500482617 0.9890097002222055 0.0 0.0 0.0 0.6275579402110443 0.778569863068223
1629013257.076419830 3.7711011354115187 0.9892281603996641 0.0 0.0 0.0 0.6275579223340805 0.7785698774777587
1629013257.076419830 3.7709446939971207 0.989698252351623 0.0 0.0 0.0 0.627557901842687 0.7785698939946268
1629013257.276793480 3.773130336078569 0.9898631562409014 0.0 0.0 0.0 0.6275579239132323 0.7785698762049003
1629013258.078352928 3.772552532012144 0.990335998288356 0.0 0.0 0.0 0.6275579456706781 0.7785698586675432
1629013258.579374075 3.7731995660723814 0.9911334752517351 0.0 0.0 0.0 0.6275579602263285 0.778569846935116
1629013258.779723406 3.7730901255539364 0.9913671681303576 0.0 0.0 0.0 0.6275579544746154 0.7785698515712233
1629013258.980110645 3.7739312636354954 0.9919247844625271 0.0 0.0 0.0 0.6275579160431621 0.7785698825484861
1629013259.581286430 3.774824302042539 0.9924933842969823 0.0 0.0 0.0 0.6275579302799188 0.7785698710731007
1629013260.082254410 3.774194112167147 0.9922673114078235 0.0 0.0 0.0 0.6275579152041211 0.7785698832247862
1629013260.182537079 3.7742058728344157 0.9917581001623155 0.0 0.0 0.0 0.6275579019050352 0.7785698939443717
1629013260.382846355 3.774573481998014 0.9924175544940412 0.0 0.0 0.0 0.6275579163640206 0.7785698822898616
1629013260.683427811 3.7743432345910994 0.9930935954216416 0.0 0.0 0.0 0.6275579224350257 0.7785698773963929
1629013260.783623695 3.774951411910641 0.9934105286389812 0.0 0.0 0.0 0.6275579229944235 0.7785698769454964
1629013260.984056950 3.774835463701379 0.9934511363103539 0.0 0.0 0.0 0.6275578944916834 0.7785698999198243
1629013261.184803009 3.774912359025824 0.9928431356951527 0.0 0.0 0.0 0.6275578767754301 0.7785699141998195
1629013261.385650158 3.7756400457659507 0.9947617272225522 0.0 0.0 0.0 0.6275578747660495 0.7785699158194589
1629013261.485024929 3.7761597398721785 0.9946455361692849 0.0 0.0 0.0 0.6275578345364551 0.7785699482460875
1629013262.086208582 3.7764458911262184 0.9950482910734727 0.0 0.0 0.0 0.6275578086457675 0.7785699691149937
1629013262.186375856 3.777060981633901 0.9958296248443049 0.0 0.0 0.0 0.6275578051208311 0.7785699719562301
1629013262.286608219 3.776906394309101 0.9960038540653173 0.0 0.0 0.0 0.6275577974877745 0.7785699781087718
1629013262.687365055 3.7775712806586492 0.9954751052615859 0.0 0.0 0.0 0.6275578068429758 0.7785699705681143
1629013262.787581205 3.778527222381563 0.9956878716334334 0.0 0.0 0.0 0.627557767469642 0.7785700023045575
1629013262.887779713 3.778482392653336 0.9945865701317871 0.0 0.0 0.0 0.6275577897054683 0.7785699843816144
1629013263.088128090 3.779124167206013 0.9953084194047032 0.0 0.0 0.0 0.6275577857228782 0.7785699875917373
1629013263.088128090 3.7789873970794816 0.9964054064555855 0.0 0.0 0.0 0.6275577956167475 0.7785699796168926
1629013263.388790369 3.7783921824361686 0.9965110555715959 0.0 0.0 0.0 0.6275577637974764 0.7785700052644662
1629013263.589112759 3.7787747771409705 0.996874982930936 0.0 0.0 0.0 0.6275577638315166 0.7785700052370285
1629013263.689300060 3.77902116080109 0.9973908011391357 0.0 0.0 0.0 0.6275578021019601 0.7785699743895581
1629013263.689300060 3.778416100329716 0.9971884594251449 0.0 0.0 0.0 0.6275578008353062 0.7785699754105305
1629013264.691281557 3.7773876676311122 0.9968515716195221 0.0 0.0 0.0 0.627557808455241 0.7785699692685655
1629013265.292447567 3.7774767177896664 0.9962676887546342 0.0 0.0 0.0 0.6275578225410928 0.7785699579148184
1629013265.893932343 3.77785591144114 0.996534175590293 0.0 0.0 0.0 0.6275577997808027 0.7785699762605015
1629013266.795362473 3.7783633000795525 0.9969083482719092 0.0 0.0 0.0 0.6275577315745308 0.7785700312374149
1629013266.996018648 3.7788914636838196 0.9967080331902308 0.0 0.0 0.0 0.6275577394561875 0.7785700248844929
1629013267.296465397 3.778581662534497 0.997012186551492 0.0 0.0 0.0 0.6275576843699214 0.7785700692861639
1629013267.396602631 3.7784539152521273 0.9959749323843776 0.0 0.0 0.0 0.6275577110280467 0.7785700477986799
1629013267.396602631 3.779140728561118 0.9949061327421638 0.0 0.0 0.0 0.62755767974017 0.7785700730179231
1629013267.596940279 3.7790515820563777 0.9947401319583509 0.0 0.0 0.0 0.6275576691315423 0.7785700815688885
1629013268.498708248 3.778808934530149 0.9949994665679422 0.0 0.0 0.0 0.627557681631236 0.7785700714936505
1629013269.099856377 3.77925241853749 0.9943697908574413 0.0 0.0 0.0 0.6275576753382055 0.7785700765660774
1629013269.200072765 3.778695897601817 0.9942547665278749 0.0 0.0 0.0 0.6275576622855055 0.7785700870870595
1629013269.400448322 3.7787945954174536 0.9944596870901334 0.0 0.0 0.0 0.6275576358837397 0.7785701083679051
1629013269.500660896 3.7786553269707346 0.9941136773656959 0.0 0.0 0.0 0.6275576499960172 0.7785700969928632
1629013269.600833416 3.7783189505234827 0.9938429523909743 0.0 0.0 0.0 0.6275576402859397 0.7785701048195616
1629013269.702066660 3.7771146441584444 0.9944917996108984 0.0 0.0 0.0 0.6275576095892784 0.7785701295622578
1629013269.801248312 3.776395988572842 0.9943957742638971 0.0 0.0 0.0 0.6275575901908892 0.7785701451981086
1629013269.801248312 3.7743158921515154 0.9935379969948915 0.0 0.0 0.0 0.6275575894904074 0.778570145762724
1629013269.901425600 3.7736539770890163 0.9936212526892161 0.0 0.0 0.0 0.6275576052516059 0.7785701330585895
1629013270.202024698 3.7737571230733176 0.9941090332553513 0.0 0.0 0.0 0.6275576547349406 0.7785700931731074
1629013270.302225113 3.774440913967341 0.9948931943677646 0.0 0.0 0.0 0.6275576561914135 0.7785700919991337
1629013270.403551102 3.7743295002506225 0.9951569406581954 0.0 0.0 0.0 0.6275576203375657 0.7785701208987227
1629013270.602983952 3.7743897051192965 0.9945569024797274 0.0 0.0 0.0 0.6275576425112793 0.7785701030258517
1629013270.702999592 3.7753220273193016 0.9943716268490665 0.0 0.0 0.0 0.6275576488241664 0.7785700979374203
1629013270.903461933 3.7761620688169577 0.9934556211200798 0.0 0.0 0.0 0.6275576708025496 0.7785700802219918
1629013270.903461933 3.7756298335624567 0.9941366884943209 0.0 0.0 0.0 0.6275576338176325 0.7785701100332675
1629013271.204852819 3.7759948924386313 0.9934844891554987 0.0 0.0 0.0 0.6275576188018034 0.7785701221366066
1629013271.404375553 3.7759005393696903 0.9928892820546336 0.0 0.0 0.0 0.6275576242793882 0.7785701177214613
1629013271.805147171 3.7757281250212005 0.994500688159165 0.0 0.0 0.0 0.6275576045834105 0.7785701335971807
1629013271.905340433 3.775431973640141 0.9937454183939417 0.0 0.0 0.0 0.6275576252709691 0.7785701169222088
1629013271.905340433 3.7750488412154195 0.9931170675135623 0.0 0.0 0.0 0.6275576205969844 0.7785701206896212
1629013272.206001997 3.775106310053568 0.993901346740231 0.0 0.0 0.0 0.6275575871724589 0.7785701476310799
1629013272.707123518 3.774858386201957 0.9931592090513657 0.0 0.0 0.0 0.6275575683559589 0.7785701627979048
1629013273.207884312 3.774792221502129 0.9929404938684201 0.0 0.0 0.0 0.6275575789752903 0.7785701542383141
1629013273.408269882 3.7741648678116655 0.9935087989351196 0.0 0.0 0.0 0.6275575606765925 0.7785701689877701
1629013273.809125662 3.774005903425404 0.9942694723575839 0.0 0.0 0.0 0.6275575754237875 0.7785701571009624
1629013274.009464025 3.7728162811019215 0.9935142813362816 0.0 0.0 0.0 0.6275576532385408 0.7785700943792635
1629013274.009464025 3.7730168145658824 0.9927325178751596 0.0 0.0 0.0 0.6275576362568344 0.7785701080671764
1629013275.311985254 3.7723255061557905 0.9923432901121856 0.0 0.0 0.0 0.6275576202384472 0.7785701209786161
1629013275.812977314 3.7727286097578725 0.9916569784736733 0.0 0.0 0.0 0.6275576474815583 0.7785700990196144
1629013275.913190365 3.771691618107891 0.9904786016996457 0.0 0.0 0.0 0.6275576748291289 0.7785700769764128
1629013276.013378859 3.7722698898729483 0.9912036080725897 0.0 0.0 0.0 0.6275577077044171 0.7785700504776544
1629013276.013378859 3.771963388998663 0.9908688853623135 0.0 0.0 0.0 0.6275577373948595 0.7785700265460035
1629013276.013378859 3.7717649801027453 0.990619042614745 0.0 0.0 0.0 0.6275577123431619 0.7785700467386458
1629013276.313955784 3.7724876524564284 0.9913624898700963 0.0 0.0 0.0 0.6275576899133746 0.7785700648179256
1629013276.313955784 3.771659810899829 0.99061051369262 0.0 0.0 0.0 0.6275576745160151 0.7785700772287947
1629013276.514402390 3.771758938236428 0.99150021203255 0.0 0.0 0.0 0.627557635039868 0.7785701090480984
1629013276.614527225 3.770936494270245 0.9930174495268571 0.0 0.0 0.0 0.6275576402818362 0.7785701048228691
1629013277.015316010 3.7714844890728076 0.9930860706154943 0.0 0.0 0.0 0.6275576373832459 0.7785701071592451
1629013277.015316010 3.7711874820057014 0.9932858625514701 0.0 0.0 0.0 0.6275576440473587 0.7785701017877122
1629013277.215725422 3.7714798520093957 0.9927226138919343 0.0 0.0 0.0 0.6275576792262287 0.7785700734321798
1629013277.416112423 3.7703957012472076 0.9923706254605867 0.0 0.0 0.0 0.6275576548888463 0.7785700930490534
1629013277.616681337 3.7721018537893753 0.9931677952744866 0.0 0.0 0.0 0.6275576575207172 0.7785700909276635
1629013278.117462635 3.7727290698641003 0.9924635888677448 0.0 0.0 0.0 0.6275576771972288 0.7785700750676324
1629013278.317893028 3.773672876889257 0.992448383100701 0.0 0.0 0.0 0.6275576538829253 0.7785700938598646
1629013278.418324947 3.7728557532793436 0.9918899096365682 0.0 0.0 0.0 0.627557612631778 0.7785701271098855
1629013278.518271446 3.7714137384049295 0.9933453557408362 0.0 0.0 0.0 0.6275576320743338 0.7785701114384337
1629013278.718654156 3.7721929771966414 0.9932408377769928 0.0 0.0 0.0 0.6275576290447668 0.7785701138803819
1629013278.919036388 3.772612895449091 0.9940494664912809 0.0 0.0 0.0 0.627557652008821 0.7785700953704654
1629013278.919036388 3.7721092763851085 0.9936209805633585 0.0 0.0 0.0 0.627557634966006 0.778570109107634
1629013279.019241810 3.7718739140329496 0.9938861326686095 0.0 0.0 0.0 0.6275576178675242 0.7785701228896718
1629013279.019241810 3.7717764078608425 0.9949569364192985 0.0 0.0 0.0 0.6275576224597654 0.7785701191881477
1629013279.822077751 3.772390504797694 0.9941478514478388 0.0 0.0 0.0 0.6275576270763042 0.7785701154670389
1629013280.021559715 3.7737912918403747 0.9941741235505536 0.0 0.0 0.0 0.6275576143702799 0.7785701257085857
1629013280.822953224 3.774161029410883 0.9950663723326593 0.0 0.0 0.0 0.627557585934748 0.7785701486287228
1629013281.023141384 3.772565087058862 0.9941802813833228 0.0 0.0 0.0 0.6275576055585563 0.7785701328111755
1629013281.323719501 3.772268775271032 0.993356072921354 0.0 0.0 0.0 0.6275576176472785 0.7785701230671983
1629013281.524127960 3.7716797080273805 0.9931614174681099 0.0 0.0 0.0 0.6275576308528007 0.7785701124230366
1629013281.724548578 3.7714023375838313 0.9933059741220803 0.0 0.0 0.0 0.6275576377285141 0.7785701068809455
1629013281.824714661 3.7720857153310927 0.9924510733122904 0.0 0.0 0.0 0.6275576187446843 0.7785701221826468
1629013281.824714661 3.7717730670840064 0.9937682054936313 0.0 0.0 0.0 0.6275576357930368 0.7785701084410152
1629013282.125304222 3.7705924699644715 0.9930086837839218 0.0 0.0 0.0 0.6275576260829533 0.7785701162677182
1629013282.225491524 3.769987416651166 0.993114811437712 0.0 0.0 0.0 0.6275576423111042 0.7785701031872007
1629013282.225491524 3.7701207470817755 0.9938791471360992 0.0 0.0 0.0 0.6275576455296407 0.7785701005929356
1629013282.526069880 3.7698584811371023 0.9944567039933637 0.0 0.0 0.0 0.6275576594461908 0.7785700893756572
1629013283.027065277 3.7692680317715426 0.9954895981571408 0.0 0.0 0.0 0.6275576768654614 0.7785700753350498
1629013283.127244234 3.7690123404885 0.9947256265980349 0.0 0.0 0.0 0.6275576488847356 0.7785700978885991
1629013283.227453947 3.76797942062033 0.9950159511838332 0.0 0.0 0.0 0.6275576073945994 0.7785701313312537
1629013283.227453947 3.767888896078401 0.9941216205968787 0.0 0.0 0.0 0.627557587487446 0.7785701473771882
1629013283.728429317 3.7679984859253555 0.9943098898789187 0.0 0.0 0.0 0.6275575725058605 0.7785701594529241
1629013283.928811550 3.767639604006454 0.9930995616531417 0.0 0.0 0.0 0.6275576021346119 0.778570135571007
1629013284.029018402 3.7681719370073843 0.9930677827684928 0.0 0.0 0.0 0.627557587527918 0.7785701473445662
1629013284.129204512 3.7688618727218604 0.9926255893632139 0.0 0.0 0.0 0.627557577772759 0.7785701552076008
1629013284.129204512 3.768392495896333 0.9930148475143866 0.0 0.0 0.0 0.6275575702493049 0.7785701612717949
1629013285.031048775 3.769126717466604 0.9924282676205438 0.0 0.0 0.0 0.6275575546857438 0.7785701738166251
1629013285.131157875 3.7682531709408242 0.991528223518152 0.0 0.0 0.0 0.6275575681997964 0.7785701629237778
1629013285.131157875 3.7685844644536193 0.9915633002775343 0.0 0.0 0.0 0.6275575382246967 0.7785701870848629
1629013285.331543922 3.7691531222860584 0.9906581459740849 0.0 0.0 0.0 0.6275575229851823 0.7785701993684978
1629013285.331543922 3.769541418402284 0.9917316159665219 0.0 0.0 0.0 0.6275575370559143 0.7785701880269464
1629013285.632148743 3.769818297318325 0.9915269024234439 0.0 0.0 0.0 0.6275575373353142 0.7785701878017394
1629013285.732345343 3.7700552422473277 0.991439117270633 0.0 0.0 0.0 0.627557583548353 0.7785701505522491
1629013285.932733774 3.7702881630159477 0.9915210908483785 0.0 0.0 0.0 0.6275575548956885 0.7785701736474014
1629013285.932733774 3.7713297162179256 0.9906963756251089 0.0 0.0 0.0 0.6275575384910408 0.7785701868701792
1629013286.233335018 3.7715630349044167 0.9906951305177425 0.0 0.0 0.0 0.6275575660849279 0.7785701646284433
1629013287.335497141 3.7711904911661347 0.9914231064501213 0.0 0.0 0.0 0.627557539384098 0.7785701861503408
1629013288.238262653 3.7721088037699673 0.9902029874028314 0.0 0.0 0.0 0.6275575268741689 0.7785701962338251
1629013289.139037371 3.7708340874648907 0.9917239696756353 0.0 0.0 0.0 0.6275575320154705 0.7785701920897382
1629013289.239264727 3.7707717845276343 0.9922130802514666 0.0 0.0 0.0 0.6275575074534893 0.7785702118876394
1629013289.339389801 3.7703939305446807 0.9925321653168806 0.0 0.0 0.0 0.6275575197046912 0.7785702020126998
1629013289.539778709 3.771191493346527 0.9925019416515277 0.0 0.0 0.0 0.627557537503138 0.7785701876664669
1629013289.740151167 3.7708536520588596 0.9923374091473389 0.0 0.0 0.0 0.6275575401138852 0.7785701855621042
1629013289.940553188 3.772279016090536 0.9921030559865347 0.0 0.0 0.0 0.6275575561316198 0.7785701726511932
1629013290.241132259 3.7722857179967333 0.9914259095752723 0.0 0.0 0.0 0.6275575532817175 0.7785701749483243
1629013290.642004013 3.7720635636248567 0.9916386078307186 0.0 0.0 0.0 0.6275575228695505 0.7785701994617015
1629013290.942499161 3.7725613177136776 0.9915628366421453 0.0 0.0 0.0 0.6275575355831283 0.7785701892140686
1629013291.042703152 3.772962126834991 0.9918685964111876 0.0 0.0 0.0 0.6275575165117431 0.7785702045863386
1629013291.042703152 3.773160590605513 0.9914377112503775 0.0 0.0 0.0 0.6275575297416297 0.7785701939225412
1629013291.643872261 3.7719156935778235 0.991985954387317 0.0 0.0 0.0 0.6275575231870562 0.7785701992057796
1629013291.944457531 3.7718171220282515 0.9922478798534065 0.0 0.0 0.0 0.6275575728060793 0.7785701592109362
1629013292.144999266 3.771614822023707 0.9938366980797053 0.0 0.0 0.0 0.6275575956564041 0.7785701407926926
1629013292.345243454 3.772243431516245 0.9941493067175079 0.0 0.0 0.0 0.6275576051992051 0.7785701331008265
1629013292.445479393 3.7720813727291884 0.9939325493424891 0.0 0.0 0.0 0.6275576208168401 0.778570120512409
1629013292.445479393 3.7719622017075674 0.9921835007887685 0.0 0.0 0.0 0.6275576286993109 0.7785701141588327
1629013293.047432423 3.772376545289113 0.9922885725565123 0.0 0.0 0.0 0.6275576415386818 0.778570103809803
1629013293.247035027 3.771801741957277 0.9939233358190505 0.0 0.0 0.0 0.6275576246929742 0.7785701173880951
1629013293.848223686 3.771474157050815 0.9939330313404476 0.0 0.0 0.0 0.6275576354777567 0.7785701086951432
1629013294.248976707 3.7711891161240194 0.9958271950319515 0.0 0.0 0.0 0.6275576022121838 0.778570135508481
1629013294.449362993 3.771199285436688 0.9952920084081149 0.0 0.0 0.0 0.6275576111426073 0.7785701283102145
1629013294.549557686 3.771906866933363 0.9957608376429382 0.0 0.0 0.0 0.6275576007899578 0.7785701366548501
1629013295.150742054 3.772449849224741 0.996071810423893 0.0 0.0 0.0 0.627557587062547 0.7785701477196731
1629013295.250942469 3.7723368186035815 0.9949477530447824 0.0 0.0 0.0 0.6275576127294894 0.7785701270311264
1629013295.351131916 3.7741830134637473 0.9951328409797825 0.0 0.0 0.0 0.6275575964981093 0.7785701401142457
1629013295.351131916 3.7743608147941177 0.9951713217149726 0.0 0.0 0.0 0.6275576181317262 0.7785701226767147
1629013295.651784420 3.77526077513469 0.9937193309491872 0.0 0.0 0.0 0.6275576407003891 0.7785701044854993
1629013296.152692318 3.775296525366312 0.9942930865526927 0.0 0.0 0.0 0.6275576217808976 0.7785701197353414
1629013296.252875090 3.775513171745011 0.9954539489974964 0.0 0.0 0.0 0.6275576280214754 0.7785701147051943
1629013296.453254938 3.774963508981136 0.9961499486445865 0.0 0.0 0.0 0.627557639917487 0.7785701051165487
1629013296.753854752 3.7745800024159877 0.9949821661861127 0.0 0.0 0.0 0.6275576271859385 0.7785701153786694
1629013297.054462671 3.775491317312771 0.9952098703748883 0.0 0.0 0.0 0.6275576618727029 0.7785700874197944
1629013297.154661655 3.7749955670670188 0.9955278404428743 0.0 0.0 0.0 0.6275576943647931 0.7785700612299095
1629013297.254834890 3.7756230797245967 0.9959888910714356 0.0 0.0 0.0 0.6275576793229001 0.7785700733542589
1629013297.254834890 3.7738386019441816 0.9959906754536851 0.0 0.0 0.0 0.6275576861805072 0.7785700678267615
1629013297.555447102 3.773471420770416 0.9964765930697284 0.0 0.0 0.0 0.6275576748418971 0.7785700769661211
1629013297.755830765 3.7732185839637085 0.997547984700184 0.0 0.0 0.0 0.6275576484231753 0.7785700982606347
1629013297.856037855 3.7743932506050655 0.9968995178318392 0.0 0.0 0.0 0.6275576304706045 0.7785701127311015
1629013297.956216335 3.7733768963270453 0.9979030329939693 0.0 0.0 0.0 0.6275576138971592 0.7785701260899394
1629013298.056957483 3.7718498383879786 0.9980554722907377 0.0 0.0 0.0 0.6275576276527229 0.7785701150024231
1629013298.156583786 3.7726825264281643 0.9984182197898809 0.0 0.0 0.0 0.627557633646005 0.7785701101716059
1629013298.356981039 3.772113393996032 0.9976253751606968 0.0 0.0 0.0 0.6275576332757143 0.7785701104700745
1629013298.356981039 3.7710752904211784 0.9973326846276935 0.0 0.0 0.0 0.6275576016659554 0.7785701359487621
1629013298.557417154 3.77081348846434 0.9978360664872595 0.0 0.0 0.0 0.6275576177622184 0.7785701229745522
1629013298.958150387 3.769743837057103 0.997614682552101 0.0 0.0 0.0 0.6275576401183713 0.7785701049546282
1629013299.158659935 3.770371147162028 0.9983701969582428 0.0 0.0 0.0 0.6275576059016008 0.7785701325346683
1629013299.358932257 3.7707390086555734 0.9981463398746309 0.0 0.0 0.0 0.6275576083885511 0.7785701305300903
1629013299.759720087 3.7704915530786853 0.9985926709536714 0.0 0.0 0.0 0.6275576128420842 0.7785701269403705
1629013300.060306549 3.772065525147242 0.9991013224266643 0.0 0.0 0.0 0.6275576230110794 0.7785701187437672
1629013300.160758972 3.7718168640488576 0.9994415636776619 0.0 0.0 0.0 0.6275576543308576 0.7785700934988139
1629013300.361333370 3.7722625915464296 1.0002773614234264 0.0 0.0 0.0 0.6275576454093977 0.778570100689856
1629013300.461078167 3.771753680297374 0.9995428406617081 0.0 0.0 0.0 0.6275576595280136 0.7785700893097048
1629013300.962058544 3.7703924739244354 0.9984246135352446 0.0 0.0 0.0 0.6275576396926258 0.7785701052977956
1629013301.362841129 3.7709317012991552 0.9991118587275292 0.0 0.0 0.0 0.6275576293816055 0.7785701136088768
1629013301.863822460 3.770220660023938 1.0002069410740517 0.0 0.0 0.0 0.6275576655021309 0.7785700844943347
1629013302.164443970 3.770014244573853 1.0008931864894361 0.0 0.0 0.0 0.6275576488607812 0.7785700979079073
1629013302.665424824 3.7694177622653733 1.0016867531246931 0.0 0.0 0.0 0.6275576476119209 0.7785700989145371
1629013302.865775824 3.769986686690825 1.0027372996962032 0.0 0.0 0.0 0.6275576341980246 0.7785701097266567
1629013303.867745638 3.7701634263731156 1.0025541344188469 0.0 0.0 0.0 0.6275575698403223 0.7785701616014506
1629013304.068133831 3.7706365640989117 1.0018817773358812 0.0 0.0 0.0 0.6275575438068247 0.7785701825854529
1629013304.168321133 3.7699772290914186 1.00192615832103 0.0 0.0 0.0 0.6275575530555054 0.77857017513066
1629013304.168321133 3.77023637679419 1.0006238264024439 0.0 0.0 0.0 0.6275576042998816 0.7785701338257159
1629013304.370109081 4.530187791514681 -1.8785476356392437 0.0 0.0 0.0 0.6843651258710561 0.7291394753347905
1629013304.769490957 4.530843275058587 -1.87854672221919 0.0 0.0 0.0 0.684365129117348 0.7291394722878439
1629013305.271343708 4.531325851734201 -1.8777968139533372 0.0 0.0 0.0 0.6843651058446032 0.7291394941314763
1629013305.470873833 4.531475347350134 -1.8772529304168502 0.0 0.0 0.0 0.684365108912049 0.7291394912523935
1629013305.571066380 4.530855714287725 -1.8785416050010841 0.0 0.0 0.0 0.6843650743501593 0.7291395236919345
1629013305.571066380 4.532598896932238 -1.8783188820658867 0.0 0.0 0.0 0.6843650802085582 0.7291395181932835
1629013306.072058678 4.532808791343484 -1.8782665694165905 0.0 0.0 0.0 0.6843650493924684 0.7291395471170414
1629013306.172584057 4.5321116728256605 -1.87800489861211 0.0 0.0 0.0 0.6843650517311717 0.7291395449219517
1629013306.272438526 4.531190559932507 -1.8784891183338126 0.0 0.0 0.0 0.6843650170966586 0.7291395774296511
1629013306.272438526 4.5313216098672315 -1.8806746630681084 0.0 0.0 0.0 0.6843650069818245 0.7291395869233596
1629013306.575726032 4.531488176810754 -1.8800787527831033 0.0 0.0 0.0 0.6843649918934752 0.7291396010851718
1629013307.374596596 4.531898405218022 -1.8799781921444767 0.0 0.0 0.0 0.6843650030247377 0.7291395906374518
1629013307.975763083 4.53258616251702 -1.8796341241070325 0.0 0.0 0.0 0.6843649932426715 0.7291395998188263
1629013308.075963020 4.532867264923487 -1.8793791727743727 0.0 0.0 0.0 0.68436499212183 0.7291396008708398
1629013308.075963020 4.53258405791817 -1.8802724468771261 0.0 0.0 0.0 0.6843649972468113 0.7291395960605705
1629013308.476742268 4.5320651913945715 -1.8803954003788537 0.0 0.0 0.0 0.6843649939810479 0.7291395991257917
1629013308.577086210 4.53182024211676 -1.8798111765710848 0.0 0.0 0.0 0.6843649702151179 0.7291396214323158
1629013308.577086210 4.531695965368732 -1.8800497773654414 0.0 0.0 0.0 0.6843649270414546 0.7291396619547894
1629013308.777350664 4.532703842856148 -1.880739266873023 0.0 0.0 0.0 0.6843649308464819 0.7291396583834198
