1629013127.723922968 -0.0007717725979086174 -0.00017151280166064072 0.0 0.0 0.0 4.424121040043096e-09 1.0
1629013128.224887848 -0.0013200025997889293 -0.0006099505282989902 0.0 0.0 0.0 -4.8640826390327394e-09 1.0
1629013128.425327301 -0.0015238169043975788 0.0002493733793115495 0.0 0.0 0.0 -5.80749656192231e-08 0.9999999999999983
1629013128.525490284 -0.0030739755942087305 -0.0002547198100652843 0.0 0.0 0.0 -1.0359161426236804e-07 0.9999999999999947
1629013128.625700474 -0.002873226520378466 -0.0008206629679730959 0.0 0.0 0.0 -1.363541265809409e-07 0.9999999999999907
1629013128.625700474 -0.001373213604597334 -0.0005378931165451403 0.0 0.0 0.0 -1.454453189300784e-07 0.9999999999999895
1629013128.926275730 -0.0023665631334387795 0.000983441427257781 0.0 0.0 0.0 -1.0520090101376277e-07 0.9999999999999944
1629013129.327075481 0.0008072773375282992 0.0005828459465810226 0.0 0.0 0.0 0.0007178185197984786 0.9999997423682532
1629013129.727863789 0.0010000231653292154 -0.00024779142157971984 0.0 0.0 0.0 0.000717814753221343 0.9999997423709568
1629013129.928267002 0.0019440888006533174 -0.00019945758126304664 0.0 0.0 0.0 0.0007177673227415709 0.999999742405002
1629013130.128615141 0.0011032880898147407 -0.0004030586222313662 0.0 0.0 0.0 0.0007177617331322568 0.999999742409014
1629013130.729794502 0.0003268929778974833 -0.0013957165978064024 0.0 0.0 0.0 0.0007179014250840335 0.9999997423087388
1629013130.830001831 -3.517637440246372e-05 0.0009460231957040824 0.0 0.0 0.0 0.0007178099272512592 0.999999742374421
1629013131.230769873 -0.0006754829641816602 -0.0007613067236537008 0.0 0.0 0.0 0.0007177450309755154 0.9999997424210021
1629013131.631546736 0.0002604190907679473 0.00041315419640028573 0.0 0.0 0.0 0.0007177108160783831 0.9999997424455591
1629013131.731744289 0.0020575618299087037 -0.0003884663242167023 0.0 0.0 0.0 0.000717838726498559 0.9999997423537482
1629013131.831948757 -0.00562533873527115 0.0003670409065500525 0.0 0.0 0.0 0.0007177539838269989 0.9999997424145761
1629013131.831948757 0.006013167061585254 -0.00040322467105991834 0.0 0.0 0.0 0.0007179155627158289 0.9999997422985892
1629013132.533311367 -0.001309572785297079 -0.002699564005550803 0.0 0.0 0.0 0.000717744555191591 0.9999997424213436
1629013132.934135914 0.1568724148734537 -0.03822395977001657 0.0 0.0 0.0 0.024679426339060805 0.9996954165722552
1629013133.134488583 0.16227962141213248 -0.041125985251814705 0.0 0.0 0.0 0.02467975962088233 0.9996954083444894
1629013133.635461807 0.15583010670611316 -0.03756629970043193 0.0 0.0 0.0 0.0246795366075262 0.9996954138500576
1629013135.038238049 0.15532428639262588 -0.037315927506807706 0.0 0.0 0.0 0.024679540274048062 0.9996954137595419
1629013135.243909359 0.15684486375861803 -0.03868142201616363 0.0 0.0 0.0 0.024679384742182345 0.9996954175991543
1629013135.639563084 0.15802103766381242 -0.03847973731698321 0.0 0.0 0.0 0.024679373386857047 0.999695417879482
1629013135.739579201 0.15776918058478676 -0.03786260741286042 0.0 0.0 0.0 0.024679341136132113 0.9996954186756516
1629013136.140389442 0.16003560529631541 -0.0328767568273759 0.0 0.0 0.0 0.024679542184784072 0.9996954137123715
1629013135.739579201 0.18078476476939898 -0.09655205963574598 0.0 0.0 0.0 -0.058232747023746215 0.99830303373979
1629013136.240868092 0.1811136560163364 -0.09902407489838971 0.0 0.0 0.0 -0.058232681074769664 0.998303037586706
1629013136.340748310 0.18068334914572778 -0.10008165700262782 0.0 0.0 0.0 -0.05823267243595646 0.9983030380906224
1629013136.340748310 0.1775684353343383 -0.09565610396074348 0.0 0.0 0.0 -0.058232862074058055 0.9983030270286992
1629013136.541119576 0.1769687841726273 -0.0953974906036794 0.0 0.0 0.0 -0.058232840734014434 0.9983030282735031
1629013137.242624760 0.17883916993820617 -0.09406201957506483 0.0 0.0 0.0 -0.05823288080256084 0.9983030259362308
1629013137.342700481 0.17485376136446296 -0.09052755876391382 0.0 0.0 0.0 -0.058232562594888175 0.998303044497828
1629013137.342700481 0.1794859675496717 -0.09272463248730851 0.0 0.0 0.0 -0.05823270126731662 0.9983030364088409
1629013137.552075386 0.17941505091934953 -0.09296551353865302 0.0 0.0 0.0 -0.05823270073406739 0.9983030364399462
1629013138.044185638 0.1875365943997218 -0.09726064608594387 0.0 0.0 0.0 -0.05823280473179372 0.9983030303735779
1629013138.545035839 0.18805092807562326 -0.096370513404114 0.0 0.0 0.0 -0.05823278588394933 0.9983030314730063
1629013139.446808338 0.17152668979950275 -0.09422720170669709 0.0 0.0 0.0 -0.058232404028582416 0.9983030537472336
1629013139.847644329 0.18032021288190223 -0.08912206383189948 0.0 0.0 0.0 -0.05823271786916398 0.998303035440427
1629013138.044185638 0.5396874728231298 -0.36878668101723244 0.0 0.0 0.0 -0.20136541125700258 0.9795161923874961
1629013138.545035839 0.7684460522271002 -0.4774614612759317 0.0 0.0 0.0 -0.22709267514926956 0.973873152363052
1629013138.945878506 0.9784756271145959 -0.55072890913833 0.0 0.0 0.0 -0.23880035392432908 0.971068684988665
1629013139.446808338 1.1566099839715858 -0.6407895603485564 0.0 0.0 0.0 -0.24916002479557953 0.9684623286653261
1629013139.847644329 1.2514606983053391 -0.7089646235370326 0.0 0.0 0.0 -0.25657526848148793 0.9665242529826411
1629013140.047982454 1.2514614335927385 -0.7077109545338102 0.0 0.0 0.0 -0.2565752548487195 0.9665242566016202
1629013140.248363495 1.2511973036331343 -0.7083423374155261 0.0 0.0 0.0 -0.25657525202257536 0.9665242573518535
1629013140.248363495 1.3647956310788085 -0.7639115668550417 0.0 0.0 0.0 -0.26321527101019654 0.9647371253906573
1629013140.649135590 1.363568208835732 -0.7638948644220764 0.0 0.0 0.0 -0.2632152475408662 0.9647371317939414
1629013141.250308990 1.3640895102811579 -0.7636675334486143 0.0 0.0 0.0 -0.2632152659644126 0.9647371267673301
1629013141.751293659 1.3645241449017627 -0.7632862687569484 0.0 0.0 0.0 -0.2632153006582626 0.9647371173015893
1629013142.853490353 1.3643609895521829 -0.7636929819166772 0.0 0.0 0.0 -0.26321529328226695 0.9647371193140286
1629013143.053889513 1.3632400200292283 -0.7626461255101189 0.0 0.0 0.0 -0.26321527840582015 0.964737123372863
1629013143.154386997 1.3632212043801648 -0.7634509734915795 0.0 0.0 0.0 -0.26321525480308 0.9647371298125462
1629013143.254235268 1.3630415461004206 -0.7634254339641237 0.0 0.0 0.0 -0.26321526817058494 0.9647371261654063
1629013143.354449272 1.3637501304046376 -0.7626715446547067 0.0 0.0 0.0 -0.26321526649527877 0.9647371266224906
1629013143.454634190 1.3635632867224092 -0.7623206342812909 0.0 0.0 0.0 -0.2632152760154695 0.9647371240250373
1629013144.055785656 1.3648525708951975 -0.7626782032984823 0.0 0.0 0.0 -0.26321524331119206 0.9647371329479497
1629013144.256221533 1.3642989715380456 -0.763103740428858 0.0 0.0 0.0 -0.26321523258831503 0.9647371358735389
1629013144.357876301 1.3635321112776952 -0.7629346545606827 0.0 0.0 0.0 -0.2632152615265224 0.9647371279781475
1629013144.656959772 1.3627795268416059 -0.7629388283365113 0.0 0.0 0.0 -0.26321522745123055 0.9647371372751217
1629013144.757164955 1.364489244551791 -0.764650086677636 0.0 0.0 0.0 -0.26321522960861604 0.9647371366865087
1629013144.757164955 1.364489051123823 -0.7648490989638289 0.0 0.0 0.0 -0.26321524287154496 0.9647371330679013
1629013144.957559347 1.3643536402234913 -0.7644806885315217 0.0 0.0 0.0 -0.26321520651834773 0.9647371429863699
1629013145.057746887 1.3643823093306575 -0.7646361306878441 0.0 0.0 0.0 -0.2632151830571105 0.9647371493874441
1629013145.157940865 1.3637999033358683 -0.7642052599673067 0.0 0.0 0.0 -0.2632151991890447 0.964737144986069
1629013145.258138657 1.364520437592264 -0.7632300104350505 0.0 0.0 0.0 -0.2632151872082614 0.9647371482548601
1629013145.258138657 1.364571883843257 -0.7646074696153135 0.0 0.0 0.0 -0.263215170041519 0.9647371529385681
1629013145.658915520 1.3647202505605553 -0.7650697346253795 0.0 0.0 0.0 -0.26321518475530187 0.9647371489241162
1629013145.859305143 1.3647118825360174 -0.7652181954635219 0.0 0.0 0.0 -0.26321519957393436 0.9647371448810572
1629013145.959497690 1.3646541440424316 -0.7651984411076957 0.0 0.0 0.0 -0.26321521788308655 0.9647371398856578
1629013146.260293722 1.3647674252431934 -0.7640079016437047 0.0 0.0 0.0 -0.2632152022037987 0.9647371441635351
1629013146.360308409 1.3649186211668154 -0.7648645548917976 0.0 0.0 0.0 -0.2632151773571713 0.9647371509425937
1629013146.761072397 1.3646228098569402 -0.7645179315372795 0.0 0.0 0.0 -0.26321512270028385 0.9647371658549673
1629013146.861275196 1.3655968420400038 -0.7646368572875422 0.0 0.0 0.0 -0.2632151484192196 0.9647371588379128
1629013146.961471319 1.3658166394053075 -0.763747574721322 0.0 0.0 0.0 -0.26321516226423747 0.9647371550604916
1629013147.363122463 1.3655743247319378 -0.7639673490341126 0.0 0.0 0.0 -0.26321516635562636 0.9647371539442129
1629013147.662840843 1.3659218374647137 -0.7649903488182584 0.0 0.0 0.0 -0.26321514871866225 0.964737158756214
1629013147.963420868 1.3658152347740744 -0.7642876202657415 0.0 0.0 0.0 -0.26321512764300425 0.9647371645064147
1629013148.163911819 1.3672270003315126 -0.7644573620460501 0.0 0.0 0.0 -0.26321510310982427 0.9647371711999515
1629013148.464430809 1.3671348500604694 -0.7650667415543954 0.0 0.0 0.0 -0.2632150990112702 0.9647371723181849
1629013148.564584255 1.3672156404249005 -0.7652005506964972 0.0 0.0 0.0 -0.26321512673826875 0.9647371647532592
1629013148.967636585 1.3660236278176427 -0.764319586471509 0.0 0.0 0.0 -0.2632151515678194 0.9647371579788611
1629013149.566569805 1.3645357792175596 -0.7637755768810444 0.0 0.0 0.0 -0.26321510849358043 0.9647371697310686
1629013149.566569805 3.274424326459788 -0.746574663627521 0.0 0.0 0.0 0.09195299915051416 0.995763348365075
1629013150.267954588 3.2756525908866494 -0.7465952786501315 0.0 0.0 0.0 0.09195298843238282 0.9957633493548325
1629013150.368111134 3.27574405452435 -0.7479883186738641 0.0 0.0 0.0 0.09195294686274054 0.9957633531935477
1629013150.468353271 3.2762388076083684 -0.7479564259679269 0.0 0.0 0.0 0.09195302519920945 0.9957633459596279
1629013150.571737289 3.2754635736128814 -0.746726967959314 0.0 0.0 0.0 0.09195304838703912 0.9957633438183647
1629013150.668736935 3.2749623934276038 -0.7476783705847175 0.0 0.0 0.0 0.09195306449442739 0.9957633423309394
1629013150.768898010 3.2742860179803324 -0.7477413160469577 0.0 0.0 0.0 0.09195308422204607 0.9957633405092062
1629013150.869095564 3.27381460367245 -0.7478609188260558 0.0 0.0 0.0 0.09195305294021455 0.9957633433979051
1629013151.470263958 3.273088226728565 -0.7468406559428137 0.0 0.0 0.0 0.09195301319496048 0.9957633470681513
1629013151.570468903 3.272433869890465 -0.7479063527552564 0.0 0.0 0.0 0.0919529743753626 0.9957633506529169
1629013151.770849705 3.6215070145298527 -0.6030221769206754 0.0 0.0 0.0 0.24155007750293933 0.9703883552775785
1629013151.971232891 3.6222458193548293 -0.6035541946144368 0.0 0.0 0.0 0.24155007005354617 0.9703883571318892
1629013152.171621323 3.6216706779964993 -0.6035246235489322 0.0 0.0 0.0 0.24155005339111266 0.9703883612795192
1629013152.672604084 3.6227283515666313 -0.6031196529720708 0.0 0.0 0.0 0.24155009413382772 0.9703883511378004
1629013152.772806168 3.623062996842084 -0.6034944721611132 0.0 0.0 0.0 0.24155011202414356 0.9703883466845239
1629013152.872993946 3.622807715318938 -0.6040819282814905 0.0 0.0 0.0 0.24155009385710727 0.9703883512066819
1629013152.872993946 3.6463933549704306 -0.4092197552671469 0.0 0.0 0.0 0.36246671460458274 0.9319967171636174
1629013153.073383331 3.6467552098247618 -0.4086099837826665 0.0 0.0 0.0 0.3624667142396616 0.9319967173055405
1629013153.574472904 3.646231464263322 -0.4090994473097821 0.0 0.0 0.0 0.3624667114955997 0.931996718372745
1629013153.874973774 3.6461944442439416 -0.40875123351639386 0.0 0.0 0.0 0.3624666773805727 0.931996731640561
1629013153.975163460 3.646590903636595 -0.4092189709559433 0.0 0.0 0.0 0.36246663190655365 0.9319967493260473
1629013153.975163460 3.646945880936231 -0.40959548459941814 0.0 0.0 0.0 0.3624666128130139 0.9319967567517929
1629013154.278061152 3.6475033045421226 -0.40938400217710835 0.0 0.0 0.0 0.3624666504565681 0.9319967421116857
1629013154.375954628 3.6465248190532167 -0.4090046507547309 0.0 0.0 0.0 0.36246665392657823 0.93199674076215
1629013154.576766491 3.6474877965701196 -0.4096825487702921 0.0 0.0 0.0 0.36246665553210766 0.9319967401377369
1629013154.678047657 3.6476264355751833 -0.4101507746612452 0.0 0.0 0.0 0.3624666889035428 0.9319967271591153
1629013154.878062725 3.647406841807131 -0.40922853821688693 0.0 0.0 0.0 0.3624666816681616 0.9319967299730572
1629013155.377923250 3.646649015746118 -0.408460186899404 0.0 0.0 0.0 0.3624666915083623 0.9319967261460641
1629013155.578306198 3.647278819701643 -0.40925977679515135 0.0 0.0 0.0 0.36246670911131706 0.9319967193000263
1629013155.778695822 3.6479728578773027 -0.40903935593097057 0.0 0.0 0.0 0.36246668441716345 0.9319967289039315
1629013155.878878117 3.647442285368996 -0.40840857087041127 0.0 0.0 0.0 0.3624666907742757 0.9319967264315608
1629013155.979108810 3.646328358944918 -0.4080460733408019 0.0 0.0 0.0 0.36246668777686053 0.9319967275972979
1629013156.079273701 3.647185253548791 -0.409027211436366 0.0 0.0 0.0 0.36246669251205266 0.9319967257557148
1629013156.079273701 3.646851570557729 -0.4094729346585942 0.0 0.0 0.0 0.362466720459167 0.9319967148866868
1629013156.279649734 3.6462634304195367 -0.40901870801102774 0.0 0.0 0.0 0.36246671089482096 0.9319967186063963
1629013156.379860163 3.646680267567315 -0.40904355846571133 0.0 0.0 0.0 0.3624667206794142 0.9319967148010295
1629013156.480060577 3.6467739992147057 -0.4067590716270188 0.0 0.0 0.0 0.36246673622458575 0.931996708755292
1629013156.581030369 3.647010726878465 -0.40622382201972557 0.0 0.0 0.0 0.36246676253168275 0.9319966985240885
1629013156.680430412 3.6463537946740607 -0.4063407139641148 0.0 0.0 0.0 0.3624668059148476 0.931996681651758
1629013156.780653477 3.64636181311671 -0.40488275830940995 0.0 0.0 0.0 0.3624668296525016 0.9319966724198453
1629013156.780653477 3.6465535070564066 -0.4052426778414392 0.0 0.0 0.0 0.3624668715639616 0.9319966561198783
1629013157.181401730 3.645347735265232 -0.4070235766180694 0.0 0.0 0.0 0.3624669171407856 0.9319966383943962
1629013157.686052322 3.645194868228674 -0.40682109008453876 0.0 0.0 0.0 0.36246695641298227 0.9319966231208723
1629013157.982985973 3.647136434285571 -0.4067203369723623 0.0 0.0 0.0 0.36246693215741327 0.9319966325542133
1629013158.684444427 3.6477409785899506 -0.40727507589819273 0.0 0.0 0.0 0.36246696825085406 0.9319966185169527
1629013158.784572601 3.647638173902646 -0.40699033515615113 0.0 0.0 0.0 0.36246697277912915 0.931996616755841
1629013158.984942913 3.6473973053220257 -0.4072521518961113 0.0 0.0 0.0 0.3624669737167903 0.931996616391171
1629013159.085130692 3.648482422596867 -0.4074955025209921 0.0 0.0 0.0 0.3624670230810094 0.9319965971927102
1629013159.485904694 3.6488419015659423 -0.4086609921140929 0.0 0.0 0.0 0.3624670982400385 0.9319965679622679
1629013159.686296701 3.648637278132369 -0.4091585401649395 0.0 0.0 0.0 0.36246705312757577 0.9319965855071634
1629013159.886710405 3.6486154896227982 -0.4098430671133432 0.0 0.0 0.0 0.3624670420714158 0.931996589807065
1629013160.187287807 3.646998839485127 -0.41015586690980316 0.0 0.0 0.0 0.36246702254470187 0.931996597401288
1629013160.287604094 3.6474034984860872 -0.4094861879805883 0.0 0.0 0.0 0.3624670330997902 0.9319965932962607
1629013160.490854502 3.9504797720074127 2.2869697735943357 0.0 0.0 0.0 0.911993654963817 0.4102043067859458
1629013160.588062286 3.9514460506351883 2.28682487605421 0.0 0.0 0.0 0.9119936406794306 0.4102043385439477
1629013160.788452625 3.950271674299585 2.286208457943345 0.0 0.0 0.0 0.9119936366548913 0.41020434749157175
1629013161.089177847 3.948533437533045 2.2860636952846796 0.0 0.0 0.0 0.9119936190318828 0.4102043866722161
1629013161.590049744 3.9498489281244145 2.2857091547519106 0.0 0.0 0.0 0.9119936239513942 0.4102043757348318
1629013161.790414810 3.9504411467559684 2.28643141271994 0.0 0.0 0.0 0.9119936373232027 0.41020434600573724
1629013161.990804672 4.1637770849415325 1.645602073508685 0.0 0.0 0.0 0.9690132613983472 0.24700870274979875
1629013162.391571283 4.1634542866689035 1.646052443841477 0.0 0.0 0.0 0.9690132610837601 0.24700870398392147
1629013162.792377234 4.163046555873425 1.6452238815559828 0.0 0.0 0.0 0.9690132677025226 0.24700867801856513
1629013162.992767334 4.1617326622912705 1.6451933321189256 0.0 0.0 0.0 0.9690132692700786 0.2470086718690542
1629013162.792377234 4.306674035536119 1.525899704950148 0.0 0.0 0.0 0.9591551422584285 0.2828805632757648
1629013162.992767334 4.303254182757532 1.5397345314968134 0.0 0.0 0.0 0.960886027371753 0.2769441142211379
1629013163.794341564 4.303366104479063 1.5397907120989929 0.0 0.0 0.0 0.9608860385312551 0.2769440755020974
1629013163.994716644 4.303768919195528 1.540959764874493 0.0 0.0 0.0 0.9608860390171247 0.27694407381632274
1629013164.297129869 4.303491994904479 1.5410035573832257 0.0 0.0 0.0 0.9608860289883402 0.27694410861222274
1629013164.395480871 4.303200787114312 1.5393640166201576 0.0 0.0 0.0 0.9608860376349935 0.27694407861176923
1629013164.395480871 4.302785074479662 1.5390925937007938 0.0 0.0 0.0 0.9608860486872013 0.27694404026499186
1629013164.796288013 4.302728799877141 1.5384305149675381 0.0 0.0 0.0 0.9608860250635634 0.2769441222296388
1629013165.197075605 4.302617972150283 1.538413608294703 0.0 0.0 0.0 0.9608860222767278 0.2769441318988503
1629013165.597881317 4.301884315600809 1.5386578778222681 0.0 0.0 0.0 0.9608860217853158 0.27694413360385456
1629013165.898430824 4.302181925131171 1.537867231361884 0.0 0.0 0.0 0.9608860195808812 0.2769441412523662
1629013165.998615742 4.30249834774596 1.5379522072196585 0.0 0.0 0.0 0.9608860224203306 0.2769441314006056
1629013166.299229145 4.303675742899409 1.5376140678417949 0.0 0.0 0.0 0.9608860336154852 0.2769440925578673
1629013167.200989485 4.303040431666916 1.5365459779976571 0.0 0.0 0.0 0.9608860357514221 0.2769440851470146
1629013167.902340412 4.303550292726755 1.536313232687269 0.0 0.0 0.0 0.9608860287888777 0.27694410930427815
1629013168.102773190 4.303141223394433 1.536454409781102 0.0 0.0 0.0 0.9608860294564098 0.2769441069882075
1629013168.206339836 4.303531084601011 1.5357139253123728 0.0 0.0 0.0 0.960886047619498 0.2769440439694991
1629013168.403431416 4.302752845994943 1.5356070594188935 0.0 0.0 0.0 0.9608860566741203 0.2769440125535472
1629013168.206339836 3.3648819085973574 1.7456925694594192 0.0 0.0 0.0 -0.9741950637304405 0.22570772650319912
1629013168.603710651 3.365873003257034 1.7454613485655122 0.0 0.0 0.0 -0.9741950664628446 0.22570771470965253
1629013168.603710651 3.3650889408001308 1.7451746582031313 0.0 0.0 0.0 -0.9741950682827534 0.22570770685459868
1629013168.804109335 3.365861196528314 1.7468711257726572 0.0 0.0 0.0 -0.9741950728928641 0.22570768695653054
1629013169.004486561 3.3666345039122354 1.746418737478332 0.0 0.0 0.0 -0.9741950703756173 0.2257076978214213
1629013169.305072069 3.3664946501713304 1.7470283487787162 0.0 0.0 0.0 -0.974195068155706 0.22570770740295812
1629013169.605694056 3.36575932651334 1.7462248635153226 0.0 0.0 0.0 -0.9741950702067573 0.22570769855025127
1629013169.705881596 3.365638787337875 1.7458963699823522 0.0 0.0 0.0 -0.9741950672539 0.22570771129531486
1629013169.806046009 3.36525809162204 1.7458139771834598 0.0 0.0 0.0 -0.9741950528947598 0.22570777327193717
1629013170.010056734 3.3661757035860003 1.7455763935908803 0.0 0.0 0.0 -0.9741950480868233 0.22570779402384833
1629013170.106631994 3.3654909096873005 1.7461198422796 0.0 0.0 0.0 -0.9741950443130016 0.2257078103123344
1629013170.206834793 3.3644864289165524 1.7469780761255884 0.0 0.0 0.0 -0.9741950476273742 0.22570779600691296
1629013169.806046009 3.2638553511787363 1.4190435167352216 0.0 0.0 0.0 -0.9154673572374531 0.40239224375312377
1629013170.010056734 3.259061367947927 1.3641494051098175 0.0 0.0 0.0 -0.9108393737635498 0.41276099040731107
1629013170.106631994 3.2590204219769596 1.3365773010946365 0.0 0.0 0.0 -0.9092766421096631 0.4161922489832983
1629013170.307057381 3.25893592149109 1.3373239512598774 0.0 0.0 0.0 -0.9092766490610376 0.41619223379627207
1629013170.407232761 3.258871691161511 1.338077333502002 0.0 0.0 0.0 -0.9092766682780687 0.41619219181182976
1629013170.507467270 3.2590433229668694 1.3378134488358524 0.0 0.0 0.0 -0.9092766904614283 0.41619214334669
1629013170.507467270 3.258785552883361 1.3374285241508346 0.0 0.0 0.0 -0.9092766806297411 0.4161921648264896
1629013170.707806826 3.2599509042171837 1.3377557082368856 0.0 0.0 0.0 -0.9092766684342837 0.41619219147053904
1629013171.009956837 3.2598614663306678 1.3388416730173807 0.0 0.0 0.0 -0.909276661557857 0.4161922064938245
1629013171.108597279 3.2597536105009746 1.3387514378204042 0.0 0.0 0.0 -0.9092766730973156 0.4161921812829709
1629013171.108597279 3.2607019806038786 1.3384332072403065 0.0 0.0 0.0 -0.9092766661099402 0.4161921965486528
1629013171.309024096 3.2609917172538743 1.339006314704645 0.0 0.0 0.0 -0.9092766585274882 0.4161922131144282
1629013171.509395123 3.2591795985487697 1.3385445668035016 0.0 0.0 0.0 -0.9092766695257021 0.4161921890860605
1629013171.709802628 3.2585322154568934 1.3374286882051447 0.0 0.0 0.0 -0.9092766562650886 0.41619221805720974
1629013172.310935020 3.258531867604624 1.3368148391580086 0.0 0.0 0.0 -0.9092766693711293 0.4161921894237636
1629013172.411147356 3.257055824735944 1.3357669273432364 0.0 0.0 0.0 -0.9092766680915391 0.4161921922193509
1629013172.611762047 3.2576606738063236 1.3356248031963571 0.0 0.0 0.0 -0.9092766995231508 0.4161921235490717
1629013172.811977863 3.2572641680687093 1.334702455235245 0.0 0.0 0.0 -0.9092767124457826 0.416192095316321
1629013173.112493277 3.2578238318875257 1.3348962700089306 0.0 0.0 0.0 -0.9092767042108647 0.41619211330757777
1629013173.212690830 3.2581597535477167 1.3348973093831915 0.0 0.0 0.0 -0.9092767042752132 0.41619211316699223
1629013173.312892914 3.257115999190962 1.3360442901701326 0.0 0.0 0.0 -0.9092766799396094 0.4161921663342562
1629013173.413134813 3.255203395888347 1.3361218011489966 0.0 0.0 0.0 -0.9092766926447818 0.41619213857660364
1629013174.114495277 3.255072703773043 1.3356141239395432 0.0 0.0 0.0 -0.9092767048385099 0.4161921119363284
1629013174.314868450 3.2550001702911056 1.335613404872808 0.0 0.0 0.0 -0.9092766962484673 0.4161921307034439
1629013174.415051937 3.254996722033474 1.3339157825432093 0.0 0.0 0.0 -0.909276676185307 0.41619217453647567
1629013175.116446972 3.255868237234141 1.3338259075393473 0.0 0.0 0.0 -0.9092766805970175 0.41619216489798255
1629013173.212690830 2.850682201759833 0.3637054716762155 0.0 0.0 0.0 -0.9688047154394638 0.247825388816924
1629013173.312892914 2.8344458408623 0.3354702696037376 0.0 0.0 0.0 -0.9709172610906882 0.23941527126763737
1629013173.413134813 2.816620399832913 0.3136645397878559 0.0 0.0 0.0 -0.9730261996639938 0.23069463532437345
1629013174.114495277 2.6088190459791205 0.15375433730583524 0.0 0.0 0.0 -0.9856235673403031 0.16895615852455656
1629013174.314868450 2.5005921501157338 0.10852049819956278 0.0 0.0 0.0 -0.9887494943812115 0.1495808723095925
1629013174.415051937 2.445171741518622 0.08839371937347236 0.0 0.0 0.0 -0.9900910438434364 0.14042693794644476
1629013174.916043282 2.220485304625843 0.008603800141969322 0.0 0.0 0.0 -0.9955842581677673 0.09387217313206517
1629013175.116446972 2.0867494319067603 -0.018050447298469045 0.0 0.0 0.0 -0.9972335111556054 0.07433252469991096
1629013175.216599941 2.085958489905743 -0.018209708050661123 0.0 0.0 0.0 -0.9972335153191132 0.07433246884292197
1629013175.517198086 2.0857855582078977 -0.017437415144553464 0.0 0.0 0.0 -0.997233515723172 0.07433246342212921
1629013175.817921162 2.085440262045051 -0.0180960158984027 0.0 0.0 0.0 -0.9972335140994938 0.07433248520515577
1629013176.018274307 2.085209165214389 -0.016964233232961125 0.0 0.0 0.0 -0.9972335122402265 0.07433251014880429
1629013176.218912125 2.0853352117903836 -0.01828979578925773 0.0 0.0 0.0 -0.9972335130551024 0.07433249921655262
1629013176.420287848 2.084776672569042 -0.019347215690859135 0.0 0.0 0.0 -0.9972335144411743 0.07433248062122239
1629013176.619600296 2.083527945860025 -0.01863522682245317 0.0 0.0 0.0 -0.99723351077296 0.07433252983342287
1629013176.820007801 2.084318921682447 -0.018681102837470195 0.0 0.0 0.0 -0.9972335107067399 0.07433253072182125
1629013177.621303797 2.084711815762366 -0.01837317299767797 0.0 0.0 0.0 -0.9972335104565186 0.0743325340787492
1629013177.721537590 2.0851687669875667 -0.01943662430318756 0.0 0.0 0.0 -0.9972335050971495 0.07433260597916351
1629013177.721537590 2.0846600250778637 -0.01836529902444017 0.0 0.0 0.0 -0.9972335014079802 0.0743326554724102
1629013177.921918392 2.0852859721324477 -0.019162458484455677 0.0 0.0 0.0 -0.9972335021065911 0.07433264609997162
1629013178.122301817 2.084065372932104 -0.018786422058970995 0.0 0.0 0.0 -0.9972334985010893 0.07433269447072233
1629013178.523101568 2.0845635941993685 -0.01923691736331112 0.0 0.0 0.0 -0.9972334996729109 0.07433267874978354
1629013178.723504305 2.0833898090735845 -0.018323174382585777 0.0 0.0 0.0 -0.997233500462066 0.07433266816262207
1629013179.925849915 2.0838890715712486 -0.01808482827342326 0.0 0.0 0.0 -0.9972334949394425 0.07433274225309444
1629013180.627175808 2.0850672362145173 -0.01853864677490849 0.0 0.0 0.0 -0.997233494911923 0.07433274262228941
1629013180.828376532 2.0832693421448103 -0.018401938319559222 0.0 0.0 0.0 -0.9972334977807514 0.07433270413464003
1629013181.328547478 2.0841406534481792 -0.018231985816447402 0.0 0.0 0.0 -0.9972334974970624 0.07433270794055975
1629013181.428739548 2.0839537264661847 -0.018578658473935163 0.0 0.0 0.0 -0.9972334971640833 0.07433271240774349
1629013181.428739548 2.0844277560756685 -0.01909853743829308 0.0 0.0 0.0 -0.9972334979559303 0.07433270178447474
1629013181.629146099 2.083630547373756 -0.01915082830834645 0.0 0.0 0.0 -0.9972335011865843 0.07433265844261716
1629013181.832266808 2.0842742632381253 -0.019790095448418022 0.0 0.0 0.0 -0.9972335018745921 0.07433264921242784
1629013182.330725193 2.0835482394112663 -0.020063349165785695 0.0 0.0 0.0 -0.9972335031460384 0.0743326321549296
1629013182.531440973 2.083231539484139 -0.018674251184685967 0.0 0.0 0.0 -0.9972335024157672 0.0743326419521185
1629013182.734062195 2.0838140893658244 -0.01871587496751251 0.0 0.0 0.0 -0.9972335028553535 0.07433263605470769
1629013182.831467628 2.0845885227501584 -0.018627076582837125 0.0 0.0 0.0 -0.9972335033374907 0.07433262958643953
1629013182.831467628 2.084312892063758 -0.018087964261680543 0.0 0.0 0.0 -0.9972335056569139 0.07433259846945829
1629013183.132084608 2.084278285704836 -0.018032048857598935 0.0 0.0 0.0 -0.9972335044428858 0.07433261475665208
1629013183.634452820 2.0833967754814937 -0.016974132212462256 0.0 0.0 0.0 -0.9972335047081492 0.0743326111979243
1629013184.033816814 2.0828360171575 -0.015505885527886079 0.0 0.0 0.0 -0.9972335056463003 0.07433259861184972
1629013184.033816814 -1.2727539816573192 -1.2077885984745511 0.0 0.0 0.0 -0.9341933207026513 0.35676720638891873
1629013184.635001659 -1.2737159331645453 -1.2091272891751657 0.0 0.0 0.0 -0.9341933163647769 0.35676721774762304
1629013184.835386753 -1.2733066358504512 -1.2087727796860877 0.0 0.0 0.0 -0.9341933311589933 0.35676717900903326
1629013185.035778046 -1.2740203183431602 -1.2093727433512986 0.0 0.0 0.0 -0.9341933333142413 0.3567671733655254
1629013185.035778046 -1.2737577935572872 -1.2096868515814494 0.0 0.0 0.0 -0.934193336910153 0.3567671639496457
1629013185.737141132 -1.2728192493300448 -1.2094902421626814 0.0 0.0 0.0 -0.9341933503691404 0.35676712870734095
1629013186.238120079 -1.2723885782633806 -1.2100890418903403 0.0 0.0 0.0 -0.9341933569471408 0.35676711148287205
1629013186.538707733 -1.2716548959840406 -1.2108398121214188 0.0 0.0 0.0 -0.9341933634852131 0.35676709436295356
1629013186.638895512 -1.2716214495784801 -1.2112466035925402 0.0 0.0 0.0 -0.9341933590198404 0.3567671060555158
1629013186.638895512 -1.2709540191302242 -1.2109602623558955 0.0 0.0 0.0 -0.9341933661148243 0.35676708747732583
1629013187.039713860 -1.2716891971054498 -1.2124708474970596 0.0 0.0 0.0 -0.9341933560996104 0.3567671137021272
1629013187.039713860 -1.2715885965306621 -1.2130137592943915 0.0 0.0 0.0 -0.9341933502114319 0.35676712912030006
1629013188.142455101 -1.2710581878815903 -1.2130458866428477 0.0 0.0 0.0 -0.9341933402033497 0.3567671553264238
1629013188.542624950 -1.271482647080216 -1.212807484041487 0.0 0.0 0.0 -0.9341933411117496 0.35676715294778244
1629013188.642812967 -1.2714049279120194 -1.2117539339883063 0.0 0.0 0.0 -0.9341933319573504 0.3567671769185382
1629013188.642812967 -1.4330615162734552 -1.406742623069148 0.0 0.0 0.0 -0.9997450921563283 0.02257765951852751
1629013189.150118589 -1.4331850408626676 -1.4065420676121285 0.0 0.0 0.0 -0.9997450915554753 0.02257768612445264
1629013189.243979216 -1.432620963040969 -1.407577072676293 0.0 0.0 0.0 -0.9997450914873469 0.022577689141192136
1629013189.346075773 -1.432598285800603 -1.406965992421411 0.0 0.0 0.0 -0.9997450921292782 0.02257766071631684
1629013189.945374012 -1.4332379797258903 -1.4070086955305217 0.0 0.0 0.0 -0.9997450926125714 0.022577639315950897
1629013190.145747185 -1.433154103067234 -1.4073850258538907 0.0 0.0 0.0 -0.999745092855536 0.022577628557395514
1629013190.446377039 -1.4335362354464496 -1.4077403930823293 0.0 0.0 0.0 -0.9997450927089176 0.02257763504970463
1629013191.448290825 -1.434557113126435 -1.4088471712329609 0.0 0.0 0.0 -0.9997450928257343 0.02257762987702296
1629013191.548486233 -1.434200224361593 -1.4101711789205371 0.0 0.0 0.0 -0.9997450929757526 0.02257762323416202
1629013191.548486233 -1.434767472055269 -1.410726933631592 0.0 0.0 0.0 -0.9997450912411031 0.02257770004492167
1629013191.949263096 -1.4345514029161035 -1.4104076295069516 0.0 0.0 0.0 -0.999745090962502 0.02257771238143392
1629013192.049455166 -1.4359196071681035 -1.4104545285477783 0.0 0.0 0.0 -0.9997450902041934 0.022577745959439916
1629013192.249902725 -1.4366265210689295 -1.4107597319761895 0.0 0.0 0.0 -0.9997450897598747 0.022577765633913453
1629013192.249902725 -1.437332153587027 -1.4107364457619558 0.0 0.0 0.0 -0.9997450898884779 0.02257775993935798
1629013192.851044893 -1.4374639029848757 -1.4115714760976592 0.0 0.0 0.0 -0.9997450912672766 0.02257769888595316
1629013193.051414251 -1.4374989800072804 -1.4115736641597776 0.0 0.0 0.0 -0.9997450916746813 0.02257768084598481
1629013193.151612282 -1.4379381809919818 -1.4112291412796212 0.0 0.0 0.0 -0.9997450922359468 0.022577655993002602
1629013193.251803398 -1.4378273091473075 -1.4111404029892582 0.0 0.0 0.0 -0.999745091716331 0.022577679001726896
1629013193.251803398 -1.4381896847659494 -1.4109945971501647 0.0 0.0 0.0 -0.999745091881631 0.02257767168219969
1629013193.354059696 -1.4377451743425578 -1.4109481146441951 0.0 0.0 0.0 -0.9997450916804475 0.022577680590654427
1629013193.452210426 -1.4376617174238107 -1.410984663113879 0.0 0.0 0.0 -0.9997450920119084 0.022577665913480233
1629013193.552470684 -1.4372531153167112 -1.4109158633839682 0.0 0.0 0.0 -0.9997450920483681 0.022577664299036068
1629013194.253760338 -1.4377202700495921 -1.4105164947564905 0.0 0.0 0.0 -0.9997450919564392 0.022577668369673162
1629013194.554497957 -1.437653658462592 -1.4113056474069756 0.0 0.0 0.0 -0.9997450918173436 0.02257767452886286
1629013194.854950905 -1.4374173262930492 -1.4125889240345275 0.0 0.0 0.0 -0.9997450921052011 0.022577661782457074
1629013195.957142353 -1.437736926458829 -1.4141948594908123 0.0 0.0 0.0 -0.9997450922737063 0.0225776543209985
1629013196.458153248 -1.4387169211423623 -1.4147406020090676 0.0 0.0 0.0 -0.9997450917231472 0.022577678699904017
1629013197.259631634 -1.43766192416543 -1.4143545368343204 0.0 0.0 0.0 -0.9997450912025849 0.02257770175051344
1629013197.359828949 -1.4365774309460675 -1.4147620690274496 0.0 0.0 0.0 -0.9997450909330221 0.022577713686807516
1629013197.760605812 -1.4370167792763044 -1.41486840649743 0.0 0.0 0.0 -0.9997450920456616 0.02257766441887962
1629013198.161396980 -1.4383545225622114 -1.4150035845129967 0.0 0.0 0.0 -0.9997450913420672 0.022577695574210025
1629013198.562168837 -1.4386554687001378 -1.4153361963340463 0.0 0.0 0.0 -0.999745090402464 0.02257773718000195
1629013199.066054821 -1.437150739404352 -1.4159044251861408 0.0 0.0 0.0 -0.9997450901896928 0.022577746601530002
1629013199.163362503 -1.4368944213364923 -1.4158927470211744 0.0 0.0 0.0 -0.9997450910150184 0.022577710055995924
1629013199.263733149 -1.436470181908788 -1.4161362178015744 0.0 0.0 0.0 -0.9997450910195795 0.022577709854027243
1629013199.363727808 -1.4366410377931558 -1.4168597694914498 0.0 0.0 0.0 -0.9997450894661845 0.0225777786385361
1629013199.865200996 -1.43638815151507 -1.4165613994948254 0.0 0.0 0.0 -0.999745089004337 0.022577799089157156
1629013199.865200996 -1.4354543256153955 -1.4174988557392434 0.0 0.0 0.0 -0.9997450873299366 0.022577873231496612
1629013200.065204859 -1.435608172209788 -1.4173235712287067 0.0 0.0 0.0 -0.999745087244381 0.022577877019881936
1629013200.065204859 -1.4360489877150204 -1.4168586093268143 0.0 0.0 0.0 -0.9997450872205403 0.02257787807554655
1629013200.767469406 -1.4363791661418388 -1.4171914529755487 0.0 0.0 0.0 -0.9997450871123025 0.022577882868299055
1629013201.067073822 -1.436507384608501 -1.4176080111507021 0.0 0.0 0.0 -0.9997450867876474 0.02257789724397196
1629013201.267458916 -1.4352456876237372 -1.4188767977613845 0.0 0.0 0.0 -0.9997450863189672 0.022577917997033414
1629013201.467884541 -1.4353389981116316 -1.4192144410584822 0.0 0.0 0.0 -0.999745085714202 0.02257794477588571
1629013201.467884541 -1.434433083786024 -1.418395018155517 0.0 0.0 0.0 -0.9997450862032582 0.022577923120601535
1629013201.568065166 -1.4357587081984016 -1.4184964503570228 0.0 0.0 0.0 -0.9997450852731189 0.022577964306910735
1629013201.768421173 -1.4341964074305729 -1.418574932696803 0.0 0.0 0.0 -0.9997450858680451 0.02257793796375408
1629013201.868645191 -1.4341177841751336 -1.4174806802901367 0.0 0.0 0.0 -0.9997450874262477 0.022577868966852013
1629013202.074606419 -1.4355488208130658 -1.4185330176191508 0.0 0.0 0.0 -0.9997450872233788 0.022577877949857387
1629013202.169236660 -1.4361681189975497 -1.4191116299078428 0.0 0.0 0.0 -0.99974508842299 0.02257782483118703
1629013202.369596958 -1.4349162191382978 -1.4186261731197447 0.0 0.0 0.0 -0.999745087846748 0.022577850347146523
1629013202.670295238 -1.4347030762995026 -1.4185100450246435 0.0 0.0 0.0 -0.999745087551169 0.02257786343535229
1629013202.770405769 -1.4343463887094143 -1.4186564654193992 0.0 0.0 0.0 -0.9997450877352534 0.0225778552841182
1629013202.870672941 -1.433681698364583 -1.4194480610019327 0.0 0.0 0.0 -0.9997450883771053 0.022577826862960865
1629013203.171209335 -1.4345519770829944 -1.418758064132699 0.0 0.0 0.0 -0.9997450874314768 0.022577868735306757
1629013203.171209335 -1.4357306805753116 -1.4187527607025359 0.0 0.0 0.0 -0.9997450879047174 0.02257784778026883
1629013203.571948051 -1.4361802121002656 -1.4189890152144302 0.0 0.0 0.0 -0.9997450879881632 0.022577844085294504
1629013203.677692413 -1.4370197761746935 -1.4186738981428826 0.0 0.0 0.0 -0.9997450872303463 0.02257787764133846
1629013203.878424644 -1.4368870892556909 -1.417618168165294 0.0 0.0 0.0 -0.9997450874149759 0.022577869465965177
1629013204.072945595 -1.4371862840725473 -1.4183854336882415 0.0 0.0 0.0 -0.9997450877132276 0.022577856259416273
1629013204.072945595 -1.4380248840289 -1.4189000344260225 0.0 0.0 0.0 -0.9997450870566889 0.022577885330865913
1629013204.573929071 -1.4383300642119758 -1.4200128283171347 0.0 0.0 0.0 -0.9997450861272636 0.022577926485621326
1629013205.475691319 -1.438002214493395 -1.4197094760111333 0.0 0.0 0.0 -0.9997450848122921 0.022577984712167792
1629013205.676188707 -1.437779938332661 -1.419640568165721 0.0 0.0 0.0 -0.9997450841210161 0.0225780153215964
1629013205.878082752 -1.4381783733926785 -1.4194807606983206 0.0 0.0 0.0 -0.9997450835622539 0.02257804006334399
1629013206.076845169 -1.4378594812278838 -1.4200986210925761 0.0 0.0 0.0 -0.9997450844211737 0.022578002030744046
1629013206.076845169 -1.4371983504091197 -1.420786016791215 0.0 0.0 0.0 -0.999745083755112 0.022578031523677104
1629013206.377456665 -1.4373037257666414 -1.4214509968868876 0.0 0.0 0.0 -0.9997450837852976 0.022578030187070247
1629013206.477707386 -1.4382900951246114 -1.421061835291075 0.0 0.0 0.0 -0.9997450852072787 0.02257796722229449
1629013206.477707386 -1.4390305234021126 -1.4203187677991802 0.0 0.0 0.0 -0.9997450846649634 0.022577991235831554
1629013207.078907251 -1.4391121784192122 -1.4211278226265762 0.0 0.0 0.0 -0.9997450857998069 0.022577940985320247
1629013207.379912376 -1.439179686884741 -1.4200707074189187 0.0 0.0 0.0 -0.9997450867942406 0.022577896952028213
1629013207.379912376 -1.43938249891299 -1.421058840114761 0.0 0.0 0.0 -0.9997450874032799 0.02257786998386363
1629013207.580000401 -1.4385710394602564 -1.4216249029829124 0.0 0.0 0.0 -0.9997450863923967 0.022577914745595336
1629013208.080886364 -1.4393237717304104 -1.4216488743896252 0.0 0.0 0.0 -0.9997450874489544 0.022577867961403746
1629013208.481552601 -1.4387514181433851 -1.4217090427959092 0.0 0.0 0.0 -0.9997450880615749 0.022577840834626054
1629013209.383306265 -1.439424798095007 -1.4217308804381 0.0 0.0 0.0 -0.9997450872294898 0.022577877679264443
1629013209.483502388 -1.43999105875917 -1.4212364075129915 0.0 0.0 0.0 -0.9997450874695373 0.022577867049994486
1629013209.784077168 -1.4401316634542625 -1.421317724851965 0.0 0.0 0.0 -0.9997450879002214 0.022577847979347674
1629013209.986763000 -1.4413104111133381 -1.4226734201091775 0.0 0.0 0.0 -0.9997450880368507 0.0225778419294165
1629013209.986763000 -1.440453203058674 -1.4222111156514452 0.0 0.0 0.0 -0.9997450872189985 0.022577878143817183
1629013210.385328293 -1.4414651532580367 -1.4217042640922188 0.0 0.0 0.0 -0.9997450866827728 0.022577901887795376
1629013210.786072731 -1.4423023226608835 -1.4208899154812868 0.0 0.0 0.0 -0.9997450865378268 0.02257790830597733
1629013211.487395525 -1.4421854167269976 -1.4210064857524036 0.0 0.0 0.0 -0.9997450870583559 0.02257788525704802
1629013211.687815666 -1.4418710981403942 -1.4215166273767477 0.0 0.0 0.0 -0.9997450876496087 0.022577859076454244
1629013211.687815666 -1.442920662338972 -1.4211997699693732 0.0 0.0 0.0 -0.9997450861855377 0.02257792390526253
1629013212.089605808 -1.4428950861369025 -1.4214849341313633 0.0 0.0 0.0 -0.9997450861664448 0.022577924750694738
1629013212.389182568 -1.4431959211317527 -1.4209819704622968 0.0 0.0 0.0 -0.9997450861380665 0.022577926007278915
1629013212.489371300 -1.4440345406361483 -1.4219547784171032 0.0 0.0 0.0 -0.999745085877403 0.022577937549391497
1629013212.790127516 -1.4430235005381495 -1.422687863042947 0.0 0.0 0.0 -0.9997450860893563 0.0225779281641512
1629013213.491334200 -1.4431667568724063 -1.422655056391011 0.0 0.0 0.0 -0.999745084730782 0.02257798832140235
1629013213.691732168 -1.4437695780032418 -1.4217072701059232 0.0 0.0 0.0 -0.9997450858962236 0.0225779367160179
1629013213.892106056 -1.4452646907544164 -1.4224241748274715 0.0 0.0 0.0 -0.9997450852764834 0.022577964157933252
1629013213.992370605 -1.4448976910806401 -1.4228618955163672 0.0 0.0 0.0 -0.9997450838051399 0.02257802930846327
1629013214.192687035 -1.4440209019807992 -1.4233474569426021 0.0 0.0 0.0 -0.9997450843021136 0.022578007302679396
1629013214.394271851 -1.443935313243151 -1.4239482877404468 0.0 0.0 0.0 -0.9997450847223962 0.022577988692723677
1629013214.394271851 -1.4440056182697916 -1.4245123292967918 0.0 0.0 0.0 -0.99974508407458 0.022578017377773367
1629013214.793873310 -1.4440285327318936 -1.4251358129978415 0.0 0.0 0.0 -0.9997450836568937 0.022578035872733514
1629013214.793873310 -1.4439885223743414 -1.4247959120272888 0.0 0.0 0.0 -0.9997450838488202 0.022578027374318434
1629013215.094453812 -1.442733364217655 -1.4239334971386088 0.0 0.0 0.0 -0.9997450844867981 0.022577999124918653
1629013215.595432520 -1.4426263256570944 -1.4256869133896097 0.0 0.0 0.0 -0.9997450849674945 0.022577977839862103
1629013215.695641518 -1.4426033870829211 -1.424758214915371 0.0 0.0 0.0 -0.9997450849260949 0.02257797967301705
1629013215.795802355 -1.4428020771346082 -1.4245955684487497 0.0 0.0 0.0 -0.9997450854835859 0.02257795498750054
1629013215.795802355 -1.4430530076132235 -1.4240422886367827 0.0 0.0 0.0 -0.9997450858081462 0.022577940616060964
1629013215.996199131 -1.4434632481233287 -1.423802039657114 0.0 0.0 0.0 -0.9997450849744854 0.02257797753030161
1629013216.196589470 -1.4431951358752892 -1.423147234205681 0.0 0.0 0.0 -0.9997450850231909 0.02257797537364155
1629013216.497184753 -1.4431674988508492 -1.4240351671673548 0.0 0.0 0.0 -0.9997450846170954 0.022577993355405855
1629013216.597385406 -1.4429242693795292 -1.4231021691392731 0.0 0.0 0.0 -0.9997450835966548 0.02257803854008918
1629013216.597385406 -1.4421384869631035 -1.4232590523394992 0.0 0.0 0.0 -0.9997450842958324 0.022578007580803944
1629013217.098364115 -1.4413957358582286 -1.4237151964339103 0.0 0.0 0.0 -0.999745083797012 0.022578029668365092
1629013217.499140263 -1.442511549429903 -1.4227765172923545 0.0 0.0 0.0 -0.9997450837164241 0.022578033236755186
1629013217.599331856 -1.4435258886536075 -1.4237473391780422 0.0 0.0 0.0 -0.9997450831774026 0.0225780571043704
1629013217.599331856 -1.4432842694957753 -1.4235120843454823 0.0 0.0 0.0 -0.9997450834213767 0.022578046301320952
1629013217.799716949 -1.443341600957971 -1.4234700547407977 0.0 0.0 0.0 -0.9997450839856453 0.02257802131576061
1629013217.799716949 -1.4434222395269691 -1.4231124822126 0.0 0.0 0.0 -0.9997450830342629 0.022578063442524995
1629013218.100379467 -1.4429344869107403 -1.4224097315137507 0.0 0.0 0.0 -0.999745082538481 0.02257808539548435
1629013218.200509548 -1.442638800430442 -1.422755615354745 0.0 0.0 0.0 -0.9997450837868558 0.022578030118074823
1629013218.200509548 -1.4442351538634697 -1.4233760810641627 0.0 0.0 0.0 -0.999745083573987 0.02257803954381126
1629013219.406359673 -1.4440986070118047 -1.423323849315972 0.0 0.0 0.0 -0.9997450836711597 0.022578035241045565
1629013219.503051281 -1.4431974803459917 -1.4234483091334738 0.0 0.0 0.0 -0.9997450831004847 0.022578060510256837
1629013219.804655790 -1.4427895798286243 -1.4232444160963704 0.0 0.0 0.0 -0.9997450824906197 0.022578087514756744
1629013220.204417229 -1.4429918703975917 -1.4230546230188763 0.0 0.0 0.0 -0.9997450835323828 0.022578041386024202
1629013220.806005239 -1.4431998082561768 -1.4233100234933096 0.0 0.0 0.0 -0.9997450839298876 0.022578023784689195
1629013221.106210232 -1.4422363070215463 -1.4232030430820015 0.0 0.0 0.0 -0.9997450837859696 0.022578030157314754
1629013221.406772852 -1.4428537671629593 -1.4234071718938128 0.0 0.0 0.0 -0.9997450845326142 0.02257799709620138
1629013221.406772852 6.257556543070258 2.710737244480172 0.0 0.0 0.0 -0.2903059834694661 0.9569338723035287
1629013221.607167244 6.257680438389708 2.7094449873503654 0.0 0.0 0.0 -0.29030600700820636 0.9569338651625572
1629013221.707352638 6.257182894589368 2.708347131994301 0.0 0.0 0.0 -0.2903059813292716 0.9569338729528016
1629013221.807577133 6.257515736613441 2.707851810107998 0.0 0.0 0.0 -0.2903059666450928 0.9569338774075554
1629013221.907737732 6.258445900172246 2.7070425273521654 0.0 0.0 0.0 -0.2903059967040346 0.9569338682885443
1629013223.711259842 6.25886057882094 2.7077488486787704 0.0 0.0 0.0 -0.29030594433740825 0.9569338841750592
1629013223.911646843 6.258234871254725 2.709052391663713 0.0 0.0 0.0 -0.2903059281319848 0.9569338890913138
1629013224.012077093 6.258466887115989 2.7083350218208073 0.0 0.0 0.0 -0.2903058934243751 0.956933899620593
1629013224.012077093 6.258813746483149 2.709440920247643 0.0 0.0 0.0 -0.29030588049595424 0.9569339035426996
1629013224.212237358 6.258622091241746 2.7094100682274176 0.0 0.0 0.0 -0.29030591581055515 0.9569338928292773
1629013224.813429356 6.258705154564981 2.709055396121265 0.0 0.0 0.0 -0.29030587983564193 0.9569339037430191
1629013225.014685154 6.257993489126278 2.709614470198812 0.0 0.0 0.0 -0.2903058734379661 0.9569339056838877
1629013225.114006281 6.257518977489151 2.7099309094723862 0.0 0.0 0.0 -0.2903058751131086 0.9569339051756982
1629013225.314388275 6.2571729928429045 2.710797397338994 0.0 0.0 0.0 -0.29030586305488837 0.9569339088338109
1629013225.514781952 5.146931558890014 3.638599048113031 0.0 0.0 0.0 -0.4069911043769121 0.9134321217025715
1629013225.614995480 5.099546348981338 3.6904890752427946 0.0 0.0 0.0 -0.3916062799716901 0.9201328825157452
1629013225.614995480 5.100748661336249 3.6916913532543116 0.0 0.0 0.0 -0.39160628632842087 0.9201328798103363
1629013225.715173721 5.0541396756211565 3.7284597045408505 0.0 0.0 0.0 -0.3741392609006845 0.927372532185793
1629013225.816148996 5.002456639202348 3.761886550786989 0.0 0.0 0.0 -0.35811270422014524 0.9336783659677109
1629013225.915573120 4.9485272367093724 3.7798922601111573 0.0 0.0 0.0 -0.34014672194558954 0.9403723770664841
1629013226.015756130 4.893676441159577 3.8139028783138866 0.0 0.0 0.0 -0.32030071564831264 0.9473159196145596
1629013226.416540146 4.893724070106403 3.8130911091207427 0.0 0.0 0.0 -0.32030067180489663 0.9473159344386285
1629013226.618190289 4.8929626588944695 3.812945482328213 0.0 0.0 0.0 -0.3203007063042233 0.9473159227739264
1629013226.817325592 4.892904324626471 3.8134943492749196 0.0 0.0 0.0 -0.320300674567492 0.9473159335045567
1629013226.917517185 4.8938187578023955 3.8133722910832537 0.0 0.0 0.0 -0.3203006600796813 0.9473159384030866
1629013227.318311214 4.894787740867867 3.8135174579629725 0.0 0.0 0.0 -0.3203007089615894 0.9473159218754339
1629013227.418504953 4.895273089125124 3.813725839380954 0.0 0.0 0.0 -0.32030071482633804 0.9473159198924807
1629013227.618903399 4.896740328492022 3.8145368010047376 0.0 0.0 0.0 -0.3203006797151371 0.9473159317640664
1629013227.819284201 4.897616307098004 3.8149530553421966 0.0 0.0 0.0 -0.3203006897097121 0.9473159283847615
1629013228.220059395 4.897345118900532 3.814730739612798 0.0 0.0 0.0 -0.32030069500782243 0.9473159265933968
1629013228.420449734 4.897281002987288 3.8158758484654816 0.0 0.0 0.0 -0.32030069347541434 0.9473159271115252
1629013228.620867252 4.898242422551976 3.816787817573096 0.0 0.0 0.0 -0.32030066554712305 0.9473159365544687
1629013228.821250439 4.898106927779873 3.8159896558822086 0.0 0.0 0.0 -0.3203006836766972 0.9473159304246078
1629013229.021659851 4.89848159892486 3.817300291654449 0.0 0.0 0.0 -0.32030065810732294 0.9473159390699682
1629013229.121829271 4.898166617185197 3.8172580513881935 0.0 0.0 0.0 -0.3203006356735136 0.9473159466551501
1629013229.222027302 4.8979832863999135 3.817992061173661 0.0 0.0 0.0 -0.32030069621881957 0.9473159261839418
1629013229.222027302 4.898059591892233 3.817710564281182 0.0 0.0 0.0 -0.32030072255380443 0.9473159172797165
1629013229.422421217 4.898040174452963 3.8181562059704865 0.0 0.0 0.0 -0.3203006934140471 0.9473159271322744
1629013230.023580551 4.898521475270347 3.8180669208840663 0.0 0.0 0.0 -0.3203007387787708 0.947315911793829
1629013230.223979473 4.897507307230516 3.816592518732406 0.0 0.0 0.0 -0.3203007386941663 0.947315911822435
1629013230.424386501 4.897190093412949 3.817323600030526 0.0 0.0 0.0 -0.3203007574558435 0.9473159054788497
1629013230.624771357 4.898135116072294 3.8163598158061878 0.0 0.0 0.0 -0.3203007923149949 0.9473158936924824
1629013230.223979473 4.5566531283241725 4.057240406245501 0.0 0.0 0.0 0.27012830873243093 0.9628243333139003
1629013230.424386501 4.645491280682932 4.103211444205072 0.0 0.0 0.0 0.30783708254459297 0.9514390840250538
1629013230.724998474 4.645599768976348 4.103769811583515 0.0 0.0 0.0 0.30783713032352844 0.9514390685662298
1629013230.724998474 4.645333056078986 4.104653856020642 0.0 0.0 0.0 0.3078371731228614 0.9514390547185487
1629013231.125766754 4.645133038218186 4.105046134266456 0.0 0.0 0.0 0.30783715396575884 0.9514390609168102
1629013231.225924015 4.64469514311769 4.104693548250153 0.0 0.0 0.0 0.30783718771298835 0.9514390499979273
1629013231.426332474 4.644163604912882 4.104624779673145 0.0 0.0 0.0 0.30783716958174395 0.9514390558642738
1629013231.726910353 4.6442821819507305 4.10420187880812 0.0 0.0 0.0 0.3078372031284181 0.9514390450102796
1629013231.927503109 4.643645018341252 4.104464430692137 0.0 0.0 0.0 0.30783720123905434 0.9514390456215815
1629013232.027493000 4.643647566008819 4.104590165661688 0.0 0.0 0.0 0.30783718146370637 0.9514390520198764
1629013232.227927685 4.643394637507454 4.104690609843711 0.0 0.0 0.0 0.3078371883250623 0.9514390497998914
1629013232.328094959 4.642900301780904 4.104311240724159 0.0 0.0 0.0 0.3078372057487731 0.9514390441624663
1629013232.428275108 4.642942273770978 4.104622649069819 0.0 0.0 0.0 0.30783716850012743 0.9514390562142298
1629013232.528468847 4.643530816924195 4.105020728207415 0.0 0.0 0.0 0.3078371741982321 0.9514390543706135
1629013232.628664970 4.644124891845065 4.105304599469305 0.0 0.0 0.0 0.3078371556384798 0.951439060375603
1629013232.728875399 4.644402356999028 4.105273095399046 0.0 0.0 0.0 0.30783722204872416 0.9514390388886323
1629013233.129659176 4.644123695525596 4.10552146607486 0.0 0.0 0.0 0.3078372056772336 0.9514390441856129
1629013232.027493000 4.727215737770341 4.107890237944427 0.0 0.0 0.0 0.40386699250377367 0.9148177153761053
1629013232.227927685 4.638250904481913 4.016021555554778 0.0 0.0 0.0 0.444765551231737 0.8956470311665914
1629013232.328094959 4.588531206049982 3.9650834879562527 0.0 0.0 0.0 0.46762278030507887 0.8839281279265572
1629013232.428275108 4.537611011427932 3.9055552500089634 0.0 0.0 0.0 0.4915541440928357 0.8708470149372735
1629013232.528468847 4.5021916089907945 3.8240282469071394 0.0 0.0 0.0 0.5160457692630762 0.8565610101012536
1629013232.628664970 4.457877426991686 3.74974423760256 0.0 0.0 0.0 0.5395341951917318 0.8419636881830536
1629013232.728875399 4.420867445864665 3.6783656265146716 0.0 0.0 0.0 0.562921105205647 0.8265106347253209
1629013233.129659176 4.319712172285392 3.4762087030922486 0.0 0.0 0.0 0.6347753414043571 0.7726967490192914
1629013233.430244684 4.282424901580558 3.284147432386518 0.0 0.0 0.0 0.6808594993902679 0.7324140509916736
1629013233.530465126 4.2768994680673496 3.2219756652228093 0.0 0.0 0.0 0.6934100345263005 0.7205432145390274
1629013234.632601976 4.275787235263894 3.222961474971311 0.0 0.0 0.0 0.6934100012404578 0.7205432465714381
1629013235.033603668 4.27461233794537 3.222130136981575 0.0 0.0 0.0 0.6934099629344493 0.7205432834349687
1629013235.133549213 4.274631450102912 3.224143404576479 0.0 0.0 0.0 0.6934099787531677 0.7205432682119316
1629013235.133549213 4.274314737676506 3.223176804898756 0.0 0.0 0.0 0.6934099921056944 0.7205432553622169
1629013235.534484386 4.275944134413698 3.2236717392786125 0.0 0.0 0.0 0.6934100041145781 0.7205432438055476
1629013236.035361052 4.276301377406946 3.2232943315737894 0.0 0.0 0.0 0.6934099896212222 0.720543257753132
1629013236.335923672 4.275501791075253 3.223002115701877 0.0 0.0 0.0 0.6934099735167389 0.7205432732511736
1629013236.536616802 4.274536111438914 3.223182018550457 0.0 0.0 0.0 0.6934100008916432 0.7205432469071176
1629013236.736684799 4.274879400724192 3.223251123413085 0.0 0.0 0.0 0.6934100412269123 0.7205432080907375
1629013237.037281513 4.27435517258171 3.2229698719484166 0.0 0.0 0.0 0.6934100375873046 0.7205432115932902
1629013237.137472868 4.274504821233248 3.2225564009024894 0.0 0.0 0.0 0.6934100340293428 0.7205432150172714
1629013237.237663746 4.275586491987384 3.2231397201549434 0.0 0.0 0.0 0.693410016530772 0.7205432318569056
1629013237.337888718 4.275155544000494 3.222718514648111 0.0 0.0 0.0 0.693410023044447 0.7205432255885135
1629013237.337888718 4.275088307738749 3.222168088337566 0.0 0.0 0.0 0.6934099991694043 0.7205432485645028
1629013237.738643646 4.275303108152401 3.221993791614769 0.0 0.0 0.0 0.6934099945415921 0.7205432530180469
1629013238.239623070 4.274948923036619 3.2221663734839057 0.0 0.0 0.0 0.6934100328989272 0.7205432161051193
1629013238.441780090 4.2753158548928845 3.2229702570532974 0.0 0.0 0.0 0.6934100403003848 0.7205432089823751
1629013238.640418053 4.274697933231621 3.2222138188325715 0.0 0.0 0.0 0.6934100701416444 0.7205431802648332
1629013238.941011429 4.275416221353556 3.2233190945435966 0.0 0.0 0.0 0.693410084268009 0.7205431666704172
1629013239.041179180 4.274972722330622 3.2245177473814692 0.0 0.0 0.0 0.6934101012343731 0.7205431503429455
1629013239.141399860 4.275016713157694 3.224492745584767 0.0 0.0 0.0 0.6934101058109751 0.7205431459386817
1629013239.141399860 4.276215225494395 3.2248853242383047 0.0 0.0 0.0 0.6934100872386404 0.7205431638116492
1629013239.141399860 4.2757060095285535 3.225392257333565 0.0 0.0 0.0 0.6934100964285053 0.7205431549678416
1629013239.542208195 4.276852972553903 3.225513630683633 0.0 0.0 0.0 0.6934100595356267 0.7205431904714655
1629013239.942944527 4.277097769176166 3.225753327329369 0.0 0.0 0.0 0.693410069585661 0.7205431807998801
1629013240.043147087 4.277446645147978 3.2259955153904527 0.0 0.0 0.0 0.6934100730956283 0.7205431774220857
1629013240.143421173 4.277243189108997 3.2251948598823814 0.0 0.0 0.0 0.6934100989044436 0.7205431525851382
1629013240.143421173 4.277904553990357 3.22474444147733 0.0 0.0 0.0 0.6934101339293294 0.7205431188791614
1629013240.443916321 4.277290137559603 3.224878113141411 0.0 0.0 0.0 0.6934101522213507 0.7205431012759496
1629013240.544137478 4.277216083878329 3.224263649015102 0.0 0.0 0.0 0.6934101542185812 0.7205430993539272
1629013240.644346952 4.277764278617042 3.223309460231856 0.0 0.0 0.0 0.6934101733011797 0.7205430809899072
1629013241.045111418 4.278186595805486 3.2233367651616094 0.0 0.0 0.0 0.6934102082127785 0.7205430473929445
1629013241.245482445 4.277602050279944 3.2235906444633016 0.0 0.0 0.0 0.6934101815800199 0.7205430730228164
1629013241.646275520 4.278469725053142 3.2241654465886036 0.0 0.0 0.0 0.6934101690947913 0.720543085037899
1629013241.746649981 4.279739112384806 3.22484144570998 0.0 0.0 0.0 0.6934101715920789 0.7205430826346497
1629013241.846660614 4.2802094894703355 3.225829000017638 0.0 0.0 0.0 0.6934102097489492 0.7205430459146202
1629013242.247446537 4.279850433203132 3.2249208671627483 0.0 0.0 0.0 0.6934102230936012 0.7205430330724752
1629013242.347635746 4.280266148730289 3.225572626439242 0.0 0.0 0.0 0.6934102452923049 0.7205430117096866
1629013242.748418331 4.280116254941812 3.2254342918275283 0.0 0.0 0.0 0.6934102972591976 0.7205429616996555
1629013242.948856115 4.280842396961255 3.226486564511424 0.0 0.0 0.0 0.6934103135702512 0.7205429460028083
1629013243.049047709 4.28025184201269 3.2265975082306646 0.0 0.0 0.0 0.6934103101696188 0.7205429492753871
1629013242.347635746 4.741200100162958 -0.9425455366186699 0.0 0.0 0.0 0.7982835102313037 0.6022818586781342
1629013242.748418331 4.78509372008792 -1.0105198137621834 0.0 0.0 0.0 0.7693367757689945 0.6388434279613181
1629013242.948856115 4.8085805055320225 -1.0320238767054675 0.0 0.0 0.0 0.7740284980394457 0.6331507594742343
1629013243.049047709 4.812241895168981 -1.0342637350117054 0.0 0.0 0.0 0.7780715896529994 0.6281756134830885
1629013243.550235271 4.847104930448332 -1.0402518238731928 0.0 0.0 0.0 0.8107021913043033 0.5854587577399459
1629013243.750394821 4.883005588064996 -1.0608877081336467 0.0 0.0 0.0 0.8257168846227749 0.5640847688502668
1629013244.051008224 4.881322864064635 -1.0612171750513666 0.0 0.0 0.0 0.8257169004311506 0.5640847457096968
1629013244.051008224 4.880474538627048 -1.0606760139574765 0.0 0.0 0.0 0.8257168808587482 0.5640847743601132
1629013244.351556540 4.881499213789619 -1.0604345449932016 0.0 0.0 0.0 0.8257168635100183 0.5640847997554781
1629013244.551958561 4.881312000572712 -1.0596634903441984 0.0 0.0 0.0 0.8257168573486239 0.5640848087746313
1629013244.752338409 4.8798632125117996 -1.060272182291354 0.0 0.0 0.0 0.8257168574193571 0.5640848086710908
1629013245.052947521 4.878761615875884 -1.0613575196083462 0.0 0.0 0.0 0.8257168720326546 0.5640847872798987
1629013245.253318071 4.879145195514751 -1.0612090528443352 0.0 0.0 0.0 0.8257169021399721 0.5640847432082947
1629013245.654092550 4.878333343804166 -1.061298491116309 0.0 0.0 0.0 0.8257169196740374 0.564084717541629
1629013245.052947521 5.242189343181865 -1.3958296884824262 0.0 0.0 0.0 0.8810413550644255 0.47303924854734936
1629013245.253318071 5.3147503588540665 -1.4628448400201497 0.0 0.0 0.0 0.8839064596432948 0.46766373667503497
1629013245.654092550 5.442931090169452 -1.5902018590507223 0.0 0.0 0.0 0.8837258750735526 0.46800489070679996
1629013245.858057976 5.507666373305501 -1.6593414628237169 0.0 0.0 0.0 0.8821626880981552 0.47094478628331454
1629013245.954675913 5.5340411638347895 -1.6617613658372694 0.0 0.0 0.0 0.8813362148830312 0.47248965738484855
1629013246.255266666 5.61832206615483 -1.708684721709111 0.0 0.0 0.0 0.8789954548103746 0.47683014839951426
1629013246.555862904 5.699513781490269 -1.789413579711251 0.0 0.0 0.0 0.8737196473063495 0.4864298283523207
1629013246.956682920 5.800075541279912 -1.9093707296144538 0.0 0.0 0.0 0.8543230103635722 0.5197424304050264
1629013247.057110310 5.820917862901982 -1.927875900373713 0.0 0.0 0.0 0.8492066631532766 0.5280606435401878
1629013247.157055855 5.838265530338621 -1.9531287674454172 0.0 0.0 0.0 0.8435737168760588 0.5370133929390506
1629013247.958601952 5.837644004742244 -1.9528147371074593 0.0 0.0 0.0 0.8435736866112291 0.5370134404809063
1629013248.259931803 5.836974245440077 -1.9533989891118781 0.0 0.0 0.0 0.8435736934706954 0.5370134297056351
1629013248.359395504 5.837196922513677 -1.9520128047628893 0.0 0.0 0.0 0.8435736854393481 0.5370134423217688
1629013248.359395504 5.836921329375889 -1.953337812808871 0.0 0.0 0.0 0.8435736895625159 0.5370134358448437
1629013248.459567547 5.838613860142689 -1.9526182436422148 0.0 0.0 0.0 0.8435736598347475 0.5370134825430454
1629013248.559775829 5.837968776532918 -1.9527227454301315 0.0 0.0 0.0 0.8435736281357064 0.5370135323378369
1629013248.559775829 5.837120267995008 -1.9530423896490785 0.0 0.0 0.0 0.8435736429551806 0.5370135090585018
1629013248.960558414 5.837379015208327 -1.952905931489035 0.0 0.0 0.0 0.8435736444678937 0.5370135066822395
1629013249.261137486 5.838297395725138 -1.9529166188267981 0.0 0.0 0.0 0.8435736133101863 0.5370135556266677
1629013249.461553097 5.838478159176504 -1.9529792673732378 0.0 0.0 0.0 0.8435736243034181 0.5370135383578292
1629013249.661929369 5.83812623589666 -1.9525394280058377 0.0 0.0 0.0 0.843573597094809 0.5370135810987697
1629013249.461553097 6.183544377884348 -2.0371394740215014 0.0 0.0 0.0 0.9143359125619792 0.4049565890307906
1629013249.661929369 6.241021426766821 -2.0917246462817607 0.0 0.0 0.0 0.9237902298082403 0.38289895705112403
1629013250.263106346 6.240577682121903 -2.0916609412295073 0.0 0.0 0.0 0.9237902282284703 0.382898960862511
1629013250.363283634 6.240313920614695 -2.091757513375239 0.0 0.0 0.0 0.9237902407410402 0.38289893067441577
1629013250.463474512 6.241436187391737 -2.091144886803323 0.0 0.0 0.0 0.923790247759945 0.3828989137404539
1629013250.666935921 6.241114673708081 -2.0911188263814937 0.0 0.0 0.0 0.9237902604211032 0.3828988831938665
1629013250.864261150 6.240311056940695 -2.09047625849636 0.0 0.0 0.0 0.9237902470161794 0.3828989155348788
1629013251.365235329 6.241396546196112 -2.0915440846762046 0.0 0.0 0.0 0.9237902423304565 0.3828989268397557
1629013251.465437651 6.2416888714122445 -2.0909581920352474 0.0 0.0 0.0 0.9237902577074856 0.38289888974080016
1629013251.565629005 6.2412819927773295 -2.092126080879991 0.0 0.0 0.0 0.9237902442009446 0.38289892232697537
1629013251.565629005 6.241827800478202 -2.0925806994432405 0.0 0.0 0.0 0.92379024113236 0.38289892973030926
1629013252.166831970 6.2413899715609675 -2.0924079231497803 0.0 0.0 0.0 0.9237902208198977 0.38289897873659146
1629013252.367221832 6.24136892425456 -2.093213567303961 0.0 0.0 0.0 0.9237902264004779 0.3828989652727646
1629013252.467393875 6.240602198300559 -2.0935582315326724 0.0 0.0 0.0 0.9237902405950698 0.3828989310265871
1629013252.567692995 6.240322315768632 -2.0939616825164693 0.0 0.0 0.0 0.9237902528846536 0.38289890137647004
1629013252.667804718 6.24113106872057 -2.093788363199521 0.0 0.0 0.0 0.9237902391586018 0.3828989344922408
1629013252.667804718 6.241612200910907 -2.0934600350318666 0.0 0.0 0.0 0.9237902541860131 0.3828988982367817
1629013252.868175983 6.241753713721506 -2.0943436562027204 0.0 0.0 0.0 0.9237902642045966 0.38289887406572715
1629013253.068570137 6.241330232494856 -2.0944385926901408 0.0 0.0 0.0 0.9237902730040561 0.38289885283595654
1629013253.168779850 6.241777375949542 -2.095981806827838 0.0 0.0 0.0 0.9237902697251948 0.38289886074660984
1629013253.168779850 6.242539596281065 -2.0962843576846657 0.0 0.0 0.0 0.9237902638864909 0.3828988748331962
1629013253.769940376 6.24197021280786 -2.096520107795469 0.0 0.0 0.0 0.9237902647533712 0.3828988727417415
1629013253.970323563 6.241418848556476 -2.096410625818761 0.0 0.0 0.0 0.9237902534649565 0.38289889997641857
1629013254.070553541 6.242146038293107 -2.096763512200543 0.0 0.0 0.0 0.9237902675651382 0.3828988659580105
1629013254.170717239 6.24196508471969 -2.0967257279221587 0.0 0.0 0.0 0.9237902771683907 0.3828988427889902
1629013254.771917343 6.241416741874878 -2.0966257610851744 0.0 0.0 0.0 0.9237902763842546 0.3828988446808144
1629013254.070553541 7.324850202230759 -2.8484283860568262 0.0 0.0 0.0 0.8665303435722433 0.4991243969879351
1629013254.170717239 7.338100262683887 -2.848956834924824 0.0 0.0 0.0 0.8653623505204046 0.5011466874097847
1629013254.771917343 7.3391246566223804 -2.8491032099691043 0.0 0.0 0.0 0.8653623576065461 0.5011466751736863
1629013254.972341061 7.340087748277978 -2.8494855775394323 0.0 0.0 0.0 0.8653623593219043 0.5011466722116663
1629013255.573482752 7.34047308473526 -2.8501278552442306 0.0 0.0 0.0 0.8653623750878607 0.5011466449875692
1629013255.974318027 7.3410720788009005 -2.8499638027825918 0.0 0.0 0.0 0.8653623788484817 0.5011466384938614
1629013256.074461937 7.341282027888402 -2.8489943265211943 0.0 0.0 0.0 0.8653623520029249 0.5011466848498211
1629013256.074461937 7.3428779191057645 -2.849319095131557 0.0 0.0 0.0 0.8653623406072499 0.5011467045274686
1629013256.174642801 7.342122109456618 -2.849262426997693 0.0 0.0 0.0 0.8653623442737451 0.5011466981962948
1629013256.876011133 7.343383006399776 -2.8484907043498757 0.0 0.0 0.0 0.8653623411886548 0.5011467035235193
1629013257.076419830 7.344221243145624 -2.847810514013239 0.0 0.0 0.0 0.8653623494877447 0.5011466891929451
1629013257.076419830 7.343429789012859 -2.848359634732623 0.0 0.0 0.0 0.8653623469242975 0.5011466936194149
1629013257.276793480 7.3438398098760995 -2.847073193333719 0.0 0.0 0.0 0.8653623606236789 0.501146669963808
1629013258.078352928 7.344905265550164 -2.847150603085415 0.0 0.0 0.0 0.8653623675723582 0.501146657965074
1629013258.579374075 7.343993315444518 -2.8474627120303024 0.0 0.0 0.0 0.8653623926188297 0.5011466147157081
1629013258.779723406 7.345031174564971 -2.847954019300453 0.0 0.0 0.0 0.8653623859700121 0.501146626196653
1629013258.980110645 7.344448447299853 -2.8489405298950095 0.0 0.0 0.0 0.8653623785725909 0.5011466389702598
1629013259.581286430 7.343977078468978 -2.8484705476872185 0.0 0.0 0.0 0.8653623936643119 0.5011466129104062
1629013260.082254410 7.344695991661959 -2.848546744820328 0.0 0.0 0.0 0.8653623972120273 0.5011466067843355
1629013260.182537079 7.3443513637048685 -2.848476455472204 0.0 0.0 0.0 0.8653624048012596 0.501146593679515
1629013260.382846355 7.343605588356704 -2.849352646815016 0.0 0.0 0.0 0.8653624348835866 0.5011465417344018
1629013260.683427811 7.343522704254128 -2.8495040789627346 0.0 0.0 0.0 0.865362443884839 0.5011465261913514
1629013260.783623695 7.343798219147685 -2.850434353968562 0.0 0.0 0.0 0.8653624616656603 0.5011464954880445
1629013260.984056950 7.344988595898057 -2.851251715360263 0.0 0.0 0.0 0.8653624526457369 0.5011465110633365
1629013261.184803009 7.344451470930293 -2.850303653580615 0.0 0.0 0.0 0.8653624681904307 0.501146484221296
1629013261.385650158 7.344991930555518 -2.8507473623530095 0.0 0.0 0.0 0.8653624628237601 0.5011464934882778
1629013261.485024929 7.343816156242691 -2.850881858947722 0.0 0.0 0.0 0.8653624740385041 0.5011464741230446
1629013262.086208582 7.345596673492642 -2.8517795819453458 0.0 0.0 0.0 0.8653624745901092 0.5011464731705518
1629013262.186375856 7.347034847825878 -2.8519191142165523 0.0 0.0 0.0 0.8653624959050955 0.5011464363645656
1629013262.186375856 7.348289560661021 -2.851918043827221 0.0 0.0 0.0 0.8653624928021905 0.5011464417225556
1629013262.286608219 7.3483540936645015 -2.8519514606869762 0.0 0.0 0.0 0.8653624793102733 0.5011464650199348
1629013262.687365055 7.349291208715644 -2.852596124578306 0.0 0.0 0.0 0.8653624689991491 0.5011464828248289
1629013262.787581205 7.34912072473989 -2.85303975093303 0.0 0.0 0.0 0.8653624779262992 0.5011464674097339
1629013262.887779713 7.349490057781758 -2.8530775148191503 0.0 0.0 0.0 0.8653624681320337 0.5011464843221342
1629013263.088128090 7.348945703410709 -2.8530932679169174 0.0 0.0 0.0 0.8653624618914104 0.501146495098227
1629013263.088128090 7.348813633085873 -2.8524293524122206 0.0 0.0 0.0 0.8653624457972847 0.5011465228890065
1629013263.388790369 7.3488308374655436 -2.8524207135771515 0.0 0.0 0.0 0.86536249003084 0.5011464465080286
1629013263.589112759 7.3491218963562055 -2.8513785399106775 0.0 0.0 0.0 0.8653624718383828 0.5011464779221382
1629013263.689300060 7.34974962236275 -2.852357928654843 0.0 0.0 0.0 0.8653624815661104 0.5011464611246329
1629013263.689300060 7.350556777798257 -2.8524488954125444 0.0 0.0 0.0 0.8653624711376929 0.5011464791320652
1629013264.691281557 7.3497680704432105 -2.852417280510134 0.0 0.0 0.0 0.8653624627960679 0.5011464935360956
1629013265.292447567 7.349697610359549 -2.851659492378542 0.0 0.0 0.0 0.8653624638468587 0.5011464917216264
1629013265.893932343 7.350070316737361 -2.851163247704366 0.0 0.0 0.0 0.8653624285648533 0.5011465526453704
1629013266.795362473 7.350058503455847 -2.852417512021038 0.0 0.0 0.0 0.8653624461202066 0.5011465223313961
1629013266.996018648 7.349791012160182 -2.853086410504167 0.0 0.0 0.0 0.8653624476407026 0.5011465197058563
1629013267.296465397 7.3500969839697925 -2.8519424893729384 0.0 0.0 0.0 0.8653624737106543 0.5011464746891642
1629013267.396602631 7.3492476756516325 -2.852066591798691 0.0 0.0 0.0 0.8653624916424836 0.5011464437250978
1629013266.996018648 8.733396348575749 -0.5495502362061783 0.0 0.0 0.0 0.8284553850750485 0.5600550642036488
1629013267.296465397 8.656301146668088 -0.3460018168441362 0.0 0.0 0.0 0.8722818007188197 0.4890035379572763
1629013267.396602631 8.65602165486047 -0.3451362220029793 0.0 0.0 0.0 0.8722817888369824 0.48900355915203114
1629013267.596940279 8.656522136064224 -0.3453072120287002 0.0 0.0 0.0 0.8722817665599584 0.48900359888965883
1629013268.498708248 8.656368923345408 -0.34540297633008993 0.0 0.0 0.0 0.872281764314901 0.489003602894379
1629013269.099856377 8.65593359662219 -0.3448852702599509 0.0 0.0 0.0 0.8722817824889669 0.4890035704755851
1629013269.200072765 8.655636718724484 -0.3451074853675099 0.0 0.0 0.0 0.8722817834202891 0.489003568814298
1629013269.400448322 8.655795713093772 -0.3443647202256496 0.0 0.0 0.0 0.8722818006518895 0.48900353807666597
1629013269.500660896 8.655120309658878 -0.3441248845184361 0.0 0.0 0.0 0.8722817915317594 0.489003554345103
1629013269.600833416 8.656682059268261 -0.3433053109768659 0.0 0.0 0.0 0.8722817750002593 0.4890035838338989
1629013269.702066660 8.657092770649903 -0.34387624264076205 0.0 0.0 0.0 0.8722817905242076 0.4890035561423684
1629013269.801248312 8.657854151938434 -0.3422716988435293 0.0 0.0 0.0 0.8722817807778633 0.48900357352784196
1629013269.901425600 8.657219371479156 -0.3425451251111075 0.0 0.0 0.0 0.8722817711064608 0.4890035907796343
1629013269.200072765 7.9218440231744305 0.17322430822651824 0.0 0.0 0.0 0.9927277993092656 0.12038071472865773
1629013269.400448322 7.788476002762388 0.20086816685399667 0.0 0.0 0.0 0.9974617887364613 0.07120379210870127
1629013269.500660896 7.712493936976382 0.2161671878878895 0.0 0.0 0.0 0.998921434641122 0.04643239617468151
1629013269.600833416 7.638042930656846 0.22662832813498113 0.0 0.0 0.0 0.9997932493426724 0.020333680651095642
1629013269.702066660 7.562167962973393 0.2390805320736236 0.0 0.0 0.0 -0.9999748278383709 0.007095328718281797
1629013269.801248312 7.50652505466644 0.2455785568909768 0.0 0.0 0.0 -0.9994672937382044 0.032636310263718445
1629013269.901425600 7.434165569173625 0.2521381338368915 0.0 0.0 0.0 -0.9983543894154048 0.05734555898231585
1629013270.202024698 7.217013381875357 0.2762989356190122 0.0 0.0 0.0 -0.9963638591921534 0.0852001179325398
1629013270.302225113 7.126960796095048 0.2836424984175872 0.0 0.0 0.0 -0.9968193231004056 0.07969464909044505
1629013270.403551102 7.044399849744538 0.2886717796894933 0.0 0.0 0.0 -0.9976770549213773 0.06812117206425089
1629013272.707123518 7.0445131904532605 0.2880062986428633 0.0 0.0 0.0 -0.997677052618748 0.06812120578768512
1629013273.207884312 7.045007264461205 0.2884770423655705 0.0 0.0 0.0 -0.997677057070034 0.06812114059582566
1629013273.408269882 7.04434285467013 0.2880342276152279 0.0 0.0 0.0 -0.9976770592137421 0.0681211091998609
1629013273.809125662 7.043819956557211 0.28725994859317433 0.0 0.0 0.0 -0.9976770639592158 0.06812103969933679
1629013274.009464025 7.0434996015066 0.28695810494562235 0.0 0.0 0.0 -0.9976770643208185 0.06812103440343119
1629013275.311985254 7.04353597131269 0.2878124767807973 0.0 0.0 0.0 -0.9976770669988124 0.06812099518244834
1629013275.812977314 7.043520576710319 0.28766898881972364 0.0 0.0 0.0 -0.9976770681726372 0.06812097799100408
1629013275.913190365 7.043440517758701 0.28702122712099704 0.0 0.0 0.0 -0.9976770681314908 0.06812097859362137
1629013276.013378859 7.044080900456185 0.28917632582781666 0.0 0.0 0.0 -0.9976770678993244 0.06812098199385334
1629013276.013378859 7.043636043373796 0.29018252998783156 0.0 0.0 0.0 -0.9976770664117098 0.06812100378095419
1629013276.313955784 7.0429279457999 0.2898246336548345 0.0 0.0 0.0 -0.9976770661182508 0.06812100807885435
1629013276.514402390 7.043623205167147 0.2888395901035032 0.0 0.0 0.0 -0.9976770638020399 0.06812104200128143
1629013276.514402390 7.044754994569406 0.2876835912131395 0.0 0.0 0.0 -0.9976770665164687 0.06812100224669174
1629013276.614527225 7.044659139804147 0.28776667243954507 0.0 0.0 0.0 -0.997677064922347 0.0681210255936531
1629013277.015316010 7.045309112391928 0.28790935846709187 0.0 0.0 0.0 -0.9976770633253002 0.06812104898344548
1629013277.015316010 7.045397865487555 0.2877135057764635 0.0 0.0 0.0 -0.997677064792193 0.06812102749984228
1629013277.215725422 7.044816008714249 0.2878235854903432 0.0 0.0 0.0 -0.9976770636518537 0.06812104420085603
1629013277.215725422 7.045115286227318 0.2871945380445938 0.0 0.0 0.0 -0.997677060087553 0.06812109640234167
1629013277.416112423 7.044489156645341 0.28693215210097434 0.0 0.0 0.0 -0.9976770628429908 0.06812105604717868
1629013277.416112423 7.0446171302748715 0.2863563921535226 0.0 0.0 0.0 -0.9976770597001051 0.068121102076764
1629013277.616681337 7.045052657364991 0.2853036796938404 0.0 0.0 0.0 -0.9976770615964838 0.06812107430307984
1629013278.117462635 7.045854015522675 0.28495792953158133 0.0 0.0 0.0 -0.9976770609693998 0.06812108348713082
1629013278.317893028 7.044847996508065 0.2852922679108896 0.0 0.0 0.0 -0.99767706084267 0.06812108534316874
1629013278.418324947 7.04505177765054 0.2864698402146916 0.0 0.0 0.0 -0.9976770586462347 0.06812111751136858
1629013278.518271446 7.044351709223706 0.2859766176193901 0.0 0.0 0.0 -0.9976770546368783 0.06812117623091446
1629013278.518271446 7.044187637953108 0.2861627886602376 0.0 0.0 0.0 -0.9976770517031731 0.06812121919684085
1629013278.718654156 7.045437120767149 0.28690486315507663 0.0 0.0 0.0 -0.9976770503081384 0.06812123962797792
1629013278.919036388 7.045952011320296 0.2880466222622223 0.0 0.0 0.0 -0.9976770530888346 0.06812119890297563
1629013279.019241810 7.046862839637825 0.2869582674020092 0.0 0.0 0.0 -0.9976770509494028 0.0681212302362677
1629013279.019241810 7.046074748358045 0.28689820770636615 0.0 0.0 0.0 -0.9976770521579034 0.06812121253703761
1629013279.822077751 7.046707729768504 0.2860873848876201 0.0 0.0 0.0 -0.9976770526067867 0.06812120596286389
1629013280.021559715 7.046121096448661 0.2859369592068345 0.0 0.0 0.0 -0.9976770542313159 0.06812118217062792
1629013280.021559715 7.047506237114632 0.2862213594211704 0.0 0.0 0.0 -0.9976770556622931 0.06812116121307385
1629013280.822953224 4.181687976836633 -0.14649282605525818 0.0 0.0 0.0 0.6945076252544446 0.7194853427717842
1629013281.023141384 4.182671621740157 -0.14590531408067378 0.0 0.0 0.0 0.6945076130011603 0.7194853545996823
1629013281.323719501 4.1813389592131225 -0.14560419862258242 0.0 0.0 0.0 0.6945076287493215 0.7194853393982359
1629013281.524127960 4.181800461922649 -0.14500856757277739 0.0 0.0 0.0 0.6945076254761655 0.7194853425577606
1629013281.724548578 4.182260755972791 -0.14571422378366475 0.0 0.0 0.0 0.6945076448408796 0.7194853238653133
1629013281.824714661 4.1837009664526414 -0.14582658218017772 0.0 0.0 0.0 0.6945076299070091 0.7194853382807386
1629013281.824714661 4.184238118044593 -0.14573675583932758 0.0 0.0 0.0 0.6945076347578575 0.7194853335982926
1629013282.125304222 4.183141713731105 -0.1466418171724226 0.0 0.0 0.0 0.6945076757223053 0.719485294055967
1629013282.225491524 4.183059791314506 -0.14661086248593624 0.0 0.0 0.0 0.6945077057198052 0.7194852650998576
1629013282.225491524 4.183150410257963 -0.1461940604613514 0.0 0.0 0.0 0.6945077175234575 0.7194852537059793
1629013282.526069880 4.181937102216284 -0.146574598848928 0.0 0.0 0.0 0.6945077280690833 0.7194852435264536
1629013283.027065277 4.182574090490392 -0.1454858987207793 0.0 0.0 0.0 0.694507798264699 0.7194851757677292
1629013283.127244234 4.181068455743268 -0.14559432579218975 0.0 0.0 0.0 0.6945077938012245 0.7194851800762513
1629013283.227453947 4.181134907599019 -0.14648654663170088 0.0 0.0 0.0 0.6945077865277643 0.7194851870972087
1629013283.227453947 4.181725021330986 -0.14651603299310012 0.0 0.0 0.0 0.6945077883442622 0.7194851853437717
1629013283.728429317 4.181793793686572 -0.14620706670323366 0.0 0.0 0.0 0.6945077926238152 0.7194851812127862
1629013283.928811550 4.181601177120271 -0.14650578349209867 0.0 0.0 0.0 0.6945078104197843 0.7194851640346152
1629013284.029018402 4.181132776865603 -0.14702233485332564 0.0 0.0 0.0 0.6945077720003591 0.7194852011202852
1629013284.129204512 4.182160944659958 -0.14607204453790348 0.0 0.0 0.0 0.6945078128897105 0.7194851616504337
1629013284.129204512 4.1816194920397765 -0.14589022598475407 0.0 0.0 0.0 0.6945078101501445 0.7194851642948942
1629013285.031048775 4.182823742054458 -0.14655836785308116 0.0 0.0 0.0 0.6945078098442456 0.7194851645901735
1629013285.131157875 4.183893979588724 -0.1470984493103712 0.0 0.0 0.0 0.6945077870092882 0.7194851866324012
1629013285.131157875 4.184986519990547 -0.1473133606894587 0.0 0.0 0.0 0.6945077971725618 0.7194851768219521
1629013285.331543922 4.18465906294187 -0.14735347446525296 0.0 0.0 0.0 0.6945077834972996 0.7194851900224688
1629013285.632148743 4.185741295038924 -0.14744904741756962 0.0 0.0 0.0 0.6945077958220063 0.7194851781256223
1629013285.732345343 4.185787589607444 -0.14774910627659976 0.0 0.0 0.0 0.6945078141879437 0.7194851603972695
1629013285.732345343 4.186301173525678 -0.1470659987804254 0.0 0.0 0.0 0.6945077923238536 0.7194851815023343
1629013285.932733774 4.1860095435437294 -0.14665356761135065 0.0 0.0 0.0 0.6945078121620964 0.7194851623527883
1629013286.233335018 4.185855174636019 -0.1473938986364412 0.0 0.0 0.0 0.6945077890945379 0.7194851846195423
1629013287.335497141 4.186735315436239 -0.14798023594948362 0.0 0.0 0.0 0.694507764546501 0.7194852083153773
1629013288.238262653 4.187221420548769 -0.1482891892256723 0.0 0.0 0.0 0.6945077965249451 0.7194851774470865
1629013289.139037371 4.189511308216758 -0.14931371190802062 0.0 0.0 0.0 0.6945077922541755 0.7194851815695935
1629013289.239264727 4.1897417079228685 -0.14909532105598775 0.0 0.0 0.0 0.6945077680276567 0.7194852049550725
1629013289.339389801 4.190744919406762 -0.14955103131071254 0.0 0.0 0.0 0.6945077537208607 0.7194852187651977
1629013289.539778709 4.191309741074124 -0.1498545437267424 0.0 0.0 0.0 0.6945077775940249 0.7194851957208073
1629013289.539778709 4.190317991113693 -0.1508559122041633 0.0 0.0 0.0 0.6945078008756417 0.719485173247427
1629013289.740151167 4.1915126820242685 -0.1497889031651414 0.0 0.0 0.0 0.6945078077310568 0.7194851666300017
1629013289.740151167 4.192155207627739 -0.14897732563406887 0.0 0.0 0.0 0.6945078180837029 0.7194851566367538
1629013289.940553188 4.192779711511444 -0.15011150465904854 0.0 0.0 0.0 0.6945078217578607 0.7194851530901465
1629013290.241132259 4.1921339005561675 -0.15012219887403772 0.0 0.0 0.0 0.6945077954618065 0.7194851784733175
1629013290.642004013 4.191498016127466 -0.1497431194989747 0.0 0.0 0.0 0.6945078251121544 0.719485149852299
1629013290.942499161 4.1916631764932655 -0.1509763696740414 0.0 0.0 0.0 0.6945078396780869 0.7194851357920306
1629013291.042703152 4.191928136454237 -0.15089376876229596 0.0 0.0 0.0 0.6945078818139345 0.7194850951189482
1629013291.042703152 4.192816166230642 -0.15051046316598463 0.0 0.0 0.0 0.6945078534423338 0.7194851225056164
1629013291.643872261 4.193626774233031 -0.1504679644357895 0.0 0.0 0.0 0.6945078267532461 0.7194851482681788
1629013291.944457531 4.192325153465297 -0.15076353815214835 0.0 0.0 0.0 0.6945078370081813 0.719485138369249
1629013292.144999266 4.193537231833122 -0.15027601495926984 0.0 0.0 0.0 0.6945077980087894 0.7194851760147547
1629013292.345243454 4.192962398099843 -0.1496028188613686 0.0 0.0 0.0 0.694507837206188 0.7194851381781162
1629013292.445479393 4.194411154330738 -0.15015656118574644 0.0 0.0 0.0 0.6945078404691931 0.7194851350283881
1629013292.445479393 4.194290640577217 -0.15075347022497543 0.0 0.0 0.0 0.6945078135359902 0.7194851610265901
1629013293.047432423 4.194164374015318 -0.15050983106579663 0.0 0.0 0.0 0.6945078051330661 0.7194851691378017
1629013293.247035027 4.193311716053803 -0.15013022040275883 0.0 0.0 0.0 0.6945077869965174 0.7194851866447286
1629013293.848223686 4.1924678473746475 -0.15073455899864766 0.0 0.0 0.0 0.6945078132995903 0.7194851612547832
1629013294.248976707 4.1915353824534085 -0.1508920998289398 0.0 0.0 0.0 0.6945078095452792 0.7194851648787611
1629013294.449362993 4.191453472354734 -0.15065842055873072 0.0 0.0 0.0 0.6945078036649127 0.7194851705549873
1629013294.549557686 4.191092333905994 -0.1504796279074706 0.0 0.0 0.0 0.6945078391408385 0.7194851363106282
1629013295.150742054 4.192056900671391 -0.1508413458734221 0.0 0.0 0.0 0.6945078080766117 0.719485166296443
1629013295.250942469 4.192557773913109 -0.15167905396558962 0.0 0.0 0.0 0.6945077801005782 0.7194851933012707
1629013295.351131916 4.192502520722004 -0.15090293943994346 0.0 0.0 0.0 0.6945077488332554 0.719485223483126
1629013295.351131916 4.192915486377807 -0.15108536108793041 0.0 0.0 0.0 0.6945077801097318 0.7194851932924349
1629013295.651784420 4.192820745387735 -0.15027801713589004 0.0 0.0 0.0 0.6945078032503905 0.719485170955119
1629013296.152692318 4.192082722043031 -0.15143989748042233 0.0 0.0 0.0 0.6945078107479584 0.7194851637178337
1629013296.252875090 4.1919451502132885 -0.15192802763777488 0.0 0.0 0.0 0.6945078100097815 0.7194851644303843
1629013296.453254938 4.191541248183761 -0.1526809117487389 0.0 0.0 0.0 0.6945078124347848 0.7194851620895665
1629013296.753854752 4.191743432877999 -0.1532424186656767 0.0 0.0 0.0 0.694507800077611 0.7194851740177536
1629013297.054462671 4.193383297429032 -0.15315084773185483 0.0 0.0 0.0 0.6945078123546219 0.7194851621669465
1629013297.154661655 4.192723168360359 -0.15222460801171908 0.0 0.0 0.0 0.6945078021939771 0.7194851719748584
1629013297.254834890 4.192476568824991 -0.15237078990735448 0.0 0.0 0.0 0.6945078222589856 0.7194851526064185
1629013297.254834890 4.192696402885057 -0.1532728852227681 0.0 0.0 0.0 0.6945077941413812 0.7194851797479034
1629013297.555447102 4.193070029697955 -0.15304562172155406 0.0 0.0 0.0 0.6945077805391419 0.7194851928779321
1629013297.755830765 4.193170709870109 -0.15226363930782638 0.0 0.0 0.0 0.694507793945067 0.7194851799374025
1629013297.856037855 4.192914799203942 -0.15131927877604762 0.0 0.0 0.0 0.6945077889747527 0.719485184735169
1629013297.956216335 4.19317962016437 -0.15128889470440665 0.0 0.0 0.0 0.6945077920968098 0.7194851817214962
1629013298.056957483 4.192070528315703 -0.151073823199205 0.0 0.0 0.0 0.6945078087599591 0.7194851656368185
1629013298.156583786 4.192472112123373 -0.15137234597064317 0.0 0.0 0.0 0.694507839105838 0.7194851363444136
1629013298.356981039 4.192709271389533 -0.1521271489166511 0.0 0.0 0.0 0.6945078137273631 0.7194851608418608
1629013298.356981039 4.19255052251892 -0.15255749038019525 0.0 0.0 0.0 0.6945078526540455 0.7194851232665389
1629013298.557417154 4.192069040747225 -0.15174906667446994 0.0 0.0 0.0 0.6945078516613031 0.7194851242248177
1629013298.958150387 4.190160688476156 -0.1508126574582962 0.0 0.0 0.0 0.6945078452317042 0.71948513043121
1629013299.158659935 4.190860268513481 -0.15091213210006832 0.0 0.0 0.0 0.694507852220935 0.7194851236846137
1629013299.358932257 4.1902868695533 -0.1517963637358017 0.0 0.0 0.0 0.6945078382484129 0.7194851371720727
1629013299.759720087 4.191096810483556 -0.15220288759042075 0.0 0.0 0.0 0.6945078445222206 0.7194851311160635
1629013300.060306549 4.19146830853066 -0.15281260525905316 0.0 0.0 0.0 0.694507812425571 0.7194851620984605
1629013300.160758972 4.190635955436855 -0.15338818721409753 0.0 0.0 0.0 0.6945078462691084 0.7194851294298197
1629013300.361333370 4.189902919052834 -0.15419947079131013 0.0 0.0 0.0 0.6945078374188712 0.7194851379728164
1629013300.461078167 4.190070603697042 -0.15448581810866754 0.0 0.0 0.0 0.6945078269344908 0.7194851480932261
1629013300.461078167 4.190160407993854 -0.15354883490570703 0.0 0.0 0.0 0.6945078706212254 0.7194851059230977
1629013300.962058544 4.19046175860468 -0.15346770853260586 0.0 0.0 0.0 0.6945079036161909 0.7194850740735653
1629013301.362841129 4.191115402672311 -0.15276725712849418 0.0 0.0 0.0 0.6945079011069953 0.7194850764956532
1629013301.863822460 4.190602368853972 -0.15366438615183275 0.0 0.0 0.0 0.6945079398774668 0.7194850390711102
1629013302.164443970 4.190657550680293 -0.15281426407397 0.0 0.0 0.0 0.6945079569424774 0.7194850225985153
1629013302.665424824 4.191297612996822 -0.15343312748249996 0.0 0.0 0.0 0.6945079346995 0.7194850440693226
1629013302.865775824 4.190532409973426 -0.1545261110283473 0.0 0.0 0.0 0.694507939800419 0.7194850391454832
1629013303.867745638 4.190369960784138 -0.15467867586920914 0.0 0.0 0.0 0.6945079370208935 0.7194850418285168
1629013304.068133831 4.1895686532248595 -0.15510061943289097 0.0 0.0 0.0 0.694507920380126 0.7194850578915956
1629013304.168321133 4.190081311962378 -0.15516797638184665 0.0 0.0 0.0 0.6945079268644985 0.7194850516323299
1629013304.168321133 4.190567875715273 -0.15442232630784106 0.0 0.0 0.0 0.6945078954436721 0.7194850819623723
1629013304.370109081 4.18957253642552 -0.15440825451408158 0.0 0.0 0.0 0.694507915267648 0.7194850628265924
1629013304.769490957 4.189264503945375 -0.1546315956177766 0.0 0.0 0.0 0.6945079106606004 0.7194850672737048
1629013305.271343708 4.188891816501758 -0.15382589864486082 0.0 0.0 0.0 0.6945078903710032 0.7194850868589414
1629013305.470873833 4.189539169957819 -0.15417700644161822 0.0 0.0 0.0 0.6945078941811215 0.7194850831810928
1629013305.571066380 4.189705351660696 -0.15572750109680472 0.0 0.0 0.0 0.6945078769400922 0.7194850998235931
1629013305.571066380 4.190155606137449 -0.1562119211993126 0.0 0.0 0.0 0.6945078538295186 0.7194851221318729
1629013306.072058678 4.190139489384173 -0.15666009958675883 0.0 0.0 0.0 0.6945078309719733 0.7194851441959069
1629013306.172584057 4.190067836038142 -0.15672360479765737 0.0 0.0 0.0 0.6945078224839198 0.7194851523892929
1629013306.272438526 4.190754376087537 -0.15586322542222725 0.0 0.0 0.0 0.6945078066381198 0.7194851676849967
1629013306.272438526 4.189387208030741 -0.1559138744051811 0.0 0.0 0.0 0.6945078162364039 0.7194851584199228
1629013306.272438526 4.189384278336862 -0.1557068155913742 0.0 0.0 0.0 0.6945078108764564 0.7194851635937966
1629013306.575726032 4.1913276148401115 -0.15584232672557458 0.0 0.0 0.0 0.694507786243787 0.7194851873713275
1629013307.374596596 4.191541069774732 -0.15571595496637478 0.0 0.0 0.0 0.6945077929216686 0.7194851809252728
1629013307.975763083 4.191988537709079 -0.15545711590501865 0.0 0.0 0.0 0.6945077572320173 0.7194852153759335
1629013308.075963020 4.19101382979905 -0.15649023986424826 0.0 0.0 0.0 0.6945077866825077 0.7194851869478373
1629013308.075963020 4.192068683162759 -0.15559577596968213 0.0 0.0 0.0 0.6945077853600755 0.7194851882243604
1629013308.476742268 4.192546868242376 -0.15548688979266684 0.0 0.0 0.0 0.6945077721120089 0.7194852010125113
1629013308.577086210 4.192621921009096 -0.15502786044328182 0.0 0.0 0.0 0.6945077816247388 0.7194851918300224
1629013308.577086210 4.192078348714694 -0.15625184971039974 0.0 0.0 0.0 0.6945077974177373 0.7194851765852881
1629013308.777350664 4.19296188030066 -0.156621771167874 0.0 0.0 0.0 0.6945078086196494 0.7194851657722572
