1629013127.723922968 0.0008491649908430816 9.993892817669406e-05 0.0 0.0 0.0 -1.8428585934087294e-08 0.9999999999999998
1629013128.224887848 0.0006280678559811582 -0.00028138915044879193 0.0 0.0 0.0 -9.148588229154599e-09 1.0
1629013128.926275730 0.0011846196712164765 -0.0008171036721796257 0.0 0.0 0.0 -9.383824038798852e-09 1.0
1629013129.327075481 0.00024339315224243565 0.00031737981736698547 0.0 0.0 0.0 0.0007177862214322571 0.999999742391437
1629013129.727863789 0.00030042940461374735 0.00010409768574957433 0.0 0.0 0.0 0.0007177839063690391 0.9999997423930987
1629013129.928267002 0.000411560525342195 0.00039874271017419777 0.0 0.0 0.0 0.0007178144740237684 0.9999997423711573
1629013130.128615141 -0.00019082275930086486 0.0005639029216913178 0.0 0.0 0.0 0.0007178281345416621 0.9999997423613515
1629013130.729794502 -0.0009363287605480349 0.0007846808682173677 0.0 0.0 0.0 0.0007177899309333281 0.9999997423887743
1629013131.230769873 -0.0007557924958839573 0.0008660340705618035 0.0 0.0 0.0 0.0007178139326664732 0.9999997423715459
1629013131.631546736 -0.00022956579531734555 0.0018655311853823194 0.0 0.0 0.0 0.0007178311569113214 0.9999997423591819
1629013131.731744289 -0.0007393770975580527 0.0027096669605950374 0.0 0.0 0.0 0.0007177613813644649 0.9999997424092666
1629013132.533311367 -0.0005810636473627222 0.002692658432902501 0.0 0.0 0.0 0.0007177991858733385 0.9999997423821312
1629013131.731744289 0.11813943713861233 -0.016201393110251146 0.0 0.0 0.0 0.01627617643019953 0.9998675342668213
1629013131.831948757 0.11966078046275852 -0.019752950623161306 0.0 0.0 0.0 0.018002312393517468 0.999837945243371
1629013132.533311367 0.14150946290914074 -0.03158654344671672 0.0 0.0 0.0 0.023246021107693672 0.9997297747404849
1629013133.134488583 0.14418303966452556 -0.03505719628214954 0.0 0.0 0.0 0.023245937617971824 0.9997297766818098
1629013133.635461807 0.1427711954386532 -0.03321765660715552 0.0 0.0 0.0 0.023245912727802187 0.9997297772605612
1629013135.038238049 0.14254893062092758 -0.03344545292811436 0.0 0.0 0.0 0.02324588942473772 0.9997297778024083
1629013135.639563084 0.14319605599415658 -0.03266745919240626 0.0 0.0 0.0 0.023245880040516236 0.9997297780206119
1629013136.140389442 0.14333230922098195 -0.03351663499111245 0.0 0.0 0.0 0.023245880595406842 0.9997297780077095
1629013136.240868092 0.14095047520540055 -0.03608984789548147 0.0 0.0 0.0 0.023246009737926013 0.9997297750048582
1629013136.340748310 0.14001275242869218 -0.0361380191841477 0.0 0.0 0.0 0.023245940095799094 0.9997297766241948
1629013137.242624760 0.1401493940348947 -0.036435381795614265 0.0 0.0 0.0 0.023245917572837876 0.9997297771479036
1629013137.342700481 0.14077267160733858 -0.03559010523180993 0.0 0.0 0.0 0.02324589163650245 0.99972977775098
1629013137.342700481 0.24057779970688714 -0.2570633506914085 0.0 0.0 0.0 -0.1465662286465011 0.9892008595934102
1629013138.044185638 0.24151964009814833 -0.2577229001725059 0.0 0.0 0.0 -0.146566235613924 0.9892008585610729
1629013138.545035839 0.24091567087272775 -0.2586531735457785 0.0 0.0 0.0 -0.14656615759978173 0.9892008701201369
1629013138.945878506 0.24077189894632062 -0.25917905725409496 0.0 0.0 0.0 -0.14656616985912735 0.9892008683037159
1629013139.446808338 0.24118514046129444 -0.25889530080730644 0.0 0.0 0.0 -0.14656617033649136 0.9892008682329866
1629013140.047982454 0.24123641538144214 -0.2581532268716467 0.0 0.0 0.0 -0.14656614171251614 0.9892008724740929
1629013140.248363495 0.24099966733336808 -0.25870366742472267 0.0 0.0 0.0 -0.14656614666010284 0.9892008717410278
1629013140.649135590 0.2423149910728796 -0.259035511661735 0.0 0.0 0.0 -0.14656615606491877 0.9892008703475518
1629013141.250308990 0.24206572652967895 -0.25944832394552814 0.0 0.0 0.0 -0.14656616033504688 0.989200869714863
1629013141.751293659 0.2420336680299395 -0.2583405479768825 0.0 0.0 0.0 -0.1465661310452414 0.9892008740546225
1629013142.853490353 0.24263556910859038 -0.25876616271797764 0.0 0.0 0.0 -0.14656614324365766 0.9892008722472295
1629013143.354449272 0.24283401289794304 -0.2598583963697592 0.0 0.0 0.0 -0.14656615610268794 0.9892008703419556
1629013144.055785656 0.2441504297704958 -0.2595626090896735 0.0 0.0 0.0 -0.14656614902057233 0.9892008713912859
1629013144.656959772 0.24373581277342438 -0.2601152569875424 0.0 0.0 0.0 -0.14656620889520916 0.9892008625198857
1629013145.157940865 0.2438743820191145 -0.2599210699355955 0.0 0.0 0.0 -0.14656620005560864 0.9892008638296164
1629013145.658915520 0.24534336629856687 -0.2606183344871761 0.0 0.0 0.0 -0.1465662463688672 0.9892008569675527
1629013146.260293722 0.24500726525681962 -0.26125206765875175 0.0 0.0 0.0 -0.1465662329990489 0.9892008589485093
1629013146.360308409 0.24613702848917698 -0.26091566321278725 0.0 0.0 0.0 -0.14656622910348596 0.9892008595257004
1629013146.761072397 0.24629419584299395 -0.26088864787299304 0.0 0.0 0.0 -0.1465662429539212 0.9892008574735326
1629013146.861275196 0.2466204398145924 -0.26069190340351456 0.0 0.0 0.0 -0.14656628508499378 0.989200851231126
1629013146.961471319 0.2460151958727884 -0.2611998194495536 0.0 0.0 0.0 -0.14656629866835247 0.9892008492185291
1629013147.363122463 0.24461245314302543 -0.26157864409958853 0.0 0.0 0.0 -0.1465662819559865 0.9892008516947396
1629013147.662840843 0.24333514177752527 -0.2617645018970601 0.0 0.0 0.0 -0.1465662539867423 0.9892008558388401
1629013147.963420868 0.24410102158021774 -0.2614154979281435 0.0 0.0 0.0 -0.1465662674433905 0.9892008538450179
1629013148.163911819 0.24437091200217878 -0.2615172399406031 0.0 0.0 0.0 -0.1465662811778028 0.9892008518100402
1629013148.464430809 0.24591156735672365 -0.26225013417684867 0.0 0.0 0.0 -0.1465662845319114 0.9892008513130742
1629013148.564584255 0.2455713027406876 -0.26263309963981674 0.0 0.0 0.0 -0.14656630605843662 0.9892008481235672
1629013148.967636585 0.24462528977825773 -0.2621663852743256 0.0 0.0 0.0 -0.14656626860640184 0.9892008536726988
1629013149.566569805 0.24348241787321387 -0.26262726410164383 0.0 0.0 0.0 -0.1465662590697079 0.9892008550857158
1629013150.267954588 0.24345899871325088 -0.26314978783192977 0.0 0.0 0.0 -0.14656627377638293 0.9892008529066816
1629013150.368111134 0.2431402159160732 -0.26429222377972666 0.0 0.0 0.0 -0.14656627057288674 0.9892008533813319
1629013150.468353271 0.2432025043649475 -0.26407987477175676 0.0 0.0 0.0 -0.1465662583278318 0.9892008551956368
1629013150.571737289 0.24425925544516275 -0.26539175360673695 0.0 0.0 0.0 -0.1465662565438252 0.9892008554599665
1629013150.668736935 0.245046063604251 -0.2651226307291759 0.0 0.0 0.0 -0.1465662811814364 0.9892008518095019
1629013150.768898010 0.24498919405979258 -0.26418581739832775 0.0 0.0 0.0 -0.14656628079023548 0.9892008518674648
1629013150.869095564 0.24533674226838456 -0.265017821182723 0.0 0.0 0.0 -0.1465663268509513 0.9892008450428154
1629013151.470263958 0.24442756921959813 -0.2645718897710817 0.0 0.0 0.0 -0.1465663790075189 0.9892008373149632
1629013151.570468903 0.24427038680201232 -0.2653038084229869 0.0 0.0 0.0 -0.14656638770497246 0.9892008360262924
1629013152.171621323 0.24361006511631003 -0.2652136444140715 0.0 0.0 0.0 -0.1465664018099066 0.989200833936414
1629013152.672604084 0.24376719385120232 -0.26538700629953726 0.0 0.0 0.0 -0.1465663807072891 0.9892008370631142
1629013152.772806168 0.24420657021691444 -0.2655685510938431 0.0 0.0 0.0 -0.14656639732764576 0.9892008346005349
1629013152.872993946 0.24523182017766354 -0.2656093909162349 0.0 0.0 0.0 -0.14656635375735186 0.9892008410561905
1629013153.073383331 0.2459183074643442 -0.265691270951541 0.0 0.0 0.0 -0.1465663617320336 0.9892008398746104
1629013153.574472904 0.24486557981247828 -0.26656450116021246 0.0 0.0 0.0 -0.14656642620712368 0.989200830321564
1629013153.975163460 0.24490921615113115 -0.26695614159480946 0.0 0.0 0.0 -0.1465664455348064 0.9892008274578488
1629013154.278061152 0.2461300432507331 -0.2662787260949982 0.0 0.0 0.0 -0.1465664354787347 0.9892008289478218
1629013154.878062725 0.24509710766199122 -0.2660238571516039 0.0 0.0 0.0 -0.1465663957019637 0.9892008348414064
1629013155.578306198 0.24517106028817626 -0.2660625900580222 0.0 0.0 0.0 -0.14656637234514805 0.989200838302103
1629013156.079273701 0.2445298678224517 -0.2660652363047771 0.0 0.0 0.0 -0.14656634682699138 0.9892008420830373
1629013156.581030369 0.24372416701027952 -0.265889275151316 0.0 0.0 0.0 -0.14656637516330492 0.9892008378845467
1629013157.181401730 0.24326472116078918 -0.26448135920989 0.0 0.0 0.0 -0.14656642773957093 0.9892008300945067
1629013157.686052322 0.24236711030484168 -0.2646086537690283 0.0 0.0 0.0 -0.1465664128423568 0.9892008323017747
1629013158.684444427 0.2429850279517711 -0.26538538883180757 0.0 0.0 0.0 -0.14656639583007727 0.9892008348224243
1629013159.485904694 0.24362442344695193 -0.26527105700830805 0.0 0.0 0.0 -0.14656641002719709 0.989200832718887
1629013159.686296701 0.2437939511149979 -0.265090550490378 0.0 0.0 0.0 -0.1465664155286863 0.9892008319037507
1629013159.886710405 0.24311408182223376 -0.2655861926660126 0.0 0.0 0.0 -0.14656642286647986 0.9892008308165355
1629013160.187287807 0.24236204373120648 -0.2652305749636207 0.0 0.0 0.0 -0.14656646820706273 0.9892008240985791
1629013160.287604094 0.242399490052224 -0.2662482207951131 0.0 0.0 0.0 -0.1465665163135847 0.9892008169708008
1629013160.490854502 3.9469361714889475 2.26982693384936 0.0 0.0 0.0 0.9119932637226945 0.41020517661827205
1629013160.588062286 3.946300369096192 2.269845239016393 0.0 0.0 0.0 0.9119932846829699 0.4102051300181013
1629013161.089177847 3.9461617320547875 2.2701360083450335 0.0 0.0 0.0 0.911993276325254 0.41020514859948903
1629013161.590049744 3.9452314407689464 2.27025770450104 0.0 0.0 0.0 0.9119933131448034 0.4102050667399961
1629013161.990804672 3.9450224578546513 2.2719605235396307 0.0 0.0 0.0 0.9119933188949492 0.4102050539559155
1629013162.391571283 3.9452750686952935 2.272080998940621 0.0 0.0 0.0 0.911993314319406 0.4102050641285467
1629013162.391571283 4.277055247431894 1.526859434048669 0.0 0.0 0.0 0.9609602100008017 0.27668660031742615
1629013162.792377234 4.276061935396752 1.5266495887317 0.0 0.0 0.0 0.960960211248804 0.27668659598298934
1629013162.992767334 4.274330949524744 1.527158725575583 0.0 0.0 0.0 0.9609602107465072 0.2766865977275165
1629013162.992767334 4.298899298864066 1.5245893023402757 0.0 0.0 0.0 0.9608857939496328 0.2769449241018577
1629013163.794341564 4.298149644350175 1.5243001616153993 0.0 0.0 0.0 0.9608857832497577 0.2769449612260524
1629013164.297129869 4.2973879883721775 1.5233956466469862 0.0 0.0 0.0 0.9608857779419385 0.2769449796420141
1629013164.395480871 4.297645779851659 1.5226943016463097 0.0 0.0 0.0 0.9608857880935562 0.2769449444200517
1629013164.395480871 4.296331911285545 1.5216521793897826 0.0 0.0 0.0 0.9608857898514309 0.2769449383209445
1629013164.796288013 4.296305938121241 1.5219620547861121 0.0 0.0 0.0 0.9608857817922134 0.2769449662831352
1629013165.197075605 4.295770096320401 1.5220797428567288 0.0 0.0 0.0 0.9608857628888166 0.27694503187018354
1629013165.597881317 4.295129364951923 1.5222672839747644 0.0 0.0 0.0 0.9608857585245706 0.2769450470123281
1629013165.898430824 4.295220069340644 1.5228845247213585 0.0 0.0 0.0 0.9608857575233041 0.2769450504863123
1629013165.998615742 4.294759218532241 1.5234885703277163 0.0 0.0 0.0 0.9608857582771828 0.27694504787066226
1629013166.299229145 4.295222167207951 1.5229504867473325 0.0 0.0 0.0 0.9608857576422015 0.27694505007378684
1629013167.200989485 4.295242947150814 1.522802127404677 0.0 0.0 0.0 0.9608857468013374 0.276945087687137
1629013167.902340412 4.295717320346708 1.5238467965384206 0.0 0.0 0.0 0.9608857509051983 0.2769450734484244
1629013168.102773190 4.295300718030609 1.523821690610858 0.0 0.0 0.0 0.960885764881857 0.2769450249551501
1629013168.206339836 4.295556223004723 1.5231771008356578 0.0 0.0 0.0 0.9608857757849096 0.2769449871260217
1629013168.403431416 4.295195385947725 1.5226414350949644 0.0 0.0 0.0 0.9608857861861563 0.2769449510379496
1629013168.603710651 4.295457567007657 1.521858495670054 0.0 0.0 0.0 0.9608857847645462 0.27694495597035534
1629013169.305072069 4.2956719539121 1.521548412341158 0.0 0.0 0.0 0.960885806023348 0.276944882210993
1629013169.605694056 3.2616622378048583 1.4553818674049372 0.0 0.0 0.0 -0.9216547244598392 0.3880110422151125
1629013169.705881596 3.255766062842295 1.4318284043294554 0.0 0.0 0.0 -0.9180026420983918 0.39657426681565217
1629013169.806046009 3.2551818934133996 1.432034904176028 0.0 0.0 0.0 -0.9180026257669559 0.3965743046201738
1629013170.010056734 3.2552496761468954 1.431489270295048 0.0 0.0 0.0 -0.9180026167352113 0.39657432552713834
1629013170.307057381 3.2552241893995033 1.4322430739743361 0.0 0.0 0.0 -0.9180025978879157 0.39657436915544314
1629013170.106631994 3.2495293398431477 1.3247114363086463 0.0 0.0 0.0 -0.9092769869686433 0.41619149555129736
1629013170.206834793 3.247880325582819 1.300663860086552 0.0 0.0 0.0 -0.907620449651341 0.41979175715430317
1629013170.307057381 3.246092770982613 1.2724868306991992 0.0 0.0 0.0 -0.9063548847423567 0.42251724568787635
1629013171.009956837 3.245950034756051 1.2714187204763026 0.0 0.0 0.0 -0.906354881659004 0.4225172523020721
1629013171.709802628 3.2451247700903014 1.2718506243480037 0.0 0.0 0.0 -0.9063548702440325 0.4225172767886812
1629013172.310935020 3.246147840709202 1.2730317363614736 0.0 0.0 0.0 -0.9063548943435504 0.4225172250920566
1629013172.411147356 3.246022158403316 1.2733277162561292 0.0 0.0 0.0 -0.906354905497614 0.4225172011651257
1629013173.112493277 3.246662278062825 1.2728241701040333 0.0 0.0 0.0 -0.9063549332555202 0.42251714162076504
1629013173.212690830 3.246236576779237 1.2729775613863923 0.0 0.0 0.0 -0.9063549427679427 0.42251712121536483
1629013173.312892914 3.2469178581659612 1.2727569169206285 0.0 0.0 0.0 -0.9063549802746321 0.4225170407585607
1629013172.411147356 3.0917347012039533 0.5989696752713912 0.0 0.0 0.0 -0.9501552094545429 0.31177728901636453
1629013172.611762047 3.04389611338256 0.5360950746673825 0.0 0.0 0.0 -0.95491668717972 0.29687391354867937
1629013172.811977863 2.987183779463374 0.4768165831361693 0.0 0.0 0.0 -0.9596639257173966 0.2811496926490854
1629013173.112493277 2.8742657265716454 0.3791905679292474 0.0 0.0 0.0 -0.9665850754956038 0.2563460392304861
1629013173.212690830 2.846548202652263 0.35426753519815324 0.0 0.0 0.0 -0.968804976466274 0.24782436840267014
1629013173.312892914 2.831224806201738 0.3262914980596481 0.0 0.0 0.0 -0.9709175189408588 0.2394142255876352
1629013173.413134813 2.814826426580345 0.3043789417678688 0.0 0.0 0.0 -0.9730264598932009 0.23069353772419604
1629013174.114495277 2.8156754669610997 0.3052496831521094 0.0 0.0 0.0 -0.9730264604227064 0.23069353549083157
1629013174.314868450 2.8157871606398355 0.3047391472826459 0.0 0.0 0.0 -0.9730264616880177 0.23069353015396163
1629013174.415051937 2.816180323996393 0.30343807530168365 0.0 0.0 0.0 -0.9730264581455561 0.2306935450954671
1629013174.916043282 2.8163932596515098 0.30311098032925843 0.0 0.0 0.0 -0.9730264601663643 0.23069353657203895
1629013175.517198086 2.8163283001773713 0.30212493663593964 0.0 0.0 0.0 -0.9730264614036974 0.23069353135317644
1629013176.018274307 2.816637510669775 0.30292863940228154 0.0 0.0 0.0 -0.9730264481482745 0.2306935872623104
1629013176.619600296 2.8167548976156738 0.30240298163359186 0.0 0.0 0.0 -0.9730264400059881 0.2306936216050917
1629013176.820007801 2.817197423436556 0.30139219321562843 0.0 0.0 0.0 -0.9730264394730143 0.23069362385308478
1629013177.621303797 2.8176931790337654 0.30200265660159725 0.0 0.0 0.0 -0.9730264402866886 0.23069362042114488
1629013177.721537590 2.8175633967347875 0.3017815080999754 0.0 0.0 0.0 -0.9730264380005772 0.23069363006357366
1629013177.721537590 2.8171984519517626 0.30214085961421533 0.0 0.0 0.0 -0.9730264497408264 0.23069358054519626
1629013177.921918392 2.817577802626464 0.3027520042041459 0.0 0.0 0.0 -0.9730264489861793 0.23069358372817006
1629013178.122301817 2.817345415892317 0.3021970654557598 0.0 0.0 0.0 -0.9730264464809142 0.2306935942949534
1629013178.523101568 2.8166827335951035 0.30183710716088363 0.0 0.0 0.0 -0.9730264559530452 0.23069355434310843
1629013178.723504305 2.8159179589081433 0.3025845104752348 0.0 0.0 0.0 -0.9730264367753728 0.23069363523127676
1629013179.925849915 2.8158831220144296 0.3029311833106256 0.0 0.0 0.0 -0.9730264325972273 0.23069365285398152
1629013180.627175808 2.8156963869529283 0.3038891004664543 0.0 0.0 0.0 -0.973026431058737 0.23069365934307104
1629013180.828376532 2.815741716088897 0.3036603237115673 0.0 0.0 0.0 -0.9730264418257565 0.2306936139296184
1629013181.328547478 2.8155729530772438 0.3033971501308719 0.0 0.0 0.0 -0.9730264540292478 0.23069356245736047
1629013181.832266808 -1.0339086322810518 -0.0006906544724831575 0.0 0.0 0.0 -0.9029599597562097 0.4297246921891553
1629013182.330725193 -1.0556851117877792 -0.23151113848358054 0.0 0.0 0.0 -0.8592591088425223 0.5115405984583768
1629013182.531440973 -1.055308836776772 -0.23219489096685123 0.0 0.0 0.0 -0.859259077935585 0.5115406503742281
1629013183.132084608 -1.0549491328239973 -0.23142085911042654 0.0 0.0 0.0 -0.8592590928712418 0.5115406252860965
1629013183.634452820 -1.0557098182489808 -0.23191890358199424 0.0 0.0 0.0 -0.8592590822095371 0.5115406431950681
1629013184.033816814 -1.0552463961717187 -0.23215733494398078 0.0 0.0 0.0 -0.8592590902327075 0.5115406297181678
1629013184.033816814 -1.271783544936626 -1.2231752291972025 0.0 0.0 0.0 -0.9341936740036803 0.35676628127039367
1629013184.635001659 -1.271359564160499 -1.223928389436887 0.0 0.0 0.0 -0.9341936919650103 0.35676623423858844
1629013184.835386753 -1.2721725286593455 -1.2246803985133137 0.0 0.0 0.0 -0.9341936916458479 0.35676623507431665
1629013185.737141132 -1.272802547272498 -1.2253075276876235 0.0 0.0 0.0 -0.934193699395074 0.3567662147829388
1629013186.238120079 -1.2730106331822646 -1.2257166466389904 0.0 0.0 0.0 -0.9341936893197631 0.3567662411651781
1629013186.538707733 -1.272433448745955 -1.2265997559617972 0.0 0.0 0.0 -0.9341936823723669 0.35676625935695955
1629013186.638895512 -1.272776066432876 -1.2277860671165475 0.0 0.0 0.0 -0.9341936620659824 0.3567663125292928
1629013187.039713860 -1.2733633270225018 -1.228571768704563 0.0 0.0 0.0 -0.9341936498183494 0.35676634459975504
1629013188.142455101 -1.2711422048441885 -1.2290657674201935 0.0 0.0 0.0 -0.9341936583235132 0.3567663223289596
1629013188.542624950 -1.27101210446565 -1.2286383880856706 0.0 0.0 0.0 -0.9341936470393173 0.3567663518766583
1629013188.642812967 -1.2714376575258064 -1.227975165252389 0.0 0.0 0.0 -0.9341936452483272 0.3567663565663705
1629013189.150118589 -1.2715214224198796 -1.2279725536684227 0.0 0.0 0.0 -0.9341936350021924 0.3567663833959003
1629013189.243979216 -1.2721613120071558 -1.2275179087357972 0.0 0.0 0.0 -0.9341936318160096 0.35676639173892755
1629013189.346075773 -1.271695598705325 -1.2259418792602295 0.0 0.0 0.0 -0.9341936206486203 0.35676642098076117
1629013189.945374012 -1.271457282279937 -1.2263553906200977 0.0 0.0 0.0 -0.9341936293942477 0.3567663980803166
1629013190.145747185 -1.2720245290748127 -1.2264596797334735 0.0 0.0 0.0 -0.9341936389169334 0.3567663731451413
1629013190.446377039 -1.271821696331457 -1.2271211006728002 0.0 0.0 0.0 -0.9341936378484492 0.35676637594296995
1629013191.448290825 -1.2720383187927216 -1.2274591616025148 0.0 0.0 0.0 -0.9341936486597225 0.3567663476336226
1629013191.949263096 -1.2722917613059164 -1.2274329422750347 0.0 0.0 0.0 -0.9341936530491436 0.35676633613991143
1629013192.851044893 -1.2714622094038903 -1.2282661731546995 0.0 0.0 0.0 -0.9341936700409506 0.35676629164681406
1629013193.354059696 -1.2712854838112218 -1.2294409059193563 0.0 0.0 0.0 -0.934193673216807 0.3567662833308238
1629013194.253760338 -1.271919701935212 -1.2299120203053624 0.0 0.0 0.0 -0.9341936826687822 0.35676625858079486
1629013194.854950905 -1.2720387126587316 -1.230529707326969 0.0 0.0 0.0 -0.9341936797267776 0.3567662662844442
1629013195.957142353 -1.2710067259532574 -1.2307890593424717 0.0 0.0 0.0 -0.9341936840966579 0.35676625484189733
1629013196.458153248 -1.2709713496334152 -1.2309951693300505 0.0 0.0 0.0 -0.9341936792325976 0.35676626757845625
1629013197.259631634 -1.269781891287528 -1.2308877318823441 0.0 0.0 0.0 -0.9341936687869566 0.35676629493040113
1629013197.760605812 -1.2705568440138533 -1.2307680763833875 0.0 0.0 0.0 -0.9341936847733991 0.3567662530698482
1629013198.562168837 -1.2719790263680693 -1.2309133598997406 0.0 0.0 0.0 -0.934193695368439 0.3567662253266981
1629013199.066054821 -1.2703443226117164 -1.230460624202252 0.0 0.0 0.0 -0.9341936906280083 0.35676623773953314
1629013199.865200996 -1.2702546289637275 -1.2319027571724521 0.0 0.0 0.0 -0.9341936847586739 0.3567662531084062
1629013200.767469406 -1.271161745058069 -1.2311911726153237 0.0 0.0 0.0 -0.9341936975678689 0.35676621956748245
1629013201.467884541 -1.271164718780443 -1.2306114363072198 0.0 0.0 0.0 -0.9341936851566124 0.35676625206640306
1629013202.074606419 -1.2714507612021975 -1.2300738067435202 0.0 0.0 0.0 -0.9341936741929403 0.3567662807748155
1629013202.670295238 -1.271923972973147 -1.2298160506668006 0.0 0.0 0.0 -0.9341936865092203 0.3567662485245944
1629013203.171209335 -1.2717207030164763 -1.2296121345469742 0.0 0.0 0.0 -0.9341936876908489 0.35676624543049573
1629013203.677692413 -1.2711990971294818 -1.2304921304094714 0.0 0.0 0.0 -0.9341936814445362 0.3567662617864873
1629013204.573929071 -1.2707983872052473 -1.2307490721519594 0.0 0.0 0.0 -0.9341936734977185 0.35676628259525595
1629013205.475691319 -1.271998948906728 -1.2303863861855675 0.0 0.0 0.0 -0.9341936659366183 0.3567663023940209
1629013205.676188707 -1.2724070980031292 -1.2302837491077898 0.0 0.0 0.0 -0.9341936746453918 0.3567662795900698
1629013205.878082752 -1.2724032060156887 -1.2298268416812015 0.0 0.0 0.0 -0.9341936567309609 0.3567663264990624
1629013206.076845169 -1.2728253589573577 -1.2302184075669196 0.0 0.0 0.0 -0.9341936679639173 0.35676629708553215
1629013206.076845169 -1.2720391907746105 -1.2292677481465941 0.0 0.0 0.0 -0.9341936776629163 0.3567662716886721
1629013206.377456665 -1.2713825267799863 -1.22967418448432 0.0 0.0 0.0 -0.9341936836531051 0.3567662560033421
1629013206.477707386 -1.27142525872011 -1.2317315980514094 0.0 0.0 0.0 -0.9341936889761141 0.3567662420650241
1629013207.078907251 -1.2724339731971153 -1.232048182283622 0.0 0.0 0.0 -0.9341936692743567 0.35676629365414264
1629013207.078907251 -1.2737892549954621 -1.2312873541936993 0.0 0.0 0.0 -0.9341936888463428 0.35676624240483074
1629013207.580000401 -1.2757071972539187 -1.2317571482917506 0.0 0.0 0.0 -0.9341937191595042 0.3567661630296985
1629013208.080886364 -1.2752790360894635 -1.2313815604805771 0.0 0.0 0.0 -0.9341937226589921 0.35676615386627436
1629013209.483502388 -1.2758683921139014 -1.2311325752796765 0.0 0.0 0.0 -0.9341937356959744 0.35676611972887784
1629013209.483502388 -1.2757383280036725 -1.2315992777065703 0.0 0.0 0.0 -0.9341937485776511 0.35676608599814574
1629013209.784077168 -1.2754354822525777 -1.2315204928877206 0.0 0.0 0.0 -0.9341937281050349 0.3567661396057875
1629013209.986763000 -1.2757204341011292 -1.2315818023024383 0.0 0.0 0.0 -0.9341937199084913 0.35676616106847253
1629013210.786072731 -1.27580908054416 -1.2313888352062319 0.0 0.0 0.0 -0.9341937187015109 0.35676616422895574
1629013211.487395525 -1.2765790340909096 -1.2315632161030368 0.0 0.0 0.0 -0.9341937317191991 0.3567661301420823
1629013212.089605808 -1.277072306237605 -1.2309761698251944 0.0 0.0 0.0 -0.9341937187144743 0.35676616419501106
1629013212.790127516 -1.277326247544883 -1.2298828067874188 0.0 0.0 0.0 -0.9341937070322428 0.3567661947849824
1629013213.491334200 -1.2775070296390059 -1.2300133109280067 0.0 0.0 0.0 -0.9341937103075778 0.3567661862085045
1629013213.691732168 -1.2779604879293818 -1.2315466237085755 0.0 0.0 0.0 -0.9341936960370278 0.3567662235759956
1629013213.992370605 -1.2777600233627293 -1.2312610108395066 0.0 0.0 0.0 -0.9341936951574684 0.3567662258791251
1629013214.192687035 -1.2774622863148477 -1.231171271335428 0.0 0.0 0.0 -0.9341937003315137 0.35676621233086786
1629013214.394271851 -1.2779878210922495 -1.2314714505441187 0.0 0.0 0.0 -0.9341936822411565 0.35676625970053444
1629013214.394271851 -1.2778974110260501 -1.2322447271682617 0.0 0.0 0.0 -0.9341936838963291 0.3567662553664593
1629013215.094453812 -1.2782623381641396 -1.2325395683058022 0.0 0.0 0.0 -0.9341936795566171 0.35676626673000994
1629013215.595432520 -1.278013100913048 -1.2332244731482598 0.0 0.0 0.0 -0.9341936853991533 0.3567662514313089
1629013215.695641518 -1.2785286443959203 -1.233003140692997 0.0 0.0 0.0 -0.934193685589949 0.35676625093170944
1629013215.795802355 -1.2784853054036132 -1.233384665893754 0.0 0.0 0.0 -0.9341936967420345 0.356766221729933
1629013215.996199131 -1.278514645206826 -1.2326343325343552 0.0 0.0 0.0 -0.934193677092257 0.35676627318294524
1629013216.196589470 -1.2792376663276508 -1.2336330901932735 0.0 0.0 0.0 -0.9341936811895842 0.3567662624540801
1629013216.497184753 -1.2789349735398998 -1.234184598480123 0.0 0.0 0.0 -0.9341936682957472 0.35676629621663447
1629013217.098364115 -1.2789904670981318 -1.233436719825317 0.0 0.0 0.0 -0.934193654001599 0.35676633364590415
1629013217.599331856 -1.2783216057073878 -1.2334981058531342 0.0 0.0 0.0 -0.9341936677890619 0.35676629754339184
1629013218.100379467 -1.279128949539261 -1.232953549310764 0.0 0.0 0.0 -0.9341936588183075 0.35676632103333933
1629013219.406359673 -1.2784975738802618 -1.231585143663633 0.0 0.0 0.0 -0.9341936550499033 0.35676633090091664
1629013220.204417229 -1.2794649131366833 -1.2306432298015986 0.0 0.0 0.0 -0.9341936531444055 0.35676633589046786
1629013220.806005239 -1.2792002707666417 -1.229583309891261 0.0 0.0 0.0 -0.9341936616861907 0.3567663135237785
1629013221.406772852 -1.2772684839184691 -1.228822279164511 0.0 0.0 0.0 -0.934193668666486 0.35676629524585374
1629013221.907737732 -1.2779840356547922 -1.2295628429936738 0.0 0.0 0.0 -0.9341936737007527 0.3567662820636104
1629013223.711259842 -1.2783096148260524 -1.2292727677188042 0.0 0.0 0.0 -0.9341936742208127 0.35676628070183153
1629013224.012077093 -1.2773033709840917 -1.2288969284185918 0.0 0.0 0.0 -0.9341936714515494 0.3567662879531564
1629013224.212237358 -1.2796119793014706 -1.22809382926333 0.0 0.0 0.0 -0.9341936595160678 0.35676631920625174
1629013224.813429356 -1.2797139481056563 -1.2279545049896445 0.0 0.0 0.0 -0.934193663958707 0.356766307573188
1629013225.014685154 -1.2796122310761187 -1.226247570772145 0.0 0.0 0.0 -0.9341936756868308 0.35676627686305856
1629013225.114006281 -1.2797232289085794 -1.2276131517620956 0.0 0.0 0.0 -0.9341936803910325 0.3567662645450906
1629013225.514781952 -1.2806091752205349 -1.2270785725548845 0.0 0.0 0.0 -0.9341936725195098 0.3567662851566988
1629013225.614995480 -1.280711699432366 -1.226638129444737 0.0 0.0 0.0 -0.9341936904214543 0.35676623828039555
1629013225.715173721 -1.281226102950856 -1.2255686378182677 0.0 0.0 0.0 -0.9341936721600411 0.3567662860979687
1629013225.816148996 -1.2803956250484378 -1.2251047551059027 0.0 0.0 0.0 -0.9341936904674969 0.35676623815983277
1629013226.416540146 -1.280895416694484 -1.2241797982699052 0.0 0.0 0.0 -0.9341936936875086 0.3567662297282204
1629013225.715173721 5.0554319406436505 3.7333230153687618 0.0 0.0 0.0 -0.3741406190325227 0.927371984259801
1629013225.816148996 5.005070459253231 3.768699765587443 0.0 0.0 0.0 -0.3581140080387858 0.9336778658865147
1629013225.915573120 4.952556492091552 3.784363481045305 0.0 0.0 0.0 -0.34014802543309114 0.9403719055745813
1629013226.015756130 4.898237964942121 3.8184644617968146 0.0 0.0 0.0 -0.3203020256255609 0.9473154766919849
1629013226.416540146 4.716752203710224 3.8512677990465196 0.0 0.0 0.0 -0.2439677761897105 0.9697833387829713
1629013226.618190289 4.584199510132194 3.905001041951695 0.0 0.0 0.0 -0.2004474707918329 0.9797044510734639
1629013226.817325592 4.447706124410476 3.9520933393994926 0.0 0.0 0.0 -0.15626515522177017 0.9877151417607791
1629013226.917517185 4.379979741992898 3.9644837598789295 0.0 0.0 0.0 -0.13374157950608792 0.9910162409926574
1629013227.318311214 4.380422336461595 3.964709426456493 0.0 0.0 0.0 -0.13374164641868766 0.9910162319625339
1629013227.819284201 4.38033681032835 3.965195542287687 0.0 0.0 0.0 -0.13374167753040894 0.9910162277638809
1629013228.420449734 4.380121250824519 3.9663196902342515 0.0 0.0 0.0 -0.13374167850195165 0.9910162276327672
1629013229.021659851 4.3789970800699685 3.966985186161608 0.0 0.0 0.0 -0.13374166250296912 0.991016229791895
1629013230.023580551 4.378493225879314 3.968281207006799 0.0 0.0 0.0 -0.13374166472959162 0.9910162294914032
1629013230.424386501 4.3780206942975175 3.9688970797600125 0.0 0.0 0.0 -0.13374164056124827 0.991016232753019
1629013230.624771357 4.377998661383198 3.96833053626843 0.0 0.0 0.0 -0.13374160254888548 0.99101623788294
1629013230.724998474 4.377857646403635 3.967742263209895 0.0 0.0 0.0 -0.13374160981931743 0.9910162369017661
1629013230.724998474 4.774116058666846 4.164602446002962 0.0 0.0 0.0 0.3439683638564354 0.9389812376538346
1629013231.125766754 4.885943909359394 4.242376120126122 0.0 0.0 0.0 0.33655948099026795 0.9416622089452042
1629013231.225924015 4.885766239866188 4.2419822906250975 0.0 0.0 0.0 0.3365594176507518 0.9416622315833777
1629013231.726910353 4.886059577736885 4.24108999385017 0.0 0.0 0.0 0.3365594033700483 0.9416622366874425
1629013231.927503109 4.885901114790806 4.240598425119056 0.0 0.0 0.0 0.33655937347678816 0.9416622473715891
1629013232.428275108 4.886713178325943 4.240894066229179 0.0 0.0 0.0 0.3365593955461847 0.9416622394837688
1629013233.129659176 4.887791838181516 4.2409811278202785 0.0 0.0 0.0 0.33655943804756555 0.941662224293354
1629013233.730814695 4.88674006100235 4.240553797280559 0.0 0.0 0.0 0.3365594146451714 0.941662232657602
1629013234.632601976 4.886664047986297 4.240356634558699 0.0 0.0 0.0 0.3365594207327404 0.9416622304818444
1629013235.033603668 4.884306943966312 4.239355157081396 0.0 0.0 0.0 0.3365594017608584 0.941662237262583
1629013235.133549213 4.883290455130079 4.240223179837983 0.0 0.0 0.0 0.3365594765406865 0.9416622105355291
1629013235.133549213 4.884714447589491 4.238957702748296 0.0 0.0 0.0 0.3365594637013184 0.9416622151244474
1629013236.035361052 4.885103229200201 4.238783253027427 0.0 0.0 0.0 0.33655946569616146 0.9416622144114706
1629013236.536616802 4.884152819894437 4.2382814007923155 0.0 0.0 0.0 0.33655946047344326 0.9416622162781221
1629013237.037281513 4.8830731772938005 4.238637429734924 0.0 0.0 0.0 0.3365594280915812 0.9416622278517217
1629013237.738643646 4.883137548787511 4.238017029258911 0.0 0.0 0.0 0.33655945036211843 0.9416622198920103
1629013238.239623070 4.884647826110267 4.237551880952359 0.0 0.0 0.0 0.3365594508818894 0.941662219706239
1629013238.941011429 4.883211753309713 4.238079295140417 0.0 0.0 0.0 0.3365594431104343 0.9416622224838344
1629013239.542208195 4.883723452054236 4.239050906640336 0.0 0.0 0.0 0.33655946450935126 0.9416622148356484
1629013239.942944527 4.8840022531580685 4.238112957517022 0.0 0.0 0.0 0.33655947939121506 0.9416622095167217
1629013239.942944527 3.8086005433474326 0.1621514110632605 0.0 0.0 0.0 0.8553413059019211 0.5180649094640517
1629013240.443916321 3.8081966721200065 0.16130091568245472 0.0 0.0 0.0 0.8553413226782499 0.5180648817658093
1629013240.544137478 3.8068536052910775 0.1620641534172228 0.0 0.0 0.0 0.8553413344161944 0.5180648623860954
1629013240.644346952 3.8074069530366317 0.161686863525201 0.0 0.0 0.0 0.8553413299976038 0.5180648696813268
1629013241.045111418 3.8084671820033362 0.16265019635463285 0.0 0.0 0.0 0.8553413442116883 0.5180648462134274
1629013241.245482445 3.8095291403039773 0.163389166211563 0.0 0.0 0.0 0.8553413459088207 0.5180648434114085
1629013241.746649981 3.81073510592403 0.16487869861535168 0.0 0.0 0.0 0.8553413246320577 0.5180648785400114
1629013242.247446537 3.8101986892046464 0.16546909455060493 0.0 0.0 0.0 0.8553413081922456 0.5180649056826546
1629013242.347635746 3.810147371866398 0.1643074983024155 0.0 0.0 0.0 0.8553412909926781 0.5180649340796757
1629013242.347635746 3.8100235043024315 0.16452901407417161 0.0 0.0 0.0 0.8553412839943154 0.5180649456341896
1629013242.748418331 3.8105466218464614 0.1646010682483711 0.0 0.0 0.0 0.8553413079601138 0.5180649060659116
1629013242.948856115 3.810642168749775 0.16329390811022704 0.0 0.0 0.0 0.8553413028107639 0.5180649145676486
1629013243.049047709 3.8107089793406717 0.1629318803691183 0.0 0.0 0.0 0.8553413096794465 0.5180649032272395
1629013243.049047709 3.8100796886797883 0.16159360296126618 0.0 0.0 0.0 0.8553412952897754 0.5180649269850345
1629013243.550235271 3.8096402888337155 0.16233017181864284 0.0 0.0 0.0 0.855341303951296 0.5180649126845945
1629013243.750394821 3.8102273385828647 0.16249024271835016 0.0 0.0 0.0 0.8553413209260639 0.5180648846587234
1629013243.850748301 3.8106194115827683 0.16252381101060057 0.0 0.0 0.0 0.8553413413473465 0.5180648509425456
1629013244.051008224 3.8108905787062963 0.1621287561582317 0.0 0.0 0.0 0.8553413455004932 0.5180648440855699
1629013244.551958561 3.811695856514765 0.16266018758392833 0.0 0.0 0.0 0.8553413745596686 0.5180647961079548
1629013244.752338409 3.8113697044441395 0.16153482027500066 0.0 0.0 0.0 0.8553413645481978 0.5180648126372096
1629013245.052947521 3.811804484606149 0.16164310554310493 0.0 0.0 0.0 0.8553413497592244 0.5180648370542708
1629013245.654092550 3.8100114247504906 0.16332370245608685 0.0 0.0 0.0 0.8553413888314573 0.5180647725447793
1629013246.255266666 3.8099706957063635 0.1631347309474153 0.0 0.0 0.0 0.8553413716323939 0.5180648009409778
1629013246.555862904 3.810550474962473 0.16330023350283204 0.0 0.0 0.0 0.8553413617958666 0.5180648171813952
1629013246.956682920 3.810062721570815 0.16311417620465612 0.0 0.0 0.0 0.8553413795143863 0.5180647879275591
1629013247.557822704 3.8076230280309624 0.1640585326719565 0.0 0.0 0.0 0.8553413542621352 0.5180648296198233
1629013248.259931803 3.806468265639841 0.16343220020087892 0.0 0.0 0.0 0.8553413535541827 0.5180648307886752
1629013248.359395504 3.806895822613037 0.16250391007210924 0.0 0.0 0.0 0.8553413703089248 0.5180648031260673
1629013248.960558414 3.8069010069033316 0.16217918522133654 0.0 0.0 0.0 0.8553413607559984 0.5180648188982504
1629013249.461553097 3.807983449058691 0.16200319982565858 0.0 0.0 0.0 0.8553413545680241 0.5180648291147912
1629013250.263106346 3.8088743138855996 0.16163880136476777 0.0 0.0 0.0 0.8553413308659156 0.518064868247717
1629013250.864261150 3.808138916059727 0.1613835908045583 0.0 0.0 0.0 0.8553413548233711 0.518064828693205
1629013251.365235329 3.8076431539087063 0.1610053120096502 0.0 0.0 0.0 0.8553413685691452 0.5180648059984982
1629013252.166831970 3.8076199433938105 0.16253840146262982 0.0 0.0 0.0 0.8553413694988944 0.518064804463453
1629013252.367221832 3.8084939324699527 0.16103894193670898 0.0 0.0 0.0 0.8553413879907212 0.518064773932861
1629013252.868175983 3.8087127633877196 0.16276297306725201 0.0 0.0 0.0 0.8553413716525091 0.518064800907767
1629013253.769940376 3.807575011951029 0.16231564540781862 0.0 0.0 0.0 0.85534135816633 0.5180648231738746
1629013254.771917343 3.806505098329711 0.16327754089389987 0.0 0.0 0.0 0.8553413946125055 0.518064763000085
1629013255.573482752 3.8065002736187825 0.1633903786511801 0.0 0.0 0.0 0.855341419842719 0.5180647213441979
1629013255.974318027 3.8059861111482296 0.16427701585077323 0.0 0.0 0.0 0.8553414171149497 0.5180647258478323
1629013256.876011133 3.805341379925125 0.16536607803882036 0.0 0.0 0.0 0.8553414490101079 0.5180646731879033
1629013258.078352928 3.804863725945889 0.16535439095574525 0.0 0.0 0.0 0.8553414557462041 0.5180646620663915
1629013258.579374075 3.8050922709362855 0.16592092997947994 0.0 0.0 0.0 0.8553414258430517 0.5180647114374567
1629013259.581286430 3.8038460847016133 0.16526681888245898 0.0 0.0 0.0 0.8553414154852529 0.5180647285385138
1629013260.082254410 3.803827788647437 0.16563162008725812 0.0 0.0 0.0 0.855341397353617 0.5180647584744227
1629013260.683427811 3.8038790724714064 0.1644996308956578 0.0 0.0 0.0 0.8553414175730506 0.5180647250914932
1629013261.184803009 3.805018188105824 0.16496623635003957 0.0 0.0 0.0 0.8553414270475219 0.5180647094488379
1629013262.086208582 3.8052728596002505 0.16414758534261875 0.0 0.0 0.0 0.8553414055325379 0.5180647449707638
1629013262.687365055 3.805811391517167 0.16497784446982522 0.0 0.0 0.0 0.8553413933019137 0.5180647651639136
1629013263.088128090 3.80451589233469 0.16563592455592177 0.0 0.0 0.0 0.8553414066623941 0.5180647431053352
1629013263.388790369 3.8048419102437214 0.16586638526779923 0.0 0.0 0.0 0.8553414188798297 0.518064722933959
1629013264.691281557 3.8037088541287982 0.16596969847272303 0.0 0.0 0.0 0.8553414255589623 0.5180647119064975
1629013265.292447567 3.804735620404823 0.16711712676332277 0.0 0.0 0.0 0.8553414024442795 0.5180647500695769
1629013265.893932343 3.802941519733995 0.16731490057718612 0.0 0.0 0.0 0.8553413886201489 0.518064772893656
1629013266.795362473 3.8028537376097686 0.16807273960990984 0.0 0.0 0.0 0.8553414054514975 0.5180647451045641
1629013266.996018648 3.8027600580125385 0.1683257090121479 0.0 0.0 0.0 0.8553413861430318 0.5180647769834551
1629013267.596940279 3.8024192586734435 0.16823495235589483 0.0 0.0 0.0 0.8553413848625973 0.5180647790974932
1629013268.498708248 3.801143229440793 0.16758138297769806 0.0 0.0 0.0 0.8553413949299328 0.5180647624760024
1629013269.099856377 3.8014715796131133 0.167561443276038 0.0 0.0 0.0 0.855341394056358 0.518064763918302
1629013269.500660896 3.801238071817513 0.1675250406301482 0.0 0.0 0.0 0.8553413898165183 0.5180647709184122
1629013269.600833416 3.800497820588943 0.1685367415316844 0.0 0.0 0.0 0.8553413965749673 0.5180647597599981
1629013270.202024698 3.7999227040402803 0.1684414362178533 0.0 0.0 0.0 0.8553413717503746 0.518064800746188
1629013270.702999592 3.79985268908932 0.1682614509397755 0.0 0.0 0.0 0.8553414095206687 0.5180647383862326
1629013271.204852819 3.8009461515727607 0.16861256585855217 0.0 0.0 0.0 0.8553414149010766 0.5180647295030074
1629013271.404375553 3.8002283130912438 0.16916724718108195 0.0 0.0 0.0 0.8553414042137236 0.5180647471481681
1629013271.905340433 3.79985790995187 0.16926116996061472 0.0 0.0 0.0 0.8553414059178865 0.518064744334541
1629013272.707123518 3.800131290655838 0.1699193267654584 0.0 0.0 0.0 0.8553413886813729 0.5180647727925732
1629013273.207884312 3.8006844239997397 0.1709545444364053 0.0 0.0 0.0 0.8553413794056335 0.5180647881071133
1629013273.809125662 3.799963537675744 0.17033392999744623 0.0 0.0 0.0 0.8553413854276012 0.5180647781646536
1629013275.311985254 3.800960456838203 0.1701124090118482 0.0 0.0 0.0 0.8553414053834257 0.5180647452169527
1629013275.812977314 3.7995176865021576 0.17067793557866642 0.0 0.0 0.0 0.8553414312083922 0.5180647025791076
1629013276.313955784 3.799635843813762 0.16997089493092968 0.0 0.0 0.0 0.8553414446286882 0.5180646804217681
1629013276.514402390 3.7988272163241446 0.1696036569171908 0.0 0.0 0.0 0.8553414379426071 0.5180646914607028
1629013276.614527225 3.7991677677409394 0.16794394869107648 0.0 0.0 0.0 0.8553414094707396 0.5180647384686672
1629013277.015316010 3.798468536591564 0.16932826313843666 0.0 0.0 0.0 0.8553413926913274 0.5180647661720111
1629013277.015316010 3.797347253672693 0.17142348381948436 0.0 0.0 0.0 0.855341385840315 0.51806477748325
1629013277.215725422 3.7957804370190744 0.16984806618504397 0.0 0.0 0.0 0.8553414130266195 0.5180647325977962
1629013277.616681337 3.7965145313017867 0.16873737898889263 0.0 0.0 0.0 0.8553414229540244 0.5180647162073333
1629013278.117462635 3.7956293006107016 0.16777550062907193 0.0 0.0 0.0 0.8553414308435501 0.5180647031814737
1629013278.718654156 3.795288251867376 0.16846824974804625 0.0 0.0 0.0 0.8553414099611135 0.5180647376590443
1629013278.919036388 3.794800969344574 0.1670288399046874 0.0 0.0 0.0 0.8553414256221619 0.5180647118021529
1629013279.822077751 3.794893545574285 0.16740120220550947 0.0 0.0 0.0 0.8553414163032744 0.5180647271879341
1629013280.822953224 3.7944781473530114 0.16744585563050832 0.0 0.0 0.0 0.8553414229938895 0.5180647161415147
1629013281.023141384 3.7932377469338925 0.16768264246848547 0.0 0.0 0.0 0.8553414169604645 0.5180647261028923
1629013281.323719501 3.7926594149412005 0.1666109398326587 0.0 0.0 0.0 0.855341388246018 0.518064773511358
1629013281.524127960 3.7923685352918803 0.16787267917219323 0.0 0.0 0.0 0.8553413890866418 0.5180647721234615
1629013281.824714661 3.792420591976447 0.16810659477657844 0.0 0.0 0.0 0.8553413848336284 0.5180647791453215
1629013282.125304222 3.7917031182044676 0.16860695397484324 0.0 0.0 0.0 0.8553413847358261 0.5180647793067963
1629013283.027065277 3.791054779063801 0.16788455745225014 0.0 0.0 0.0 0.8553414021497457 0.5180647505558614
1629013283.728429317 3.79032671510631 0.16730667442469146 0.0 0.0 0.0 0.855341401804204 0.5180647511263617
1629013285.031048775 3.7921863535876477 0.1668417824028385 0.0 0.0 0.0 0.8553414247174027 0.5180647132959393
1629013285.632148743 3.7924324601273116 0.16696694806819912 0.0 0.0 0.0 0.8553414444455192 0.5180646807241861
1629013286.233335018 3.7931068827579035 0.16649072670385734 0.0 0.0 0.0 0.8553414417767692 0.5180646851303781
1629013287.335497141 3.7914272949781593 0.16700474428609083 0.0 0.0 0.0 0.8553414248657825 0.5180647130509595
1629013288.238262653 3.7909138334406443 0.16683904472160876 0.0 0.0 0.0 0.8553414445951222 0.5180646804771868
1629013289.139037371 3.790190328495423 0.16695369126084733 0.0 0.0 0.0 0.8553414715187485 0.5180646360254113
1629013289.740151167 3.7905904041349867 0.16771155116027386 0.0 0.0 0.0 0.8553414673934762 0.5180646428363693
1629013290.241132259 3.790295142203585 0.16892760700184156 0.0 0.0 0.0 0.8553414751441398 0.518064630039773
1629013290.942499161 3.7893988164027737 0.1691255444711909 0.0 0.0 0.0 0.8553414665472199 0.5180646442335659
1629013291.643872261 3.7882715320941696 0.1693444011762762 0.0 0.0 0.0 0.8553414664749908 0.5180646443528183
1629013291.944457531 3.7879382258018337 0.16904883628529727 0.0 0.0 0.0 0.8553414626047812 0.5180646507426595
1629013292.445479393 3.788241441150118 0.1696451407736198 0.0 0.0 0.0 0.8553414772056077 0.5180646266362228
1629013293.047432423 3.788514427461386 0.17017550937239048 0.0 0.0 0.0 0.8553414927717031 0.5180646009360942
1629013293.848223686 3.7895298284393957 0.16950914103353593 0.0 0.0 0.0 0.8553414893729014 0.5180646065476261
1629013294.449362993 3.7898859100041506 0.1698629609787558 0.0 0.0 0.0 0.8553414785068564 0.5180646244878191
1629013295.150742054 3.79007705835208 0.1709776554403048 0.0 0.0 0.0 0.8553414327607881 0.5180647000160522
1629013295.651784420 3.791340671264752 0.16972616301247162 0.0 0.0 0.0 0.8553414201410653 0.5180647208516188
1629013296.152692318 3.790637831584125 0.16945605315049858 0.0 0.0 0.0 0.8553414311912844 0.5180647026073533
1629013296.753854752 3.790443833073758 0.1695850222672134 0.0 0.0 0.0 0.8553414366249904 0.5180646936361303
1629013297.254834890 3.7909595894676182 0.1697712787552221 0.0 0.0 0.0 0.8553414463282469 0.5180646776157419
1629013297.755830765 3.790753508245325 0.16923220558875318 0.0 0.0 0.0 0.8553414416752542 0.5180646852979826
1629013298.356981039 3.791061163367025 0.16917682406598533 0.0 0.0 0.0 0.8553414704764678 0.5180646377462506
1629013298.958150387 3.7909413532244107 0.1703161676127537 0.0 0.0 0.0 0.8553414686991394 0.5180646406806771
1629013299.759720087 3.791607805609911 0.17011157619326334 0.0 0.0 0.0 0.8553414601833078 0.5180646547405902
1629013300.361333370 3.7917256259516026 0.1698477693866755 0.0 0.0 0.0 0.8553414660011937 0.5180646451350728
1629013300.962058544 3.792230871052289 0.16941252073499308 0.0 0.0 0.0 0.8553414648110532 0.5180646471000331
1629013301.362841129 3.7926499218936773 0.16970259084079886 0.0 0.0 0.0 0.8553414526834329 0.5180646671231255
1629013301.863822460 3.79282451661529 0.1697341822419888 0.0 0.0 0.0 0.855341429769351 0.5180647049550109
1629013302.665424824 3.7939657655178967 0.16939428646490984 0.0 0.0 0.0 0.8553414342306567 0.518064697589252
1629013303.867745638 3.793152819175166 0.1700801259385243 0.0 0.0 0.0 0.855341420373823 0.5180647204673284
1629013304.068133831 3.7929005303418806 0.1697764011046577 0.0 0.0 0.0 0.8553414195432981 0.5180647218385513
1629013304.370109081 3.7934506238722916 0.1693037705527805 0.0 0.0 0.0 0.855341411939922 0.5180647343919683
1629013305.271343708 3.79282501551858 0.16963318638635522 0.0 0.0 0.0 0.855341401798112 0.5180647511364199
1629013306.072058678 3.793190613489468 0.16826478424093338 0.0 0.0 0.0 0.8553413998217462 0.5180647543994628
1629013306.575726032 3.7938538304780622 0.16874488286201333 0.0 0.0 0.0 0.8553414111770913 0.5180647356514262
1629013307.374596596 3.79388984922301 0.16892117025206335 0.0 0.0 0.0 0.8553414232285191 0.5180647157541337
1629013307.975763083 3.7952014235094973 0.16841388437574417 0.0 0.0 0.0 0.8553414117250095 0.5180647347467956
1629013308.476742268 3.794189256278108 0.16997603458546265 0.0 0.0 0.0 0.8553414073211908 0.518064742017641
