1629013127.723922968 -0.0003508897755698006 -0.0017697324641624624 0.0 0.0 0.0 4.9387700205622266e-08 0.9999999999999988
1629013127.723922968 0.0007791378029484469 0.0012204113404391888 0.0 0.0 0.0 -1.0159875414940056e-08 1.0
1629013127.723922968 0.0010698362865542317 0.0009682310647392441 0.0 0.0 0.0 -3.370834004038989e-08 0.9999999999999994
1629013127.723922968 0.0017904959232867602 9.811070000664639e-05 0.0 0.0 0.0 -1.7108072959992546e-08 0.9999999999999999
1629013127.723922968 0.0019694688887331594 0.000666093810276226 0.0 0.0 0.0 -1.6898565919459322e-09 1.0
1629013128.224887848 -0.000588469369381726 0.000464335066413752 0.0 0.0 0.0 6.295143742608222e-09 1.0
1629013128.224887848 0.003649615840245114 0.0020345507267177467 0.0 0.0 0.0 9.608861197156025e-08 0.9999999999999953
1629013128.325093031 -0.0008506027991129763 0.0008860009184487451 0.0 0.0 0.0 -4.3087105254166646e-08 0.9999999999999991
1629013128.325093031 -0.0013513259224174506 0.0003625075095664071 0.0 0.0 0.0 0.0005179566419713383 0.9999998658604495
1629013128.425327301 -0.0001721564880374268 0.002202825070201805 0.0 0.0 0.0 -0.0003955147410709364 0.9999999217840417
1629013128.425327301 3.3517874552152266e-05 9.803454199239778e-05 0.0 0.0 0.0 -8.638756862771998e-09 1.0
1629013128.525490284 -0.0008780773083976558 0.00266909460111765 0.0 0.0 0.0 0.0001223669888181523 0.99999999251316
1629013128.525490284 -0.0018167531210895877 -0.0026153243335667094 0.0 0.0 0.0 -5.054311397146262e-08 0.9999999999999987
1629013128.625700474 0.004800005375388849 0.000931724191637545 0.0 0.0 0.0 1.0037067884587652e-10 1.0
1629013128.625700474 -2.860730575627668e-05 0.0005848317221382945 0.0 0.0 0.0 0.0008128975739147791 0.9999996695987126
1629013128.625700474 5.74745034183418e-05 7.885728171570832e-05 0.0 0.0 0.0 0.0008128478167529689 0.9999996696391589
1629013128.926275730 0.0005678490254717172 -0.0008319655935985634 0.0 0.0 0.0 0.0002950310463274178 0.99999995647834
1629013128.926275730 0.0010120233208248315 -0.0014691964945933457 0.0 0.0 0.0 0.0002950330524041672 0.9999999564777481
1629013128.926275730 -0.0010120947038852845 0.0002562003063456624 0.0 0.0 0.0 0.00029504019284228 0.9999999564756413
1629013128.926275730 6.21170296538178e-05 0.00016906394182835132 0.0 0.0 0.0 0.0002950257677393738 0.9999999564798973
1629013128.926275730 6.602287207484701e-05 0.00010934552043752365 0.0 0.0 0.0 0.00029490151366447687 0.9999999565165477
1629013128.926275730 8.91840090836202e-05 9.355669953240646e-05 0.0 0.0 0.0 0.0008128918016234626 0.9999996696034048
1629013129.327075481 0.00015818917702383617 -2.6813488839249233e-05 0.0 0.0 0.0 0.0007176481481060576 0.9999997424905346
1629013129.327075481 -0.000280400487787445 -0.0005023344814620938 0.0 0.0 0.0 0.0007175645542478241 0.9999997425505222
1629013129.327075481 0.0004582870441067634 0.0005600781462966758 0.0 0.0 0.0 0.0007176347752518641 0.9999997425001316
1629013129.327075481 6.070166365022855e-05 0.00015988915031982319 0.0 0.0 0.0 0.0002948108753296073 0.9999999565432729
1629013129.727863789 2.5987964071866494e-06 0.00011998493648030016 0.0 0.0 0.0 0.0007178424390689001 0.9999997423510831
1629013129.727863789 -4.859699763111133e-06 0.00019531238688376456 0.0 0.0 0.0 0.0007177665273966459 0.9999997424055729
1629013129.727863789 -9.874233568048858e-05 0.0016488106933039341 0.0 0.0 0.0 0.000717837216174344 0.9999997423548324
1629013129.928267002 0.0001288710188119303 0.00023920136264812965 0.0 0.0 0.0 0.000717816855358251 0.9999997423694479
1629013129.928267002 -0.0003092243578490881 0.0011424808241616395 0.0 0.0 0.0 0.0007177789517822699 0.999999742396655
1629013129.928267002 -0.0009988055463976556 -0.0001719203542651542 0.0 0.0 0.0 0.000717803855605916 0.9999997423787792
1629013129.928267002 0.002978439231377254 -0.0008619545106908822 0.0 0.0 0.0 0.0007178614269270272 0.9999997423374527
1629013130.128615141 -0.00011930815486501896 -0.0007400812362420475 0.0 0.0 0.0 0.0007179107312485806 0.9999997423020578
1629013130.128615141 0.0014728488738302806 0.0007635734250680765 0.0 0.0 0.0 0.000717835264143686 0.9999997423562336
1629013130.128615141 -1.0784098114220535e-07 0.0001436594764420931 0.0 0.0 0.0 0.0007176664842429498 0.9999997424773756
1629013130.128615141 1.918494480074133e-06 0.0002087423012195371 0.0 0.0 0.0 0.0007177867377916635 0.9999997423910664
1629013130.128615141 2.857111211791358e-05 -9.100963417861562e-05 0.0 0.0 0.0 0.0007179341778217767 0.9999997422852249
1629013130.128615141 3.363453111313356e-05 0.00016428633508369607 0.0 0.0 0.0 0.0007179427075821709 0.9999997422791012
1629013130.729794502 0.0019357838109799101 -0.0017762605586806046 0.0 0.0 0.0 0.0014295881810530136 0.9999989781382942
1629013130.729794502 8.344334871531028e-05 0.00019700182502140968 0.0 0.0 0.0 0.0007179515104628226 0.9999997422727811
1629013130.830001831 0.0006504784296404833 0.0015696528896411244 0.0 0.0 0.0 0.0007179683871965105 0.9999997422606642
1629013130.830001831 0.0010951364756145586 0.0014065383624985136 0.0 0.0 0.0 0.0007179341816282736 0.9999997422852223
1629013130.830001831 0.003007448875561903 -0.003381099028720213 0.0 0.0 0.0 0.0026004563302332953 0.9999966188077211
1629013130.830001831 3.467806389385484e-05 8.401749260584525e-05 0.0 0.0 0.0 0.000718009539955223 0.9999997422311171
1629013130.830001831 -6.8745322651884424e-06 9.650646033919106e-05 0.0 0.0 0.0 0.0007179350019163806 0.9999997422846333
1629013131.230769873 0.00011116072163898063 0.00017659079507360983 0.0 0.0 0.0 0.0007181279975119395 0.9999997421460564
1629013131.230769873 -0.0006150791520401295 0.0006416503945565664 0.0 0.0 0.0 0.000717935880089195 0.9999997422840028
1629013131.230769873 -0.0010865873719637373 -0.0008335017024122628 0.0 0.0 0.0 0.0007179528160212409 0.9999997422718437
1629013131.230769873 0.04959905745203059 -0.008811181529001594 0.0 0.0 0.0 0.007141689913079614 0.9999744978074118
1629013131.230769873 4.2010623055479916e-05 8.530483896866648e-05 0.0 0.0 0.0 0.0007176528686440386 0.999999742487147
1629013131.230769873 7.921033492768278e-05 0.0001222721670599363 0.0 0.0 0.0 0.0007178783526561847 0.9999997423253022
1629013131.631546736 0.0001291246038071566 0.0001524002618895018 0.0 0.0 0.0 0.000717647548089596 0.9999997424909652
1629013131.631546736 0.11869197155790014 -0.011417161230666273 0.0 0.0 0.0 0.014620605779931828 0.9998931132309232
1629013131.731744289 0.12398875487336924 -0.01730988851337238 0.0 0.0 0.0 0.01627626687059045 0.9998675327945984
1629013131.731744289 -4.05241966931616e-05 0.00014049957101425214 0.0 0.0 0.0 0.0007178262640813516 0.9999997423626941
1629013131.831948757 0.00010158375199229177 0.00018883505377063567 0.0 0.0 0.0 0.0007176752399553854 0.9999997424710918
1629013131.831948757 0.0010736726309351601 0.0005897643875501166 0.0 0.0 0.0 0.0007178894612996364 0.9999997423173275
1629013131.831948757 0.12390037814649385 -0.02150209704233329 0.0 0.0 0.0 0.018002321240513087 0.9998379450840787
1629013131.831948757 -3.443454232430641e-06 0.00026134897422879394 0.0 0.0 0.0 0.0007179130828770858 0.9999997423003695
1629013131.831948757 6.902682299718497e-05 0.00017458824993265155 0.0 0.0 0.0 0.0007177822290397859 0.9999997423943027
1629013131.831948757 7.123871069371845e-05 0.0001332009476968826 0.0 0.0 0.0 0.0007179366128001536 0.9999997422834768
1629013132.533311367 -0.00038003121255244566 0.00043319844772563097 0.0 0.0 0.0 0.0007181443539026591 0.9999997421343102
1629013132.533311367 -0.0010240909670674932 0.0011279825380551916 0.0 0.0 0.0 0.0007181420784881494 0.9999997421359443
1629013132.533311367 0.14582865453998256 -0.034183060215838564 0.0 0.0 0.0 0.02324599291143858 0.9997297753961124
1629013132.533311367 5.107411110736606e-05 0.000170697852368007 0.0 0.0 0.0 0.0007182028093523672 0.9999997420923291
1629013132.533311367 5.831255472820781e-05 0.00025561481891613297 0.0 0.0 0.0 0.0007181563527902678 0.9999997421256932
1629013132.533311367 6.266098905260194e-05 0.0001581169573398379 0.0 0.0 0.0 0.000717598730697379 0.9999997425259977
1629013132.934135914 0.00016637681076018358 -0.0007103325578675843 0.0 0.0 0.0 0.0007181381812278196 0.9999997421387431
1629013132.934135914 0.15963746217688077 -0.0348986823383823 0.0 0.0 0.0 0.02467957575228342 0.9996954128836879
1629013132.934135914 3.8858185502475095e-05 -0.0005710208918959128 0.0 0.0 0.0 0.0007181701124038213 0.9999997421158116
1629013133.134488583 -0.0001238919359075252 8.526409651465528e-05 0.0 0.0 0.0 0.0007179464702447362 0.9999997422763998
1629013133.134488583 0.0001532101336533845 0.00018308266129310507 0.0 0.0 0.0 0.0007179333483449602 0.9999997422858204
1629013133.134488583 -0.00015396703203747535 -0.0009858141436360013 0.0 0.0 0.0 0.0007181383347053643 0.9999997421386329
1629013133.134488583 0.00015887618779689025 0.0005798715476520854 0.0 0.0 0.0 0.0007180889911676309 0.9999997421740672
1629013133.134488583 0.1604749425223834 -0.03762103224743105 0.0 0.0 0.0 0.02433441027628167 0.9997038743930653
1629013133.134488583 -4.0293047394747905e-05 0.00021104135962296484 0.0 0.0 0.0 0.0007178007325337004 0.999999742381021
1629013137.342700481 -6.047180605836728e-07 0.00011773765981469705 0.0 0.0 0.0 0.0007181351120915203 0.9999997421409471
1629013137.552075386 -0.0003148120574648441 8.040029206479049e-05 0.0 0.0 0.0 0.0007180826512806419 0.9999997421786198
1629013137.552075386 4.770727876122517e-06 0.00011178531026685961 0.0 0.0 0.0 0.0007179749814058155 0.9999997422559298
1629013151.570468903 0.0003684105233920388 -0.0007572137277342256 0.0 0.0 0.0 0.0007179746836549297 0.9999997422561436
1629013151.770849705 0.00038349423436285455 -0.000930060047277609 0.0 0.0 0.0 0.000717933059531945 0.9999997422860278
1629013151.971232891 0.000332023052563801 -0.0009507060979985991 0.0 0.0 0.0 0.0007179249786037216 0.9999997422918293
1629013151.971232891 0.000794571051046627 -0.0009094685880376007 0.0 0.0 0.0 0.0007178977219122736 0.9999997423113972
1629013152.171621323 0.0014522728913383682 0.00026493090417251965 0.0 0.0 0.0 0.0007179082862000264 0.999999742303813
1629013152.171621323 0.0018305664058850812 -1.9305958453297582e-05 0.0 0.0 0.0 0.0007178925449805593 0.9999997423151137
1629013157.181401730 0.0033457867527582267 9.302111340813151e-05 0.0 0.0 0.0 0.000717895638364148 0.999999742312893
1629013157.181401730 0.0036515187560563827 -0.0005947539839543688 0.0 0.0 0.0 0.0007179044292087467 0.9999997423065821
1629013159.085130692 0.002393567909777009 -0.000921052722064504 0.0 0.0 0.0 0.0007178880864239957 0.9999997423183145
1629013170.707806826 0.0019820934023145275 -0.0005483889540101493 0.0 0.0 0.0 0.0007178908214639135 0.999999742316351
1629013171.509395123 0.001382734572953139 -0.0003866731881681675 0.0 0.0 0.0 0.000717917993897378 0.9999997422968439
1629013182.330725193 0.0016963454262766933 0.0005082120679353931 0.0 0.0 0.0 0.0007179561709508977 0.9999997422694351
1629013182.531440973 0.003349423851716227 0.000374109570082354 0.0 0.0 0.0 0.0007178974255596231 0.99999974231161
1629013182.531440973 0.003422977786394637 -0.000432511961040464 0.0 0.0 0.0 0.0007179236006962826 0.9999997422928186
1629013183.634452820 0.1582823902122877 -0.03649541023282643 0.0 0.0 0.0 0.02433440018396302 0.9997038746387286
1629013183.634452820 0.15844996889716298 -0.036008243212066825 0.0 0.0 0.0 0.02433443382326082 0.9997038738198935
1629013183.634452820 0.15883144661138776 -0.036826183354785165 0.0 0.0 0.0 0.024334406926757125 0.9997038744745981
1629013183.634452820 0.15986789062335258 -0.03708523495279956 0.0 0.0 0.0 0.0243344082206146 0.9997038744431035
1629013183.634452820 0.16023442406310148 -0.03665844856532015 0.0 0.0 0.0 0.024334393790930216 0.9997038747943453
1629013183.634452820 -1.1017816411761951 -1.0068034021212076 0.0 0.0 0.0 -0.913193365107013 0.40752653646668185
1629013184.033816814 0.15859208278621625 -0.03687725879368947 0.0 0.0 0.0 0.02433446644851517 0.9997038730257406
1629013184.033816814 0.15922747510286722 -0.03618846153553752 0.0 0.0 0.0 0.024334470579542775 0.9997038729251845
1629013184.033816814 0.1596108292946328 -0.037852144485673776 0.0 0.0 0.0 0.024334445168381985 0.9997038735437345
1629013184.033816814 0.160168200643908 -0.034947009895774234 0.0 0.0 0.0 0.024334441751407247 0.9997038736269093
1629013184.033816814 0.16030984925893077 -0.03554703759584793 0.0 0.0 0.0 0.024334446944244706 0.999703873500507
1629013184.033816814 0.1608483228334253 -0.0352900212931498 0.0 0.0 0.0 0.024334465177983777 0.9997038730566674
1629013184.033816814 -1.2619389472486586 -1.2135331160035872 0.0 0.0 0.0 -0.934193574120046 0.35676654281590664
1629013184.635001659 0.16051915529956542 -0.0364574192792916 0.0 0.0 0.0 0.024334432087461867 0.9997038738621455
1629013184.635001659 0.16052273954556118 -0.03608483596455459 0.0 0.0 0.0 0.024334444488081357 0.9997038735602941
1629013184.635001659 -1.5620393150716294 -1.5051576626263015 0.0 0.0 0.0 -0.9551097099774232 0.29625232810366686
1629013184.835386753 -1.262301375390066 -1.212592543926772 0.0 0.0 0.0 -0.934193551015187 0.3567666033159989
1629013184.835386753 -1.5612076249061366 -1.5065090131570238 0.0 0.0 0.0 -0.9551097080219483 0.2962523344080661
1629013184.835386753 -1.684480599467422 -1.5983701067486042 0.0 0.0 0.0 -0.9532479840832816 0.30218914745761405
1629013185.035778046 -1.5614667702699336 -1.5079593016356325 0.0 0.0 0.0 -0.9551097224384026 0.29625228792979397
1629013185.035778046 -1.562389120261554 -1.508593403856371 0.0 0.0 0.0 -0.9551097265710454 0.2962522746062599
1629013185.035778046 -1.562786731816784 -1.508297491477837 0.0 0.0 0.0 -0.9551097359377931 0.2962522444081041
1629013185.035778046 -1.5630180000687885 -1.50783485555772 0.0 0.0 0.0 -0.9551097228886487 0.296252286478212
1629013185.035778046 -1.5630850460522479 -1.5068745592727268 0.0 0.0 0.0 -0.9551097516907415 0.2962521936209927
1629013185.035778046 -1.757220919189496 -1.6686013818869114 0.0 0.0 0.0 -0.9474038090175495 0.32004065782184377
1629013185.737141132 -1.563372079483177 -1.5072409565256057 0.0 0.0 0.0 -0.9551097472037414 0.2962522080869698
1629013185.737141132 -1.563837881447176 -1.5069108423815762 0.0 0.0 0.0 -0.9551097548012386 0.2962521835928268
1629013185.737141132 -1.5643190776465006 -1.5074378907525954 0.0 0.0 0.0 -0.9551097453035949 0.2962522142129945
1629013185.737141132 -1.5647001766577269 -1.5062346052552562 0.0 0.0 0.0 -0.9551097486990614 0.29625220326609536
1629013185.737141132 -1.5647009560037466 -1.5056617570699753 0.0 0.0 0.0 -0.9551097521312608 0.2962521922007692
1629013185.737141132 -1.7620506471943025 -1.6989746462939943 0.0 0.0 0.0 -0.9412581477252784 0.33768787265872896
1629013186.238120079 -1.5646485929331677 -1.506607754208178 0.0 0.0 0.0 -0.9551097245181205 0.29625228122483727
1629013186.238120079 -1.763768608135688 -1.6790861421948053 0.0 0.0 0.0 -0.9565759109538956 0.29148332127709264
1629013186.538707733 -1.7410560615568573 -1.58554819847079 0.0 0.0 0.0 -0.9751373574591299 0.22160129532027842
1629013186.638895512 -1.735674585118459 -1.5566235843545961 0.0 0.0 0.0 -0.9809511997027961 0.19425432762655528
1629013187.039713860 -1.5687532796526777 -1.4549359496640348 0.0 0.0 0.0 -0.9939585115092132 0.10975644581704215
1629013188.142455101 -1.2577225046892293 -1.3769819521628421 0.0 0.0 0.0 -0.996517399367492 0.08338508714302893
1629013188.542624950 -1.3464271490645114 -1.3903533508251371 0.0 0.0 0.0 -0.999307617138558 0.037205998560139966
1629013188.642812967 -1.4257863639765491 -1.4056434899943209 0.0 0.0 0.0 -0.9997451087137657 0.022576926338649335
1629013189.150118589 -1.6206421727346714 -1.408733264172906 0.0 0.0 0.0 0.9984323587293576 0.05597164498325232
1629013191.448290825 -1.56455858788923 -1.5054902707080209 0.0 0.0 0.0 -0.9551097238894171 0.2962522832517607
1629013191.949263096 -1.5650451213837229 -1.5061546554950598 0.0 0.0 0.0 -0.9551097135826695 0.2962523164804473
1629013192.049455166 -1.5645951965403586 -1.505411123200115 0.0 0.0 0.0 -0.9551097272332755 0.2962522724712474
1629013192.249902725 -1.5637236212484933 -1.5055106709586048 0.0 0.0 0.0 -0.9551097474497813 0.2962522072937434
1629013192.249902725 -1.5642423873905664 -1.5057248927429083 0.0 0.0 0.0 -0.9551097280358388 0.2962522698838035
1629013192.851044893 -1.5639822491834843 -1.504042354780656 0.0 0.0 0.0 -0.9551097598549172 0.2962521672998907
1629013192.851044893 -1.6200749352417592 -1.408951464486007 0.0 0.0 0.0 0.9984323586973668 0.05597164555391157
1629013192.851044893 -2.514281145901877 -0.496831029574863 0.0 0.0 0.0 0.8216502843254666 0.5699919387744706
1629013193.051414251 -1.6199689331626161 -1.4099226716325215 0.0 0.0 0.0 0.9984323579771451 0.055971658401354735
1629013193.051414251 -2.514401105277559 -0.49678360470330385 0.0 0.0 0.0 0.8216503053457168 0.5699919084735242
1629013193.051414251 -2.5169653270864076 -0.4957571254291207 0.0 0.0 0.0 0.8216503121644467 0.5699918986442415
1629013193.051414251 -2.5743220891694394 -0.3467471728462178 0.0 0.0 0.0 0.7972676706605805 0.6036259283028291
1629013193.151612282 -2.5734408066449452 -0.34682578714819745 0.0 0.0 0.0 0.7972676547770444 0.6036259492817646
1629013193.151612282 -2.5921207380821496 -0.2806347877677972 0.0 0.0 0.0 0.785641793973004 0.6186816399109317
1629013193.251803398 -2.5723343858503527 -0.34724024567870504 0.0 0.0 0.0 0.7972676320333725 0.6036259793215489
1629013193.251803398 -2.592428060141333 -0.28018341148459447 0.0 0.0 0.0 0.7856418524885733 0.6186815656040858
1629013193.251803398 -2.609757003825498 -0.21799499292643723 0.0 0.0 0.0 0.7731963410604723 0.6341667116545127
1629013193.354059696 -2.609334961997627 -0.21715192209139805 0.0 0.0 0.0 0.773196357524089 0.634166691581544
1629013193.354059696 -2.60945161472098 -0.216834399675626 0.0 0.0 0.0 0.7731963500435809 0.6341667007020191
1629013193.354059696 -2.6096094080465644 -0.21782824887979982 0.0 0.0 0.0 0.7731963517371141 0.6341666986372092
1629013193.354059696 -2.62188185533018 -0.1538637951645973 0.0 0.0 0.0 0.7610683947321385 0.64867164154127
1629013193.452210426 -2.6228318830634496 -0.15422019860736072 0.0 0.0 0.0 0.7610683884300867 0.648671648935292
1629013193.452210426 -2.635147006241904 -0.0932593435962149 0.0 0.0 0.0 0.7480963207580563 0.663590155795171
1629013193.552470684 -2.6342688217946955 -0.09314766715711437 0.0 0.0 0.0 0.7480963349414972 0.6635901398055122
1629013193.552470684 -2.6344815494995086 -0.0932112699447058 0.0 0.0 0.0 0.7480963374591609 0.6635901369672317
1629013193.552470684 -2.6428243063537993 -0.03039006945001932 0.0 0.0 0.0 0.7350895525078511 0.6779700213090599
1629013193.552470684 -2.6432265905741406 -0.030440754436755427 0.0 0.0 0.0 0.7350895330049099 0.6779700424551394
1629013193.552470684 -2.644192272002599 -0.029949513315982387 0.0 0.0 0.0 0.7350895037870547 0.6779700741346196
1629013193.552470684 -2.644216876180639 -0.030329846005435614 0.0 0.0 0.0 0.7350894815244977 0.6779700982728111
1629013194.253760338 -2.6404016582829377 -0.02768786390996687 0.0 0.0 0.0 0.7350895373787996 0.6779700377127461
1629013194.253760338 -2.641212398003072 -0.027198975613451266 0.0 0.0 0.0 0.7350895079782981 0.6779700695902612
1629013194.253760338 -2.641529292645567 -0.02873305266260501 0.0 0.0 0.0 0.7350895239153704 0.6779700523104794
1629013194.253760338 -2.643013301342052 -0.030537525779261807 0.0 0.0 0.0 0.7350895640767557 0.6779700087654654
1629013194.253760338 -2.670251234524743 0.07233726523977045 0.0 0.0 0.0 0.6827109314092383 0.7306885684984611
1629013194.554497957 -2.6400204740362985 -0.02605848395731308 0.0 0.0 0.0 0.7350895253079819 0.6779700508005393
1629013194.554497957 -2.6411995224512594 -0.025107240869339038 0.0 0.0 0.0 0.7350895166519333 0.6779700601858661
1629013194.554497957 -2.6413188916451578 -0.027035136670874586 0.0 0.0 0.0 0.7350895115710367 0.6779700656948319
1629013194.554497957 -2.641484096318122 -0.026672293348736765 0.0 0.0 0.0 0.7350895073502322 0.6779700702712421
1629013194.554497957 -2.641524839855256 -0.025649238268146145 0.0 0.0 0.0 0.7350895184988367 0.6779700581833599
1629013194.554497957 -2.6865484905996846 0.25754506371554586 0.0 0.0 0.0 0.6365167071965144 0.7712629133179597
1629013194.854950905 -2.642045675077061 -0.02643703348574681 0.0 0.0 0.0 0.7350895231822565 0.6779700531053586
1629013194.854950905 -2.655622763146878 0.44754077202597914 0.0 0.0 0.0 0.5870606612048155 0.809542945164594
1629013195.957142353 -2.5075233117414983 0.7072358352402512 0.0 0.0 0.0 0.5005275500345042 0.8657206083122065
1629013196.458153248 -2.360169514017176 0.9816271155413698 0.0 0.0 0.0 0.403558828648161 0.9149536992767034
1629013197.259631634 -2.162974197582365 1.2498434791801174 0.0 0.0 0.0 0.2513084343575456 0.9679070569123666
1629013197.359828949 -1.90284487333138 1.4517052852143448 0.0 0.0 0.0 0.14316282595137184 0.9896991488657637
1629013197.359828949 -2.64093827265834 -0.028451939120062473 0.0 0.0 0.0 0.7350895066906427 0.6779700709864025
1629013197.359828949 -2.6414577677171924 -0.026574859150821212 0.0 0.0 0.0 0.7350895074190077 0.6779700701966722
1629013197.359828949 -2.642002000845371 -0.026526432433477045 0.0 0.0 0.0 0.7350895285145346 0.6779700473238321
1629013197.760605812 -1.6338328612800652 1.5462740471134173 0.0 0.0 0.0 0.058198196341146494 0.9983050485410947
1629013197.760605812 -1.6348051737928864 1.5452809147567512 0.0 0.0 0.0 0.05819821135698105 0.9983050476657164
1629013197.760605812 -1.6352635473669415 1.5455622776727 0.0 0.0 0.0 0.05819818288632595 0.9983050493254704
1629013197.760605812 -1.901026921361177 1.4533727162389658 0.0 0.0 0.0 0.14316284876890806 0.9896991455651413
1629013197.760605812 -1.9022853317196335 1.4523195682691985 0.0 0.0 0.0 0.14316285415040986 0.9896991447866915
1629013198.161396980 -1.3621426468121574 1.5753249284701853 0.0 0.0 0.0 -0.029006299165338652 0.9995792287801557
1629013198.161396980 -1.3629692257670505 1.576214640463844 0.0 0.0 0.0 -0.029006321167797923 0.9995792281416769
1629013198.161396980 -1.3633883555652526 1.5776534055741542 0.0 0.0 0.0 -0.029006276574079674 0.9995792294357201
1629013198.161396980 -1.6330901716524784 1.548478573569771 0.0 0.0 0.0 0.058198164595113414 0.9983050503917928
1629013198.161396980 -1.6333833182404027 1.5475046237499612 0.0 0.0 0.0 0.05819814316892366 0.9983050516408747
1629013198.161396980 -1.6342793289493145 1.5464976964449757 0.0 0.0 0.0 0.05819814225543669 0.9983050516941282
1629013198.562168837 -1.0671117480870267 1.5653937752248606 0.0 0.0 0.0 -0.11458256898504963 0.9934137279526524
1629013198.562168837 -1.3624272083178168 1.5771638559941434 0.0 0.0 0.0 -0.02900628739132853 0.9995792291218198
1629013198.562168837 -1.3628283008863962 1.576229055123675 0.0 0.0 0.0 -0.029006290032308417 0.9995792290451826
1629013198.562168837 -1.363039297974827 1.5763714549893988 0.0 0.0 0.0 -0.029006309515175646 0.9995792284798188
1629013199.066054821 -1.3619779341842257 1.5752227848217317 0.0 0.0 0.0 -0.029006296881621638 0.9995792288464258
1629013199.163362503 -0.6878082893063944 1.412246692780589 0.0 0.0 0.0 -0.21525166193926537 0.9765586116728397
1629013199.163362503 -1.3613687993336692 1.574692014596881 0.0 0.0 0.0 -0.02900632830297319 0.9995792279346246
1629013199.263733149 -0.4531583002343659 1.4313031502394071 0.0 0.0 0.0 -0.2568257858624094 0.9664577154310249
1629013199.263733149 -1.361633322661611 1.5758219413869523 0.0 0.0 0.0 -0.029006300827068898 0.9995792287319347
1629013199.363727808 -0.3779738434450642 1.4079298401689753 0.0 0.0 0.0 -0.25632521682216025 0.966590597523622
1629013199.363727808 -1.3619249187649056 1.5748183471384078 0.0 0.0 0.0 -0.029006314905047494 0.9995792283234127
1629013199.363727808 -1.3624504227731415 1.5739353054860987 0.0 0.0 0.0 -0.029006292470912326 0.999579228974418
1629013199.865200996 -0.0555521164742957 1.2488333218980632 0.0 0.0 0.0 -0.21667667904296717 0.9762434208530734
1629013199.865200996 -1.3626257291449198 1.5733653428788044 0.0 0.0 0.0 -0.029006262055721228 0.9995792298570209
1629013200.065204859 0.07900209460421881 1.1980280833464536 0.0 0.0 0.0 -0.18721482106449427 0.9823189964435124
1629013200.065204859 -1.3624686613509036 1.571957331780761 0.0 0.0 0.0 -0.029006263626518255 0.9995792298114387
1629013200.767469406 0.43205232971163376 1.0562584165544455 0.0 0.0 0.0 -0.09527273472413728 0.995451207251357
1629013201.067073822 0.6110422468831892 1.035387702728077 0.0 0.0 0.0 -0.05762938255606086 0.9983380460877003
1629013201.267458916 0.7070953675771293 1.0234881611551125 0.0 0.0 0.0 -0.036172987527772905 0.9993455433298912
1629013201.467884541 0.7743814179040537 1.0071139477868216 0.0 0.0 0.0 -0.015177008938925858 0.9998848225669134
1629013201.568065166 0.8107951852524907 0.9985735590615297 0.0 0.0 0.0 -0.004938060514616877 0.999987807704851
1629013203.171209335 0.8120756687243671 0.9978615770091142 0.0 0.0 0.0 -0.004938095895236151 0.9999878075301366
1629013203.171209335 -1.3616665175153213 1.5721689272079664 0.0 0.0 0.0 -0.029006332866008563 0.999579227802212
1629013203.171209335 -1.3628380204944717 1.573169832061466 0.0 0.0 0.0 -0.02900630870476092 0.9995792285033358
1629013203.571948051 0.8129850094075187 0.9982318903244607 0.0 0.0 0.0 -0.0049381139680979656 0.9999878074408898
1629013203.571948051 1.1339796372326187 0.8917988345874094 0.0 0.0 0.0 0.02881280229187425 0.9995848250269156
1629013203.677692413 1.133141940103667 0.8926828441338661 0.0 0.0 0.0 0.028812805758876906 0.99958482492698
1629013203.878424644 1.133264881284773 0.8928011051256961 0.0 0.0 0.0 0.028812814751107026 0.999584824667781
1629013203.878424644 1.2519665534231013 0.8779971054062373 0.0 0.0 0.0 -0.006033120113349125 0.9999818005652392
1629013204.072945595 1.2521014716511136 0.8774219840806259 0.0 0.0 0.0 -0.006033102620724779 0.9999818006707761
1629013204.072945595 1.2780598263652077 0.8612336700519819 0.0 0.0 0.0 -0.02675901832506595 0.9996419133561171
1629013204.573929071 1.2758878714588862 0.8617169936877348 0.0 0.0 0.0 -0.026759005061504394 0.9996419137111641
1629013204.573929071 1.2763900579692398 0.8619043433367335 0.0 0.0 0.0 -0.026758973292848924 0.9996419145615657
1629013204.573929071 1.2774066084119355 0.8605105120831972 0.0 0.0 0.0 -0.026758989079228305 0.999641914138987
1629013204.573929071 1.4643091098960799 0.8155053192665108 0.0 0.0 0.0 -0.051185007670067284 0.9986891883813578
1629013204.573929071 1.4649233273275646 0.8159099425655602 0.0 0.0 0.0 -0.0511849522404805 0.998689191222244
1629013204.573929071 1.4650038484911143 0.8148720023086087 0.0 0.0 0.0 -0.051184942170001954 0.9986891917383774
1629013205.475691319 1.4648053309695956 0.817269518185113 0.0 0.0 0.0 -0.051185016879840756 0.9986891879093367
1629013205.475691319 1.464818706672896 0.8169763984866809 0.0 0.0 0.0 -0.051185047162079805 0.9986891863573049
1629013205.475691319 1.845022424528564 0.7378020957534075 0.0 0.0 0.0 -0.07119619753636285 0.9974623308458136
1629013205.676188707 1.4652675868185658 0.8167555444852713 0.0 0.0 0.0 -0.05118505649661565 0.9986891858788891
1629013205.878082752 1.8452354605850017 0.7364340712102474 0.0 0.0 0.0 -0.0711961571333564 0.9974623337296714
1629013205.878082752 2.048343990942041 0.717772229938376 0.0 0.0 0.0 -0.07952337520227036 0.996833001458338
1629013206.076845169 2.0486595154620826 0.7191591355779133 0.0 0.0 0.0 -0.07952335040241516 0.9968330034367716
1629013206.076845169 2.0487618664427285 0.7189201969605965 0.0 0.0 0.0 -0.07952334713314248 0.9968330036975811
1629013206.076845169 2.147969632966186 0.7138469046615981 0.0 0.0 0.0 -0.0848845624872545 0.9963907923356916
1629013206.076845169 2.1482781475012453 0.7146604998074482 0.0 0.0 0.0 -0.08488457328373154 0.9963907914159177
1629013206.377456665 2.147245201454252 0.7141340801062771 0.0 0.0 0.0 -0.08488456146622247 0.9963907924226755
1629013206.377456665 2.287765028727869 0.7002196354171354 0.0 0.0 0.0 -0.09053343084172613 0.9958934169377898
1629013206.477707386 2.2878188359990594 0.7006829841692452 0.0 0.0 0.0 -0.09053346030998277 0.995893414258926
1629013206.477707386 2.3135528578727196 0.6816590946200606 0.0 0.0 0.0 -0.09185392636721176 0.9957724921943399
1629013207.078907251 2.3129744527100944 0.6815955674321152 0.0 0.0 0.0 -0.09185396986597874 0.9957724881818436
1629013207.078907251 2.599470077061674 0.6015096971329608 0.0 0.0 0.0 -0.09121075481814148 0.9958316113708707
1629013207.379912376 2.31310291917191 0.6812321865696132 0.0 0.0 0.0 -0.09185392991068596 0.9957724918674761
1629013207.379912376 2.599649741812839 0.6012658476720423 0.0 0.0 0.0 -0.09121071731043223 0.9958316148062967
1629013207.379912376 2.7529874067594258 0.610787566852598 0.0 0.0 0.0 -0.06835193594291668 0.9976612716011659
1629013207.580000401 2.7541200536178567 0.6116453086325273 0.0 0.0 0.0 -0.06835192536345387 0.9976612723259878
1629013207.580000401 2.7544835755199366 0.6099610685733357 0.0 0.0 0.0 -0.06835191726774488 0.9976612728806423
1629013207.580000401 2.8401563880012857 0.594271963784663 0.0 0.0 0.0 -0.048099560793088546 0.9988425462761946
1629013207.580000401 2.8410260942108603 0.5935451233869186 0.0 0.0 0.0 -0.048099543154106784 0.9988425471256049
1629013207.580000401 2.8411205684483467 0.593569565931443 0.0 0.0 0.0 -0.04809958329493538 0.9988425451926112
1629013208.080886364 2.8387456887199556 0.5931473218212153 0.0 0.0 0.0 -0.04809953356025633 0.9988425475875994
1629013208.080886364 2.838913162840497 0.5937358511626875 0.0 0.0 0.0 -0.048099541248367766 0.9988425472173763
1629013208.080886364 2.8402530077542463 0.5938360281417914 0.0 0.0 0.0 -0.048099553649004624 0.9988425466202201
1629013208.080886364 3.0191754993195654 0.5168280061211101 0.0 0.0 0.0 0.00914517256270608 0.9999581820350281
1629013208.481552601 3.0181295964470425 0.5169249470884381 0.0 0.0 0.0 0.009145175744182742 0.9999581820059317
1629013208.481552601 3.0184990338963367 0.5158682590270502 0.0 0.0 0.0 0.009145186855883263 0.999958181904309
1629013208.481552601 3.18612629642616 0.529346630668746 0.0 0.0 0.0 0.0669540490014875 0.9977560600278539
1629013208.481552601 3.1872439980287757 0.5283230577653782 0.0 0.0 0.0 0.06695408344680097 0.9977560577164134
1629013208.481552601 3.1872604684001136 0.529869056171364 0.0 0.0 0.0 0.06695410484567817 0.9977560562804487
1629013208.481552601 3.1876694744256318 0.5275893922088977 0.0 0.0 0.0 0.06695409781977202 0.9977560567519199
1629013209.383306265 3.1886667337136996 0.5271724010727394 0.0 0.0 0.0 0.06695413407784936 0.9977560543188326
1629013209.383306265 3.3582135381935103 0.5387908621241997 0.0 0.0 0.0 0.17757533375328757 0.9841072100347648
1629013209.483502388 3.1889196818162295 0.5276152458180697 0.0 0.0 0.0 0.06695413250595948 0.9977560544243139
1629013209.483502388 3.4731415760901574 0.49537653401264775 0.0 0.0 0.0 0.25093582118825997 0.9680037260489103
1629013209.784077168 3.3579586611822276 0.5392347943265035 0.0 0.0 0.0 0.1775753724154238 0.9841072030584491
1629013209.784077168 3.474143189798944 0.49605912486958886 0.0 0.0 0.0 0.250935851744983 0.9680037181276836
1629013209.784077168 3.540053384971283 0.5318349199654601 0.0 0.0 0.0 0.29555535586968895 0.9553256154928232
1629013209.986763000 3.4742232846806655 0.4965629861615168 0.0 0.0 0.0 0.25093586952461494 0.9680037135186649
1629013209.986763000 3.5406339547254415 0.5317773343967767 0.0 0.0 0.0 0.29555540119363777 0.9553256014706545
1629013209.986763000 3.5962775465581758 0.5809542739874319 0.0 0.0 0.0 0.3245511703204735 0.9458681397761588
1629013209.986763000 3.596320067295024 0.5829253582505584 0.0 0.0 0.0 0.3245512028940434 0.9458681285993463
1629013210.385328293 3.5953378860595087 0.5808374987422249 0.0 0.0 0.0 0.3245511721270081 0.9458681391562912
1629013210.385328293 3.596592637227445 0.5803214370932721 0.0 0.0 0.0 0.3245511797968814 0.9458681365245646
1629013210.385328293 3.6897812987209573 0.6756978350678619 0.0 0.0 0.0 0.3806262511035979 0.9247289640596432
1629013210.385328293 3.69025374109967 0.6764951990989689 0.0 0.0 0.0 0.38062621090056237 0.924728980607551
1629013210.786072731 3.6898329696549874 0.6767677263794792 0.0 0.0 0.0 0.38062620881726145 0.9247289814650552
1629013210.786072731 3.779110075290835 0.797551399743535 0.0 0.0 0.0 0.44163635608103985 0.8971941423055887
1629013210.786072731 3.779261622191927 0.7981755110349381 0.0 0.0 0.0 0.4416363598042741 0.8971941404728576
1629013210.786072731 3.7794379317103663 0.7971794151305626 0.0 0.0 0.0 0.4416363603469094 0.89719414020575
1629013210.786072731 3.7805846586380643 0.7975333112622033 0.0 0.0 0.0 0.44163635084997954 0.8971941448805346
1629013211.487395525 3.7799240748955 0.7978192187357773 0.0 0.0 0.0 0.4416363404327198 0.8971941500083439
1629013211.487395525 3.9505125742863823 1.0759097766274244 0.0 0.0 0.0 0.5439234383815066 0.8391348480305412
1629013211.687815666 3.780336584639221 0.7972617863962577 0.0 0.0 0.0 0.4416363455062428 0.8971941475109445
1629013211.687815666 3.9512201038128 1.0758952843508809 0.0 0.0 0.0 0.543923407229217 0.8391348682233145
1629013211.687815666 4.064568330174063 1.3003195966450296 0.0 0.0 0.0 0.6002895351956213 0.7997827667152031
1629013211.687815666 4.064748844432853 1.3007627234899815 0.0 0.0 0.0 0.6002895211257435 0.7997827772755709
1629013212.089605808 4.0651488056646325 1.2996874197033947 0.0 0.0 0.0 0.600289533675891 0.7997827678558606
1629013212.089605808 4.106445204517235 1.5015303538747353 0.0 0.0 0.0 0.6548007308915208 0.755801563126149
1629013212.389182568 4.064603469685169 1.2993017636632582 0.0 0.0 0.0 0.6002895036239453 0.7997827904118201
1629013212.489371300 4.1071450827243305 1.5015503197682516 0.0 0.0 0.0 0.6548007065442908 0.7558015842197591
1629013212.489371300 4.126362582365917 1.739950890474238 0.0 0.0 0.0 0.6786367429330143 0.7344740779232919
1629013212.790127516 4.1256630027222645 1.7398678536988643 0.0 0.0 0.0 0.6786367279299391 0.7344740917857796
1629013212.790127516 4.1259362250188705 1.7404699180178913 0.0 0.0 0.0 0.6786367123546958 0.7344741061769365
1629013212.790127516 4.1319210198506235 1.9257280481887407 0.0 0.0 0.0 0.6687395962910784 0.7434967063494267
1629013212.790127516 4.132017985250243 1.9252597257143858 0.0 0.0 0.0 0.6687396045349507 0.7434966989344591
1629013213.491334200 4.110605162457806 2.187508501441914 0.0 0.0 0.0 0.6215976006027364 0.783336723845449
1629013213.491334200 4.131485501016121 1.926715158908145 0.0 0.0 0.0 0.6687395814459138 0.7434967197019392
1629013213.491334200 4.131803712288972 1.9260522419732724 0.0 0.0 0.0 0.6687395839178524 0.7434967174785493
1629013213.691732168 4.116030941667521 2.2855684883432943 0.0 0.0 0.0 0.5958631295590693 0.8030860046296859
1629013213.691732168 4.13114116207376 1.9265653991046314 0.0 0.0 0.0 0.6687395663584982 0.7434967332723446
1629013213.892106056 4.110773553674124 2.187424307000998 0.0 0.0 0.0 0.6215975990643053 0.783336725066233
1629013213.992370605 4.115496422716993 2.2860452363379973 0.0 0.0 0.0 0.595863147571148 0.8030859912653217
1629013213.992370605 4.172027054204166 2.455067092803016 0.0 0.0 0.0 0.5556451572088213 0.8314195446766838
1629013214.192687035 4.11509618428635 2.286598924966013 0.0 0.0 0.0 0.595863180727077 0.8030859666647219
1629013214.192687035 4.17478291818606 2.530212422316237 0.0 0.0 0.0 0.5282891840226072 0.8490645075874552
1629013214.394271851 4.172129622106823 2.4545705873419794 0.0 0.0 0.0 0.5556451353828633 0.8314195592631674
1629013214.394271851 4.187655347743435 2.5967842716765093 0.0 0.0 0.0 0.5006047291294917 0.8656759816312268
1629013214.793873310 4.161498118480766 2.681257858868626 0.0 0.0 0.0 0.4474190132016697 0.8943244526600198
1629013214.793873310 4.175202884814127 2.529368533683621 0.0 0.0 0.0 0.5282891836096895 0.8490645078443733
1629013214.793873310 4.188143785958023 2.596085579943456 0.0 0.0 0.0 0.5006047486399858 0.8656759703486614
1629013215.094453812 4.150478507543687 2.738398825060056 0.0 0.0 0.0 0.40404177685907233 0.9147405329122371
1629013215.094453812 4.151573865364061 2.739504590768443 0.0 0.0 0.0 0.4040417415533958 0.9147405485067878
1629013215.094453812 4.1617734461912015 2.6821560412196317 0.0 0.0 0.0 0.44741899401831164 0.8943244622572067
1629013215.094453812 4.188194449706623 2.59595875737399 0.0 0.0 0.0 0.5006047744033798 0.8656759554501564
1629013215.595432520 4.13465696330443 2.786736804234093 0.0 0.0 0.0 0.33092165044885147 0.943658233294347
1629013215.595432520 4.151415265004594 2.7393012869487205 0.0 0.0 0.0 0.40404173472678323 0.9147405515221088
1629013215.695641518 4.130668013477938 2.790889796700332 0.0 0.0 0.0 0.31452763005733597 0.9492483183711813
1629013215.695641518 4.151161302196752 2.738618378599881 0.0 0.0 0.0 0.40404174520200276 0.9147405468951947
1629013215.795802355 4.130982356076373 2.7907703726215947 0.0 0.0 0.0 0.3145276183214375 0.9492483222597995
1629013215.795802355 4.131675207442663 2.790685691350661 0.0 0.0 0.0 0.31452764246989556 0.9492483142583554
1629013215.795802355 4.134126259887333 2.7857132025860176 0.0 0.0 0.0 0.2988767970806803 0.9542917060138341
1629013215.795802355 4.134177423424169 2.786676469636365 0.0 0.0 0.0 0.33092166259841427 0.9436582290337436
1629013215.996199131 4.134234697943973 2.785787171700568 0.0 0.0 0.0 0.29887682146591243 0.9542916983765672
1629013215.996199131 4.175835813392797 2.827158891812358 0.0 0.0 0.0 0.2662107495554718 0.9639148493622836
1629013216.196589470 4.175416336648989 2.826445383499435 0.0 0.0 0.0 0.2662107037423014 0.9639148620148092
1629013216.196589470 4.2657518898301445 2.883017632637295 0.0 0.0 0.0 0.23335449666397323 0.9723917311900095
1629013216.497184753 4.174840228603367 2.8263076199805672 0.0 0.0 0.0 0.2662106608311432 0.9639148738658648
1629013216.497184753 4.394246679792955 2.9450031352985544 0.0 0.0 0.0 0.1825551863491054 0.9831956081762384
1629013216.597385406 4.264993878955431 2.8827504925878937 0.0 0.0 0.0 0.23335448274082748 0.9723917345312849
1629013216.597385406 4.265335101141956 2.882976648595302 0.0 0.0 0.0 0.2333544977379193 0.972391730932284
1629013216.597385406 4.39522099771042 2.9453202324173584 0.0 0.0 0.0 0.18255522013943676 0.9831956019022063
1629013216.597385406 4.440864857069946 2.9657906416706954 0.0 0.0 0.0 0.16548168979041247 0.9862128625931167
1629013216.597385406 4.441320827387425 2.965282955013498 0.0 0.0 0.0 0.16548169029313742 0.986212862508762
1629013216.597385406 4.44191123220227 2.9663800398316797 0.0 0.0 0.0 0.16548172023468719 0.986212857484716
1629013217.098364115 4.441436715295016 2.966677625410795 0.0 0.0 0.0 0.16548174263046228 0.9862128537268136
1629013217.098364115 4.442285990057726 2.9675037810295217 0.0 0.0 0.0 0.16548174913534347 0.986212852635326
1629013217.098364115 4.593739596161499 2.9922932266012756 0.0 0.0 0.0 0.08648322270931062 0.9962533072415929
1629013217.499140263 4.442427108638166 2.9676125708401693 0.0 0.0 0.0 0.16548174977813737 0.9862128525274683
1629013217.499140263 4.810738385764535 3.0300367435821944 0.0 0.0 0.0 0.015946580406313818 0.9998728452025012
1629013217.599331856 4.441561658343449 2.9654987126555543 0.0 0.0 0.0 0.1654817689459025 0.9862128493112098
1629013217.599331856 4.442059355323307 2.9665474306916617 0.0 0.0 0.0 0.1654817436071684 0.9862128535629271
1629013217.599331856 4.443219039890774 2.967655394229737 0.0 0.0 0.0 0.1654817521433476 0.9862128521305975
1629013217.599331856 4.443291050640811 2.967546922408854 0.0 0.0 0.0 0.16548173532657168 0.9862128549523711
1629013217.599331856 4.8815560757127 3.029866712134872 0.0 0.0 0.0 -0.002707868723857765 0.9999963337167663
1629013217.799716949 4.44124288454884 2.9660462764338624 0.0 0.0 0.0 0.16548178864836954 0.9862128460052304
1629013217.799716949 4.441630193887706 2.965749491498735 0.0 0.0 0.0 0.16548177893097743 0.9862128476357622
1629013217.799716949 4.442288223628825 2.9653292382306065 0.0 0.0 0.0 0.16548175975474202 0.9862128508534422
1629013217.799716949 4.997286218221542 3.029484546597016 0.0 0.0 0.0 -0.040824151123466615 0.9991663468537401
1629013218.100379467 4.4409581488064145 2.966702449306746 0.0 0.0 0.0 0.1654818256719014 0.9862128397928586
1629013218.100379467 4.4410839957031545 2.9673082359184026 0.0 0.0 0.0 0.16548180033666668 0.9862128440439901
1629013218.100379467 5.204237573845154 3.026073004025865 0.0 0.0 0.0 -0.09873085771823159 0.9951141732154267
1629013218.200509548 5.290920552114324 3.044433638051276 0.0 0.0 0.0 -0.1183303751448642 0.9929742807938561
1629013219.406359673 5.501363269882676 3.0074386530863815 0.0 0.0 0.0 -0.16003384639448887 0.9871115276442602
1629013219.503051281 5.566665469073359 2.9893237151807295 0.0 0.0 0.0 -0.18005331700391633 0.9836568522792322
1629013219.804655790 5.7478766019805265 2.9194280888640836 0.0 0.0 0.0 -0.23813213193263608 0.9712327670240629
1629013220.204417229 5.970311843138501 2.808512916050917 0.0 0.0 0.0 -0.3011860213986182 0.9535654044238765
1629013220.806005239 6.261355236624896 2.7176587165961266 0.0 0.0 0.0 -0.28734517445808033 0.9578270985494487
1629013227.819284201 4.44039062817335 2.965927363364443 0.0 0.0 0.0 0.165481771987307 0.9862128488008767
1629013227.819284201 4.440881751465967 2.9654219080288193 0.0 0.0 0.0 0.16548172825371807 0.9862128561391615
1629013227.819284201 4.4410826913322845 2.966128405581772 0.0 0.0 0.0 0.16548181389019573 0.9862128417697726
1629013227.819284201 4.441367779997668 2.966300986352742 0.0 0.0 0.0 0.16548170131152826 0.9862128606599299
1629013228.220059395 4.44072114748723 2.9657238161644583 0.0 0.0 0.0 0.16548172643701325 0.9862128564439958
1629013228.220059395 4.441252778601599 2.9656891218403687 0.0 0.0 0.0 0.1654817171555018 0.9862128580013884
1629013228.420449734 4.440595394698991 2.9658786090628526 0.0 0.0 0.0 0.16548173063425678 0.9862128557397187
1629013228.420449734 4.440744277995373 2.966371222203097 0.0 0.0 0.0 0.16548173815081627 0.9862128544784765
1629013228.620867252 4.438639533043975 2.9674447497279273 0.0 0.0 0.0 0.16548179169721094 0.9862128454936494
1629013228.620867252 4.439315359502806 2.9671147571057737 0.0 0.0 0.0 0.16548181489090977 0.9862128416018576
1629013228.821250439 4.437109063279581 2.9650309516979565 0.0 0.0 0.0 0.1654817682749396 0.9862128494237941
1629013228.821250439 4.437792246248492 2.965405505624193 0.0 0.0 0.0 0.16548178244253184 0.9862128470465402
1629013262.186375856 7.68026634660155 -2.270619421210447 0.0 0.0 0.0 0.4887492976715227 0.8724242798235233
1629013262.186375856 7.680900940662205 -2.2699070074019274 0.0 0.0 0.0 0.4887492989479603 0.8724242791084378
1629013262.286608219 7.679304070547257 -2.2709956447347324 0.0 0.0 0.0 0.48874924989535073 0.8724243065886759
1629013262.286608219 7.710774753041026 -2.2066484675453832 0.0 0.0 0.0 0.4752566047731879 0.8798472365243082
1629013262.286608219 7.711080075745813 -2.205963811926489 0.0 0.0 0.0 0.47525659889051225 0.8798472397018829
1629013262.286608219 7.711141295033956 -2.2059612770274297 0.0 0.0 0.0 0.4752565721945867 0.8798472541219025
1629013262.687365055 7.710304860373755 -2.2051492973797036 0.0 0.0 0.0 0.4752565742097908 0.8798472530333737
1629013262.687365055 7.7103726039559275 -2.2049539974186856 0.0 0.0 0.0 0.47525654534480405 0.879847268625028
1629013262.687365055 7.86192142673106 -1.9908568244989342 0.0 0.0 0.0 0.41987692012360117 0.9075810553044389
1629013262.787581205 7.711474735982585 -2.2053858109788425 0.0 0.0 0.0 0.47525661608558095 0.8798472304138274
1629013262.787581205 7.891352179364787 -1.9001031590061648 0.0 0.0 0.0 0.40458035337950937 0.9145024536103287
1629013262.887779713 7.712028685499634 -2.2064267520915952 0.0 0.0 0.0 0.4752566541685781 0.8798472098429866
1629013262.887779713 7.930292726837481 -1.833927054094264 0.0 0.0 0.0 0.3896615555185625 0.9209581272516434
1629013263.088128090 7.712761390683773 -2.2066617904610903 0.0 0.0 0.0 0.4752566572004919 0.8798472082052736
1629013263.088128090 7.713871437087435 -2.2056399760464998 0.0 0.0 0.0 0.4752566497195156 0.879847212246184
1629013263.088128090 7.714376131592939 -2.205391219321423 0.0 0.0 0.0 0.475256675638144 0.879847198246025
1629013263.088128090 8.021337721264949 -1.7353466012433223 0.0 0.0 0.0 0.3598463343516821 0.9330115838796738
1629013263.388790369 7.715171342595645 -2.205660566798161 0.0 0.0 0.0 0.4752566662113633 0.8798472033379778
1629013263.388790369 7.715415807062361 -2.206442340321904 0.0 0.0 0.0 0.4752566866750555 0.8798471922843467
1629013263.388790369 8.188729798112574 -1.6215054316989195 0.0 0.0 0.0 0.33543336767859777 0.9420639340553244
1629013263.589112759 7.71488201677489 -2.2053047549982527 0.0 0.0 0.0 0.47525664986355687 0.879847212168379
1629013263.589112759 8.299301887737322 -1.535488626034819 0.0 0.0 0.0 0.34033752493366765 0.9403033388869919
1629013263.689300060 7.713847998908973 -2.2066277376596837 0.0 0.0 0.0 0.4752566848982904 0.8798471932440809
1629013263.689300060 7.713896611543944 -2.2069647137150707 0.0 0.0 0.0 0.47525668194903137 0.8798471948371475
1629013263.689300060 8.35229991943049 -1.502420082567637 0.0 0.0 0.0 0.34973826805706243 0.9368474496183711
1629013264.691281557 8.385500072710975 -1.4651563276284858 0.0 0.0 0.0 0.3850316521708536 0.9229033680871377
1629013265.292447567 8.493712008862287 -1.3502949224433143 0.0 0.0 0.0 0.46240574113886596 0.8866684445506201
1629013265.893932343 8.643344615290319 -1.1785426828181143 0.0 0.0 0.0 0.5795623837368234 0.814927876168984
1629013266.795362473 8.707009216752947 -0.87043374945372 0.0 0.0 0.0 0.7373436623754263 0.6755178188284847
1629013270.602983952 6.8880890105547286 0.2916028335602908 0.0 0.0 0.0 -0.9993747656005084 0.035356440444831765
1629013270.602983952 7.7132799700027945 -2.206958868826405 0.0 0.0 0.0 0.47525665879471984 0.8798472073441383
1629013270.702999592 6.806897592081767 0.2932196496890948 0.0 0.0 0.0 -0.9998680572394804 0.01624401773414533
1629013270.702999592 6.887931949862627 0.2911883964673529 0.0 0.0 0.0 -0.9993747641103123 0.03535648256624944
1629013270.702999592 8.707616558568613 -0.869629958718679 0.0 0.0 0.0 0.7373436876562007 0.6755177912339209
1629013270.903461933 6.645642301495093 0.2852375051666188 0.0 0.0 0.0 0.9997611763538146 0.021853838464604043
1629013270.903461933 6.646658967458446 0.28527108815945174 0.0 0.0 0.0 0.9997611764442652 0.021853834326700614
1629013270.903461933 6.646803116634423 0.28581144864273106 0.0 0.0 0.0 0.9997611769233627 0.021853812409109188
1629013270.903461933 6.8057648137299935 0.2933837637261968 0.0 0.0 0.0 -0.9998680580241004 0.016243969438356386
1629013271.204852819 6.415490756161102 0.3224418644414219 0.0 0.0 0.0 0.9962957271461453 0.08599316292783653
1629013271.204852819 6.645063959475537 0.28481308829529955 0.0 0.0 0.0 0.999761176677507 0.02185382365643579
1629013271.404375553 6.26545209903907 0.3587373666247795 0.0 0.0 0.0 0.9915318233696168 0.12986394128210907
1629013271.404375553 6.266326095813177 0.36037832233722333 0.0 0.0 0.0 0.9915318272900833 0.1298639113487209
1629013271.404375553 6.266388814277331 0.35956529757157907 0.0 0.0 0.0 0.9915318282180557 0.12986390426350197
1629013271.404375553 6.414434283212634 0.3234968769316349 0.0 0.0 0.0 0.9962957287385841 0.08599314447822914
1629013271.404375553 6.414506801122668 0.32371718866578264 0.0 0.0 0.0 0.9962957268646256 0.08599316618945563
1629013271.805147171 5.9830998629255445 0.40999168709112405 0.0 0.0 0.0 0.9764989276250924 0.2155222595163772
1629013271.805147171 6.264505787064036 0.3578719919365539 0.0 0.0 0.0 0.9915318173264491 0.12986398742264565
1629013271.905340433 5.8445694849143015 0.4726485594987024 0.0 0.0 0.0 0.9645480062608272 0.263907452752406
1629013271.905340433 6.263527266003288 0.35991432662765144 0.0 0.0 0.0 0.9915318196311937 0.12986396982556006
1629013271.905340433 6.263551343227196 0.36042330477073414 0.0 0.0 0.0 0.9915318169946157 0.1298639899562459
1629013271.905340433 6.264058131229617 0.3588169332144422 0.0 0.0 0.0 0.9915318217044989 0.12986395399554762
1629013271.905340433 6.26441203143897 0.3597040106776403 0.0 0.0 0.0 0.9915318182908344 0.12986398005941344
1629013272.206001997 5.648903175273506 0.5405949589777038 0.0 0.0 0.0 0.9457174773094413 0.3249899277077157
1629013272.206001997 6.264272240903809 0.3602345715721279 0.0 0.0 0.0 0.9915318182086978 0.1298639806865391
1629013272.206001997 6.264279846252808 0.36036420110561657 0.0 0.0 0.0 0.9915318155000122 0.1298640013677761
1629013272.206001997 6.264737497401273 0.3615461478557767 0.0 0.0 0.0 0.9915318194031452 0.1298639715667461
1629013272.206001997 6.264923977995372 0.3613626086915784 0.0 0.0 0.0 0.9915318185921685 0.1298639777586803
1629013272.206001997 6.265437939039358 0.36076073838517975 0.0 0.0 0.0 0.9915318217767409 0.1298639534439687
1629013272.707123518 5.364881052558049 0.7234102843248345 0.0 0.0 0.0 0.9057900035959037 0.4237268806504172
1629013272.707123518 6.265174643920121 0.3589047177120757 0.0 0.0 0.0 0.9915318281959232 0.12986390443248685
1629013273.207884312 5.049939755684696 0.9699064548967248 0.0 0.0 0.0 0.8750710583662695 0.4839944656808968
1629013273.408269882 4.877633011527326 1.1808340535704125 0.0 0.0 0.0 0.8632098256190324 0.5048453198305
1629013273.809125662 4.869154292709432 1.257999159690762 0.0 0.0 0.0 0.8719244773232232 0.4896403842052084
1629013274.009464025 4.8991081628110065 1.2544877360972564 0.0 0.0 0.0 0.8663369099842997 0.49946006687107164
1629013275.311985254 4.90212150579506 1.1940415401025437 0.0 0.0 0.0 0.8468180544157006 0.5318826775855815
1629013275.311985254 6.26511372596173 0.35911172607689196 0.0 0.0 0.0 0.9915318323228464 0.1298638729227603
1629013275.311985254 6.265142221976265 0.35969351218573653 0.0 0.0 0.0 0.9915318320380293 0.12986387509738534
1629013275.311985254 6.265721672263777 0.35878525750635365 0.0 0.0 0.0 0.9915318274656123 0.12986391000852868
1629013275.311985254 6.265803742701309 0.35955384217708697 0.0 0.0 0.0 0.9915318257474243 0.1298639231271702
1629013275.812977314 4.989609444561258 1.0599276699804572 0.0 0.0 0.0 0.7902213687088062 0.6128214980204113
1629013275.812977314 6.26452281580691 0.3591271671473309 0.0 0.0 0.0 0.9915318295153859 0.129863894358177
1629013275.812977314 6.265308973453392 0.3605561242077896 0.0 0.0 0.0 0.9915318331495296 0.1298638666108988
1629013275.913190365 5.010022096544921 0.9831278889255219 0.0 0.0 0.0 0.7738269829039456 0.6333970323026282
1629013275.913190365 6.264519339032794 0.35843685896713023 0.0 0.0 0.0 0.9915318248766417 0.12986392977573355
1629013276.013378859 6.263709017717945 0.3562571422074798 0.0 0.0 0.0 0.9915318169620734 0.12986399020471187
1629013276.013378859 6.26397256669192 0.3557027834244721 0.0 0.0 0.0 0.9915318198591717 0.12986396808491213
1629013276.013378859 6.264700832621046 0.3577277301489911 0.0 0.0 0.0 0.9915318211167679 0.12986395848296725
1629013276.313955784 6.2624332626532535 0.3544424981868447 0.0 0.0 0.0 0.9915318196254996 0.12986396986903503
1629013276.313955784 6.263099946496882 0.35446785796841773 0.0 0.0 0.0 0.9915318166658204 0.12986399246664918
1629013276.514402390 6.26344316221531 0.3549489711078773 0.0 0.0 0.0 0.9915318180082376 0.1298639822170838
1629013276.614527225 6.264149944339661 0.35381644832016224 0.0 0.0 0.0 0.9915318068489724 0.1298640674197918
1629013276.614527225 6.264379847238386 0.354325052293585 0.0 0.0 0.0 0.9915318152133576 0.12986400355642796
1629013276.614527225 6.26466349518209 0.35382495378485507 0.0 0.0 0.0 0.9915318130998031 0.1298640196937439
1629013277.015316010 5.038387372155932 0.7992237424898841 0.0 0.0 0.0 0.5948062345794619 0.8038691083163989
1629013277.015316010 5.038622825402493 0.799131927352736 0.0 0.0 0.0 0.5948062396772498 0.8038691045443966
1629013277.215725422 5.005219590989746 0.7851526369988095 0.0 0.0 0.0 0.5591773666136096 0.8290480520856851
1629013277.215725422 5.039214610688107 0.7985682982892792 0.0 0.0 0.0 0.594806225304684 0.8038691151790779
1629013277.416112423 4.966685708118241 0.7678470143843225 0.0 0.0 0.0 0.5203770397548048 0.8539366115210345
1629013277.416112423 5.037102174478131 0.7977248130636505 0.0 0.0 0.0 0.5948062323415103 0.8038691099723245
1629013277.416112423 5.037805598877857 0.7983020949683843 0.0 0.0 0.0 0.5948062449092963 0.8038691006730525
1629013277.416112423 5.038306994887346 0.7982387432581435 0.0 0.0 0.0 0.5948061978176764 0.8038691355175165
1629013277.616681337 4.914845930085674 0.709117280119394 0.0 0.0 0.0 0.4819281492077006 0.8762107389214311
1629013277.616681337 5.036053822944494 0.7970076674143427 0.0 0.0 0.0 0.5948062121890068 0.8038691248837502
1629013277.616681337 5.036230591988124 0.7952634445505765 0.0 0.0 0.0 0.5948061780911885 0.8038691501137193
1629013277.616681337 5.036497476638728 0.798029911360955 0.0 0.0 0.0 0.5948062283191468 0.8038691129485888
1629013277.616681337 5.036715762625061 0.7963764620793555 0.0 0.0 0.0 0.5948061961556317 0.8038691367473118
1629013278.117462635 4.73838312220936 0.5502583175699551 0.0 0.0 0.0 0.417809537074865 0.9085346392566918
1629013278.117462635 5.03565124525193 0.7943860986405431 0.0 0.0 0.0 0.594806197467109 0.8038691357769114
1629013278.117462635 5.0362519138610375 0.7949609144657267 0.0 0.0 0.0 0.5948061969682533 0.8038691361460293
1629013278.317893028 4.6382030523115105 0.4363257570866069 0.0 0.0 0.0 0.41643277495514086 0.909166510570622
1629013278.317893028 5.036757421217177 0.7943288560442401 0.0 0.0 0.0 0.5948062084678474 0.8038691276371445
1629013278.418324947 4.591968121663185 0.40805151811098217 0.0 0.0 0.0 0.426613325955512 0.9044341159626699
1629013278.418324947 5.036324325791836 0.7937076613440783 0.0 0.0 0.0 0.5948062180820071 0.8038691205233472
1629013278.518271446 4.5463012020378795 0.39072339099464976 0.0 0.0 0.0 0.43851515139566005 0.8987237962780563
1629013278.518271446 5.034804544354154 0.7936162016947494 0.0 0.0 0.0 0.5948062252001398 0.8038691152564331
1629013278.718654156 4.4600576987860485 0.3124022158850525 0.0 0.0 0.0 0.47065230098509747 0.8823187698204279
1629013278.919036388 4.3743365993530015 0.21924520914399023 0.0 0.0 0.0 0.5081784851869988 0.8612517792103812
1629013279.019241810 4.338719812681632 0.14288077443392477 0.0 0.0 0.0 0.5290339962636197 0.8486006309197186
1629013279.822077751 4.246450508462246 0.04961306010310367 0.0 0.0 0.0 0.5802813485510708 0.814416083168641
1629013304.068133831 4.522363307801607 -1.902571886962317 0.0 0.0 0.0 0.6847222209429972 0.7288041438870181
1629013304.068133831 4.522829059230799 -1.9026206635929026 0.0 0.0 0.0 0.6847222325392861 0.7288041329921338
1629013304.168321133 4.519779291922365 -1.9040191168297431 0.0 0.0 0.0 0.6847221818280931 0.7288041806360442
1629013304.168321133 4.5202385620942165 -1.9033342400027653 0.0 0.0 0.0 0.6847221946938103 0.7288041685485146
1629013304.168321133 4.5209795267388 -1.9022398881735987 0.0 0.0 0.0 0.6847221883092989 0.7288041745468566
1629013304.168321133 4.521046710806962 -1.9028126723470788 0.0 0.0 0.0 0.6847221953719587 0.7288041679113844
1629013304.370109081 4.520302307142431 -1.9037608169673212 0.0 0.0 0.0 0.6843662561844179 0.7291384144290599
1629013304.370109081 4.520806098796741 -1.9047159369918871 0.0 0.0 0.0 0.6843662458534282 0.7291384241256834
1629013304.370109081 4.521925591158625 -1.904506173235686 0.0 0.0 0.0 0.6843662424835615 0.7291384272886261
1629013304.370109081 4.522542456231764 -1.9050828776235367 0.0 0.0 0.0 0.6843662453854944 0.7291384245648842
1629013304.769490957 4.520280128009619 -1.9034578523197778 0.0 0.0 0.0 0.6838785363551002 0.729595879588698
1629013304.769490957 4.520702704174702 -1.9040660637440765 0.0 0.0 0.0 0.6838785594753974 0.7295958579171453
1629013304.769490957 4.520935110854539 -1.9042656789497636 0.0 0.0 0.0 0.6838785175987439 0.7295958971697583
1629013304.769490957 4.520956668043143 -1.904085322395525 0.0 0.0 0.0 0.6843662211438657 0.7291384473179737
1629013304.769490957 4.521039673647143 -1.904010775428369 0.0 0.0 0.0 0.6838785430573341 0.7295958733064339
1629013304.769490957 4.522673960090002 -1.90385222422267 0.0 0.0 0.0 0.6843662391923995 0.7291384303776968
1629013305.271343708 4.520555247442492 -1.9020634595540231 0.0 0.0 0.0 0.6833150030364669 0.7301236926886246
1629013305.271343708 4.521104585393831 -1.903032147600327 0.0 0.0 0.0 0.683878525685861 0.7295958895893898
1629013305.470873833 4.519621618980987 -1.9024811548376241 0.0 0.0 0.0 0.6834410269071662 0.7300057278816914
1629013305.470873833 4.521647805795178 -1.9032877581404946 0.0 0.0 0.0 0.6838784959792472 0.7295959174345501
1629013305.571066380 4.518874640309662 -1.902643604564764 0.0 0.0 0.0 0.6838784589445613 0.729595952148593
1629013305.571066380 4.51908128492668 -1.9014137252521388 0.0 0.0 0.0 0.6838784740167414 0.7295959380208562
1629013305.571066380 4.519374620171742 -1.9024753085963575 0.0 0.0 0.0 0.6838784537976629 0.7295959569729796
1629013305.571066380 4.51972860168713 -1.9038041733753865 0.0 0.0 0.0 0.6836592865115477 0.7298013291071218
1629013305.571066380 4.520256278831516 -1.9020064119979034 0.0 0.0 0.0 0.6838784708661847 0.7295959409739948
1629013305.571066380 4.520758266502834 -1.902369844195054 0.0 0.0 0.0 0.683878481364569 0.7295959311334534
1629013306.072058678 4.51869216342556 -1.9016909559020752 0.0 0.0 0.0 0.6838784959524331 0.7295959174596839
1629013306.072058678 4.518825294742482 -1.9018028786391254 0.0 0.0 0.0 0.6838784964373068 0.729595917005193
1629013306.072058678 4.5201795148041946 -1.9036982917152252 0.0 0.0 0.0 0.683155187398593 0.730273229641066
1629013306.172584057 4.519802999944847 -1.9030734087348218 0.0 0.0 0.0 0.683878485903825 0.7295959268786331
1629013306.172584057 4.520919954924006 -1.9042178618214731 0.0 0.0 0.0 0.6828732112618869 0.7305369103206754
1629013306.272438526 4.520772910013076 -1.9045369303194712 0.0 0.0 0.0 0.682539476364223 0.7308487279898983
1629013306.575726032 4.5217977541706285 -1.9050629180611023 0.0 0.0 0.0 0.6820190941667148 0.7313343662046888
1629013307.374596596 4.52042234854725 -1.9055846668327234 0.0 0.0 0.0 0.6821976263181335 0.7311678320645023
1629013307.975763083 4.521887263115544 -1.9050177504802968 0.0 0.0 0.0 0.6827329631153909 0.7306679827908695
1629013308.075963020 4.521465955689555 -1.9045336382041484 0.0 0.0 0.0 0.6829514043986642 0.7304638110337104
1629013308.476742268 4.520091263901863 -1.9038243161566066 0.0 0.0 0.0 0.683077503949842 0.730345893120276
