1629013123.770000219 6.5905 1.3243 -4.6383 0 0 0 0
1629013123.900000095 6.5905 1.3243 -4.6383 0 0 0 0
1629013124.020000219 6.5908 1.3245 -4.6382 0 0 0 0
1629013124.190000057 6.5907 1.3247 -4.6382 0 0 0 0
1629013124.370000124 6.5910 1.3246 -4.6381 0 0 0 0
1629013124.520000219 6.5906 1.3246 -4.6382 0 0 0 0
1629013124.650000095 6.5906 1.3246 -4.6383 0 0 0 0
1629013124.810000181 6.5907 1.3244 -4.6383 0 0 0 0
1629013124.940000057 6.5907 1.3245 -4.6383 0 0 0 0
1629013125.080000162 6.5906 1.3243 -4.6383 0 0 0 0
1629013125.240000010 6.5900 1.3247 -4.6383 0 0 0 0
1629013125.350000143 6.5905 1.3244 -4.6382 0 0 0 0
1629013125.480000019 6.5905 1.3241 -4.6382 0 0 0 0
1629013125.590000153 6.5908 1.3245 -4.6383 0 0 0 0
1629013125.690000057 6.5904 1.3246 -4.6383 0 0 0 0
1629013125.870000124 6.5905 1.3240 -4.6383 0 0 0 0
1629013125.990000010 6.5907 1.3245 -4.6384 0 0 0 0
1629013126.090000153 6.5905 1.3248 -4.6383 0 0 0 0
1629013126.259999990 6.5906 1.3243 -4.6384 0 0 0 0
1629013126.440000057 6.5906 1.3246 -4.6386 0 0 0 0
1629013126.610000134 6.5906 1.3245 -4.6384 0 0 0 0
1629013126.750000000 6.5905 1.3244 -4.6384 0 0 0 0
1629013126.910000086 6.5906 1.3247 -4.6383 0 0 0 0
1629013127.050000191 6.5904 1.3245 -4.6384 0 0 0 0
1629013127.250000000 6.5905 1.3246 -4.6382 0 0 0 0
1629013127.380000114 6.5906 1.3245 -4.6382 0 0 0 0
1629013127.490000010 6.5907 1.3245 -4.6382 0 0 0 0
1629013127.620000124 6.5905 1.3246 -4.6384 0 0 0 0
1629013127.750000000 6.5906 1.3245 -4.6383 0 0 0 0
1629013127.940000057 6.5906 1.3245 -4.6383 0 0 0 0
1629013128.050000191 6.5906 1.3247 -4.6382 0 0 0 0
1629013128.170000076 6.5906 1.3246 -4.6383 0 0 0 0
1629013128.280000210 6.5905 1.3246 -4.6384 0 0 0 0
1629013128.420000076 6.5906 1.3246 -4.6382 0 0 0 0
1629013128.600000143 6.5907 1.3247 -4.6383 0 0 0 0
1629013128.770000219 6.5903 1.3244 -4.6381 0 0 0 0
1629013128.950000048 6.6008 1.3271 -4.6379 0 0 0 0
1629013129.120000124 6.6230 1.3324 -4.6368 0 0 0 0
1629013129.220000029 6.6391 1.3365 -4.6370 0 0 0 0
1629013129.380000114 6.6950 1.3512 -4.6363 0 0 0 0
1629013129.590000153 6.7713 1.3662 -4.6368 0 0 0 0
1629013129.720000029 6.8039 1.3738 -4.6369 0 0 0 0
1629013129.840000153 6.8553 1.3860 -4.6373 0 0 0 0
1629013129.980000019 6.9205 1.4004 -4.6373 0 0 0 0
1629013130.140000105 6.9892 1.4153 -4.6375 0 0 0 0
1629013130.250000000 7.0140 1.4228 -4.6382 0 0 0 0
1629013130.380000114 7.0462 1.4302 -4.6384 0 0 0 0
1629013130.490000010 7.0753 1.4355 -4.6389 0 0 0 0
1629013130.720000029 7.1142 1.4432 -4.6379 0 0 0 0
1629013130.870000124 7.1311 1.4481 -4.6380 0 0 0 0
1629013131.000000000 7.1487 1.4524 -4.6376 0 0 0 0
1629013131.100000143 7.1611 1.4547 -4.6368 0 0 0 0
1629013131.200000048 7.1811 1.4575 -4.6362 0 0 0 0
1629013131.360000134 7.2049 1.4608 -4.6377 0 0 0 0
1629013131.500000000 7.2526 1.4707 -4.6381 0 0 0 0
1629013131.620000124 7.2746 1.4763 -4.6372 0 0 0 0
1629013131.850000143 7.3238 1.4869 -4.6377 0 0 0 0
1629013131.990000010 7.3937 1.5025 -4.6376 0 0 0 0
1629013132.090000153 7.4219 1.5093 -4.6372 0 0 0 0
1629013132.250000000 7.5021 1.5346 -4.6381 0 0 0 0
1629013132.400000095 7.5513 1.5487 -4.6385 0 0 0 0
1629013132.500000000 7.5852 1.5593 -4.6385 0 0 0 0
1629013132.600000143 7.6175 1.5702 -4.6381 0 0 0 0
1629013132.720000029 7.6668 1.5860 -4.6380 0 0 0 0
1629013132.890000105 7.7478 1.6087 -4.6385 0 0 0 0
1629013133.070000172 7.7815 1.6200 -4.6386 0 0 0 0
1629013133.200000048 7.8127 1.6333 -4.6390 0 0 0 0
1629013133.310000181 7.8847 1.6626 -4.6385 0 0 0 0
1629013133.490000010 7.9607 1.6906 -4.6393 0 0 0 0
1629013133.650000095 7.9986 1.7095 -4.6392 0 0 0 0
1629013133.770000219 8.0520 1.7408 -4.6396 0 0 0 0
1629013133.960000038 8.1170 1.7658 -4.6390 0 0 0 0
1629013134.060000181 8.1541 1.7830 -4.6389 0 0 0 0
1629013134.170000076 8.1799 1.7964 -4.6391 0 0 0 0
1629013134.390000105 8.2058 1.8101 -4.6392 0 0 0 0
1629013134.500000000 8.2644 1.8445 -4.6386 0 0 0 0
1629013134.690000057 8.3285 1.8774 -4.6384 0 0 0 0
1629013134.790000200 8.3681 1.8972 -4.6380 0 0 0 0
1629013134.940000057 8.3936 1.9145 -4.6376 0 0 0 0
1629013135.170000076 8.4585 1.9683 -4.6381 0 0 0 0
1629013135.310000181 8.5365 2.0098 -4.6375 0 0 0 0
1629013135.490000010 8.6068 2.0508 -4.6375 0 0 0 0
1629013135.590000153 8.6512 2.0920 -4.6377 0 0 0 0
1629013135.730000019 8.6973 2.1347 -4.6380 0 0 0 0
1629013135.870000124 8.7735 2.1855 -4.6375 0 0 0 0
1629013135.970000029 8.8084 2.2131 -4.6375 0 0 0 0
1629013136.090000153 8.8560 2.2631 -4.6384 0 0 0 0
1629013136.280000210 8.9416 2.3414 -4.6384 0 0 0 0
1629013136.500000000 9.0298 2.4109 -4.6388 0 0 0 0
1629013136.610000134 9.0754 2.4604 -4.6391 0 0 0 0
1629013136.750000000 9.1307 2.5218 -4.6383 0 0 0 0
1629013136.950000048 9.2045 2.5939 -4.6390 0 0 0 0
1629013137.090000153 9.2322 2.6253 -4.6394 0 0 0 0
1629013137.259999990 9.3012 2.6958 -4.6394 0 0 0 0
1629013137.380000114 9.3270 2.7206 -4.6391 0 0 0 0
1629013137.550000191 9.3643 2.7583 -4.6394 0 0 0 0
1629013137.650000095 9.3997 2.7960 -4.6399 0 0 0 0
1629013137.870000124 9.4656 2.8747 -4.6393 0 0 0 0
1629013138.050000191 9.5097 2.9240 -4.6394 0 0 0 0
1629013138.170000076 9.5250 2.9429 -4.6395 0 0 0 0
1629013138.390000105 9.5657 2.9917 -4.6401 0 0 0 0
1629013138.590000153 9.5980 3.0250 -4.6402 0 0 0 0
1629013138.700000048 9.6201 3.0512 -4.6397 0 0 0 0
1629013138.820000172 9.6333 3.0682 -4.6396 0 0 0 0
1629013138.960000038 9.6769 3.1109 -4.6396 0 0 0 0
1629013139.250000000 9.7284 3.1720 -4.6398 0 0 0 0
1629013139.440000057 9.7608 3.2142 -4.6393 0 0 0 0
1629013139.550000191 9.7810 3.2339 -4.6390 0 0 0 0
1629013139.740000010 9.8497 3.3080 -4.6399 0 0 0 0
1629013139.880000114 9.8806 3.3444 -4.6403 0 0 0 0
1629013140.080000162 9.9369 3.3986 -4.6398 0 0 0 0
1629013140.200000048 9.9591 3.4221 -4.6396 0 0 0 0
1629013140.350000143 9.9801 3.4426 -4.6395 0 0 0 0
1629013140.480000019 10.0141 3.4730 -4.6397 0 0 0 0
1629013140.630000114 10.0499 3.5039 -4.6396 0 0 0 0
1629013140.730000019 10.0940 3.5464 -4.6388 0 0 0 0
1629013140.840000153 10.1257 3.5757 -4.6385 0 0 0 0
1629013140.990000010 10.1742 3.6148 -4.6386 0 0 0 0
1629013141.140000105 10.2108 3.6454 -4.6386 0 0 0 0
1629013141.290000200 10.2822 3.6950 -4.6388 0 0 0 0
1629013141.400000095 10.3126 3.7113 -4.6385 0 0 0 0
1629013141.550000191 10.3584 3.7399 -4.6383 0 0 0 0
1629013141.670000076 10.4198 3.7793 -4.6390 0 0 0 0
1629013141.780000210 10.4721 3.8026 -4.6383 0 0 0 0
1629013142.009999990 10.5605 3.8403 -4.6378 0 0 0 0
1629013142.120000124 10.5933 3.8599 -4.6380 0 0 0 0
1629013142.240000010 10.6872 3.8944 -4.6378 0 0 0 0
1629013142.390000105 10.7279 3.8999 -4.6379 0 0 0 0
1629013142.570000172 10.8297 3.9205 -4.6381 0 0 0 0
1629013142.690000057 10.8679 3.9318 -4.6382 0 0 0 0
1629013142.800000191 10.9284 3.9435 -4.6381 0 0 0 0
1629013143.000000000 11.0374 3.9492 -4.6391 0 0 0 0
1629013143.100000143 11.0820 3.9521 -4.6386 0 0 0 0
1629013143.290000200 11.1664 3.9532 -4.6389 0 0 0 0
1629013143.480000019 11.2736 3.9431 -4.6393 0 0 0 0
1629013143.640000105 11.3861 3.9242 -4.6403 0 0 0 0
1629013143.759999990 11.4295 3.9185 -4.6408 0 0 0 0
1629013143.920000076 11.4727 3.9099 -4.6407 0 0 0 0
1629013144.130000114 11.5793 3.8726 -4.6412 0 0 0 0
1629013144.280000210 11.6875 3.8415 -4.6415 0 0 0 0
1629013144.450000048 11.7292 3.8335 -4.6412 0 0 0 0
1629013144.550000191 11.7728 3.8222 -4.6414 0 0 0 0
1629013144.680000067 11.8382 3.7992 -4.6416 0 0 0 0
1629013144.800000191 11.9030 3.7816 -4.6419 0 0 0 0
1629013144.900000095 11.9923 3.7641 -4.6419 0 0 0 0
1629013145.100000143 12.0993 3.7349 -4.6418 0 0 0 0
1629013145.220000029 12.1432 3.7288 -4.6416 0 0 0 0
1629013145.400000095 12.2507 3.7175 -4.6414 0 0 0 0
1629013145.590000153 12.2948 3.7061 -4.6419 0 0 0 0
1629013145.710000038 12.3597 3.6944 -4.6421 0 0 0 0
1629013145.820000172 12.4036 3.6916 -4.6419 0 0 0 0
1629013145.930000067 12.4667 3.6891 -4.6417 0 0 0 0
1629013146.070000172 12.5879 3.6697 -4.6413 0 0 0 0
1629013146.190000057 12.6251 3.6719 -4.6410 0 0 0 0
1629013146.400000095 12.7227 3.6722 -4.6407 0 0 0 0
1629013146.600000143 12.8206 3.6648 -4.6413 0 0 0 0
1629013146.759999990 12.8568 3.6707 -4.6413 0 0 0 0
1629013146.920000076 12.9517 3.6765 -4.6413 0 0 0 0
1629013147.030000210 12.9901 3.6729 -4.6411 0 0 0 0
1629013147.210000038 13.0806 3.6819 -4.6407 0 0 0 0
1629013147.320000172 13.1198 3.6894 -4.6411 0 0 0 0
1629013147.509999990 13.1948 3.6916 -4.6405 0 0 0 0
1629013147.610000134 13.2527 3.6929 -4.6405 0 0 0 0
1629013147.740000010 13.2890 3.6991 -4.6406 0 0 0 0
1629013147.840000153 13.3431 3.7137 -4.6408 0 0 0 0
1629013147.980000019 13.4187 3.7186 -4.6406 0 0 0 0
1629013148.090000153 13.4584 3.7187 -4.6401 0 0 0 0
1629013148.220000029 13.5158 3.7252 -4.6395 0 0 0 0
1629013148.440000057 13.6075 3.7386 -4.6404 0 0 0 0
1629013148.550000191 13.6654 3.7379 -4.6394 0 0 0 0
1629013148.680000067 13.7441 3.7389 -4.6399 0 0 0 0
1629013148.870000124 13.8202 3.7488 -4.6406 0 0 0 0
1629013148.970000029 13.8804 3.7492 -4.6407 0 0 0 0
1629013149.090000153 13.9205 3.7432 -4.6410 0 0 0 0
1629013149.250000000 14.0155 3.7296 -4.6403 0 0 0 0
1629013149.370000124 14.0538 3.7296 -4.6406 0 0 0 0
1629013149.570000172 14.1112 3.7256 -4.6408 0 0 0 0
1629013149.680000067 14.1872 3.7037 -4.6409 0 0 0 0
1629013149.890000105 14.2857 3.6852 -4.6414 0 0 0 0
1629013149.990000010 14.3249 3.6800 -4.6416 0 0 0 0
1629013150.120000124 14.3803 3.6628 -4.6412 0 0 0 0
1629013150.390000105 14.5087 3.6108 -4.6415 0 0 0 0
1629013150.500000000 14.5475 3.6012 -4.6413 0 0 0 0
1629013150.620000124 14.6022 3.5787 -4.6415 0 0 0 0
1629013150.790000200 14.6876 3.5331 -4.6416 0 0 0 0
1629013150.970000029 14.7591 3.4990 -4.6418 0 0 0 0
1629013151.120000124 14.7938 3.4771 -4.6418 0 0 0 0
1629013151.290000200 14.8712 3.4250 -4.6417 0 0 0 0
1629013151.450000048 14.9537 3.3690 -4.6414 0 0 0 0
1629013151.620000124 14.9841 3.3469 -4.6414 0 0 0 0
1629013151.770000219 15.0146 3.3242 -4.6413 0 0 0 0
1629013151.890000105 15.0921 3.2638 -4.6416 0 0 0 0
1629013152.009999990 15.1322 3.2217 -4.6413 0 0 0 0
1629013152.220000029 15.1870 3.1619 -4.6416 0 0 0 0
1629013152.509999990 15.2562 3.0985 -4.6408 0 0 0 0
1629013152.680000067 15.3189 3.0176 -4.6407 0 0 0 0
1629013152.830000162 15.3722 2.9602 -4.6405 0 0 0 0
1629013152.960000038 15.3971 2.9322 -4.6404 0 0 0 0
1629013153.190000057 15.4642 2.8140 -4.6399 0 0 0 0
1629013153.320000172 15.4978 2.7632 -4.6398 0 0 0 0
1629013153.460000038 15.5386 2.6958 -4.6399 0 0 0 0
1629013153.580000162 15.5638 2.6430 -4.6397 0 0 0 0
1629013153.720000029 15.5805 2.6105 -4.6396 0 0 0 0
1629013153.860000134 15.6055 2.5588 -4.6399 0 0 0 0
1629013153.960000038 15.6206 2.5242 -4.6396 0 0 0 0
1629013154.090000153 15.6528 2.4347 -4.6387 0 0 0 0
1629013154.259999990 15.6802 2.3653 -4.6387 0 0 0 0
1629013154.430000067 15.6947 2.3105 -4.6388 0 0 0 0
1629013154.580000162 15.7022 2.2736 -4.6384 0 0 0 0
1629013154.740000010 15.7292 2.1808 -4.6392 0 0 0 0
1629013154.890000105 15.7388 2.1456 -4.6387 0 0 0 0
1629013155.140000105 15.7502 2.0116 -4.6385 0 0 0 0
1629013155.320000172 15.7680 1.9179 -4.6378 0 0 0 0
1629013155.440000057 15.7680 1.9179 -4.6378 0 0 0 0
1629013155.580000162 15.7649 1.7807 -4.6376 0 0 0 0
1629013155.690000057 15.7654 1.7387 -4.6373 0 0 0 0
1629013155.870000124 15.7589 1.6406 -4.6371 0 0 0 0
1629013155.980000019 15.7515 1.6002 -4.6366 0 0 0 0
1629013156.080000162 15.7436 1.5613 -4.6365 0 0 0 0
1629013156.290000200 15.7245 1.4398 -4.6366 0 0 0 0
1629013156.450000048 15.7151 1.3982 -4.6363 0 0 0 0
1629013156.580000162 15.6957 1.3175 -4.6366 0 0 0 0
1629013156.820000172 15.6588 1.2224 -4.6365 0 0 0 0
1629013156.970000029 15.6395 1.1831 -4.6360 0 0 0 0
1629013157.160000086 15.5994 1.0860 -4.6360 0 0 0 0
1629013157.310000181 15.5628 1.0144 -4.6349 0 0 0 0
1629013157.420000076 15.5295 0.9686 -4.6344 0 0 0 0
1629013157.550000191 15.5110 0.9345 -4.6343 0 0 0 0
1629013157.720000029 15.4864 0.8573 -4.6345 0 0 0 0
1629013157.860000134 15.4603 0.8101 -4.6342 0 0 0 0
1629013157.980000019 15.4533 0.7992 -4.6344 0 0 0 0
1629013158.120000124 15.4503 0.7897 -4.6338 0 0 0 0
1629013158.360000134 15.4560 0.7914 -4.6346 0 0 0 0
1629013158.500000000 15.4580 0.8102 -4.6346 0 0 0 0
1629013158.670000076 15.4744 0.8463 -4.6345 0 0 0 0
1629013158.780000210 15.4896 0.8818 -4.6352 0 0 0 0
1629013158.900000095 15.5003 0.9129 -4.6359 0 0 0 0
1629013159.070000172 15.5306 1.0097 -4.6357 0 0 0 0
1629013159.180000067 15.5474 1.0493 -4.6363 0 0 0 0
1629013159.310000181 15.5671 1.0893 -4.6376 0 0 0 0
1629013159.480000019 15.6351 1.2175 -4.6375 0 0 0 0
1629013159.660000086 15.6997 1.3505 -4.6385 0 0 0 0
1629013159.759999990 15.7381 1.4072 -4.6380 0 0 0 0
1629013159.890000105 15.7744 1.4567 -4.6381 0 0 0 0
1629013160.009999990 15.8482 1.5528 -4.6384 0 0 0 0
1629013160.180000067 15.9284 1.6390 -4.6384 0 0 0 0
1629013160.400000095 16.0087 1.7068 -4.6390 0 0 0 0
1629013160.550000191 16.0454 1.7389 -4.6389 0 0 0 0
1629013160.730000019 16.1104 1.7956 -4.6393 0 0 0 0
1629013160.890000105 16.1352 1.8202 -4.6390 0 0 0 0
1629013160.990000010 16.1336 1.8200 -4.6393 0 0 0 0
1629013161.130000114 16.1275 1.8128 -4.6396 0 0 0 0
1629013161.270000219 16.1086 1.7923 -4.6394 0 0 0 0
1629013161.370000124 16.0971 1.7832 -4.6396 0 0 0 0
1629013161.500000000 16.0778 1.7687 -4.6391 0 0 0 0
1629013161.610000134 16.0629 1.7570 -4.6387 0 0 0 0
1629013161.770000219 16.0155 1.7184 -4.6386 0 0 0 0
1629013161.950000048 15.9934 1.7019 -4.6391 0 0 0 0
1629013162.210000038 15.9324 1.6588 -4.6386 0 0 0 0
1629013162.430000067 15.8411 1.5968 -4.6374 0 0 0 0
1629013162.580000162 15.7833 1.5651 -4.6374 0 0 0 0
1629013162.700000048 15.7397 1.5387 -4.6379 0 0 0 0
1629013162.870000124 15.6819 1.5087 -4.6381 0 0 0 0
1629013163.070000172 15.5996 1.4798 -4.6377 0 0 0 0
1629013163.210000038 15.5747 1.4695 -4.6374 0 0 0 0
1629013163.310000181 15.5505 1.4585 -4.6372 0 0 0 0
1629013163.470000029 15.4888 1.4375 -4.6374 0 0 0 0
1629013163.590000153 15.4631 1.4302 -4.6368 0 0 0 0
1629013163.710000038 15.4408 1.4231 -4.6364 0 0 0 0
1629013163.870000124 15.3993 1.4081 -4.6368 0 0 0 0
1629013164.060000181 15.3517 1.3947 -4.6363 0 0 0 0
1629013164.190000057 15.3194 1.3845 -4.6336 0 0 0 0
1629013164.400000095 15.2764 1.3780 -4.6360 0 0 0 0
1629013164.590000153 15.2144 1.3685 -4.6361 0 0 0 0
1629013164.700000048 15.1879 1.3650 -4.6359 0 0 0 0
1629013164.880000114 15.1129 1.3548 -4.6362 0 0 0 0
1629013164.980000019 15.0828 1.3513 -4.6360 0 0 0 0
1629013165.150000095 15.0312 1.3478 -4.6356 0 0 0 0
1629013165.300000191 14.9569 1.3468 -4.6357 0 0 0 0
1629013165.480000019 14.8593 1.3408 -4.6366 0 0 0 0
1629013165.650000095 14.7611 1.3507 -4.6366 0 0 0 0
1629013165.770000219 14.7224 1.3597 -4.6364 0 0 0 0
1629013165.890000105 14.6848 1.3667 -4.6365 0 0 0 0
1629013166.100000143 14.5864 1.3804 -4.6370 0 0 0 0
1629013166.280000210 14.4966 1.4038 -4.6373 0 0 0 0
1629013166.400000095 14.4617 1.4129 -4.6374 0 0 0 0
1629013166.560000181 14.4258 1.4228 -4.6378 0 0 0 0
1629013166.710000038 14.3422 1.4540 -4.6378 0 0 0 0
1629013166.860000134 14.2931 1.4749 -4.6378 0 0 0 0
1629013166.990000010 14.2605 1.4889 -4.6373 0 0 0 0
1629013167.120000124 14.1835 1.5280 -4.6375 0 0 0 0
1629013167.270000219 14.1552 1.5460 -4.6377 0 0 0 0
1629013167.390000105 14.0941 1.5791 -4.6383 0 0 0 0
1629013167.580000162 14.0213 1.6223 -4.6388 0 0 0 0
1629013167.720000029 13.9964 1.6432 -4.6387 0 0 0 0
1629013167.850000143 13.9341 1.6963 -4.6388 0 0 0 0
1629013167.970000029 13.9068 1.7163 -4.6391 0 0 0 0
1629013168.100000143 13.8652 1.7437 -4.6390 0 0 0 0
1629013168.220000029 13.8395 1.7648 -4.6390 0 0 0 0
1629013168.440000057 13.7756 1.8185 -4.6395 0 0 0 0
1629013168.570000172 13.7470 1.8403 -4.6400 0 0 0 0
1629013168.700000048 13.6760 1.8958 -4.6405 0 0 0 0
1629013168.860000134 13.6222 1.9431 -4.6404 0 0 0 0
1629013168.970000029 13.5799 1.9752 -4.6401 0 0 0 0
1629013169.070000172 13.5486 1.9965 -4.6405 0 0 0 0
1629013169.180000067 13.5177 2.0173 -4.6402 0 0 0 0
1629013169.320000172 13.4725 2.0461 -4.6397 0 0 0 0
1629013169.490000010 13.4056 2.0910 -4.6393 0 0 0 0
1629013169.590000153 13.3574 2.1213 -4.6395 0 0 0 0
1629013169.740000010 13.3223 2.1399 -4.6397 0 0 0 0
1629013169.880000114 13.2340 2.1900 -4.6396 0 0 0 0
1629013169.990000010 13.1997 2.2112 -4.6394 0 0 0 0
1629013170.120000124 13.1645 2.2331 -4.6396 0 0 0 0
1629013170.250000000 13.0685 2.2779 -4.6393 0 0 0 0
1629013170.380000114 13.0109 2.3012 -4.6393 0 0 0 0
1629013170.500000000 12.9713 2.3216 -4.6390 0 0 0 0
1629013170.680000067 12.8705 2.3672 -4.6398 0 0 0 0
1629013170.850000143 12.8044 2.3861 -4.6399 0 0 0 0
1629013170.980000019 12.7220 2.4214 -4.6399 0 0 0 0
1629013171.120000124 12.6803 2.4397 -4.6398 0 0 0 0
1629013171.259999990 12.5701 2.4677 -4.6394 0 0 0 0
1629013171.380000114 12.5249 2.4800 -4.6395 0 0 0 0
1629013171.530000210 12.4792 2.4962 -4.6398 0 0 0 0
1629013171.690000057 12.3562 2.5273 -4.6401 0 0 0 0
1629013171.800000191 12.3070 2.5340 -4.6406 0 0 0 0
1629013171.980000019 12.1869 2.5595 -4.6400 0 0 0 0
1629013172.110000134 12.1422 2.5676 -4.6402 0 0 0 0
1629013172.240000010 12.0184 2.5827 -4.6404 0 0 0 0
1629013172.540000200 11.8976 2.5945 -4.6409 0 0 0 0
1629013172.700000048 11.7972 2.5978 -4.6409 0 0 0 0
1629013172.910000086 11.6737 2.5993 -4.6407 0 0 0 0
1629013173.060000181 11.5492 2.5996 -4.6401 0 0 0 0
1629013173.180000067 11.5014 2.5966 -4.6401 0 0 0 0
1629013173.330000162 11.4288 2.5902 -4.6402 0 0 0 0
1629013173.490000010 11.3280 2.5775 -4.6400 0 0 0 0
1629013173.670000076 11.2083 2.5590 -4.6396 0 0 0 0
1629013173.780000210 11.1629 2.5515 -4.6395 0 0 0 0
1629013173.920000076 11.0899 2.5320 -4.6398 0 0 0 0
1629013174.060000181 10.9995 2.5037 -4.6399 0 0 0 0
1629013174.220000029 10.9279 2.4854 -4.6404 0 0 0 0
1629013174.390000105 10.8362 2.4487 -4.6412 0 0 0 0
1629013174.560000181 10.7198 2.4053 -4.6412 0 0 0 0
1629013174.700000048 10.6720 2.3867 -4.6408 0 0 0 0
1629013174.800000191 10.6112 2.3536 -4.6414 0 0 0 0
1629013174.960000038 10.5689 2.3273 -4.6402 0 0 0 0
1629013175.080000162 10.4667 2.2656 -4.6410 0 0 0 0
1629013175.270000219 10.3844 2.2164 -4.6411 0 0 0 0
1629013175.460000038 10.2830 2.1406 -4.6418 0 0 0 0
1629013175.580000162 10.2211 2.0978 -4.6421 0 0 0 0
1629013175.720000029 10.1819 2.0681 -4.6418 0 0 0 0
1629013175.870000124 10.0876 1.9883 -4.6418 0 0 0 0
1629013176.060000181 10.0030 1.9281 -4.6421 0 0 0 0
1629013176.180000067 9.9396 1.8820 -4.6414 0 0 0 0
1629013176.400000095 9.8492 1.8221 -4.6413 0 0 0 0
1629013176.560000181 9.7423 1.7567 -4.6400 0 0 0 0
1629013176.680000067 9.6978 1.7299 -4.6405 0 0 0 0
1629013176.840000153 9.5791 1.6711 -4.6403 0 0 0 0
1629013177.030000210 9.5045 1.6405 -4.6399 0 0 0 0
1629013177.140000105 9.4553 1.6224 -4.6399 0 0 0 0
1629013177.280000210 9.3570 1.5905 -4.6391 0 0 0 0
1629013177.450000048 9.2335 1.5518 -4.6390 0 0 0 0
1629013177.560000181 9.1857 1.5394 -4.6388 0 0 0 0
1629013177.690000057 9.1071 1.5259 -4.6386 0 0 0 0
1629013177.860000134 8.9969 1.5197 -4.6381 0 0 0 0
1629013177.970000029 8.9222 1.5147 -4.6368 0 0 0 0
1629013178.090000153 8.8717 1.5120 -4.6368 0 0 0 0
1629013178.200000048 8.8169 1.5124 -4.6369 0 0 0 0
1629013178.410000086 8.6834 1.5196 -4.6363 0 0 0 0
1629013178.530000210 8.6288 1.5257 -4.6365 0 0 0 0
1629013178.680000067 8.4879 1.5550 -4.6373 0 0 0 0
1629013178.800000191 8.4320 1.5717 -4.6378 0 0 0 0
1629013178.950000048 8.3510 1.5954 -4.6381 0 0 0 0
1629013179.070000172 8.2385 1.6327 -4.6385 0 0 0 0
1629013179.190000057 8.1587 1.6733 -4.6382 0 0 0 0
1629013179.380000114 8.0595 1.7270 -4.6377 0 0 0 0
1629013179.500000000 8.0082 1.7565 -4.6380 0 0 0 0
1629013179.670000076 7.8854 1.8407 -4.6389 0 0 0 0
1629013179.770000219 7.8423 1.8778 -4.6387 0 0 0 0
1629013179.900000095 7.7803 1.9393 -4.6386 0 0 0 0
1629013180.080000162 7.6776 2.0404 -4.6385 0 0 0 0
1629013180.200000048 7.6415 2.0835 -4.6388 0 0 0 0
1629013180.440000057 7.5573 2.2059 -4.6387 0 0 0 0
1629013180.580000162 7.5253 2.2567 -4.6387 0 0 0 0
1629013180.750000000 7.4589 2.3504 -4.6385 0 0 0 0
1629013180.930000067 7.3649 2.4755 -4.6381 0 0 0 0
1629013181.120000124 7.2736 2.5981 -4.6375 0 0 0 0
1629013181.230000019 7.2166 2.6682 -4.6369 0 0 0 0
1629013181.390000105 7.1293 2.7501 -4.6362 0 0 0 0
1629013181.520000219 7.0590 2.8113 -4.6363 0 0 0 0
1629013181.670000076 6.9696 2.8936 -4.6363 0 0 0 0
1629013181.790000200 6.9233 2.9371 -4.6364 0 0 0 0
1629013181.940000057 6.8559 2.9909 -4.6361 0 0 0 0
1629013182.100000143 6.7521 3.0589 -4.6351 0 0 0 0
1629013182.220000029 6.6793 3.1035 -4.6346 0 0 0 0
1629013182.380000114 6.5732 3.1696 -4.6349 0 0 0 0
1629013182.610000134 6.4471 3.2432 -4.6329 0 0 0 0
1629013182.759999990 6.3929 3.2662 -4.6333 0 0 0 0
1629013182.940000057 6.2639 3.3221 -4.6321 0 0 0 0
1629013183.080000162 6.1307 3.3880 -4.6324 0 0 0 0
1629013183.200000048 6.0872 3.4110 -4.6322 0 0 0 0
1629013183.330000162 6.0454 3.4363 -4.6326 0 0 0 0
1629013183.460000038 5.9659 3.4944 -4.6326 0 0 0 0
1629013183.570000172 5.9404 3.5106 -4.6330 0 0 0 0
1629013183.680000067 5.9248 3.5220 -4.6329 0 0 0 0
1629013183.850000143 5.9323 3.5183 -4.6330 0 0 0 0
1629013183.960000038 5.9513 3.5022 -4.6332 0 0 0 0
1629013184.110000134 5.9670 3.4884 -4.6330 0 0 0 0
1629013184.259999990 6.0375 3.4343 -4.6334 0 0 0 0
1629013184.440000057 6.0945 3.3928 -4.6336 0 0 0 0
1629013184.550000191 6.1370 3.3610 -4.6339 0 0 0 0
1629013184.690000057 6.2373 3.2966 -4.6341 0 0 0 0
1629013184.870000124 6.3892 3.2271 -4.6342 0 0 0 0
1629013185.060000181 6.5250 3.1758 -4.6360 0 0 0 0
1629013185.250000000 6.7088 3.1327 -4.6351 0 0 0 0
1629013185.370000124 6.7818 3.1220 -4.6353 0 0 0 0
1629013185.490000010 6.8890 3.1126 -4.6355 0 0 0 0
1629013185.600000143 6.9592 3.1135 -4.6354 0 0 0 0
1629013185.730000019 7.0447 3.1235 -4.6352 0 0 0 0
1629013185.860000134 7.0957 3.1342 -4.6344 0 0 0 0
1629013186.009999990 7.1678 3.1519 -4.6314 0 0 0 0
1629013186.160000086 7.1694 3.1505 -4.6310 0 0 0 0
1629013186.280000210 7.1369 3.1460 -4.6325 0 0 0 0
1629013186.440000057 7.1154 3.1431 -4.6311 0 0 0 0
1629013186.550000191 7.0877 3.1404 -4.6318 0 0 0 0
1629013186.670000076 6.9896 3.1173 -4.6325 0 0 0 0
1629013186.860000134 6.9255 3.1020 -4.6326 0 0 0 0
1629013186.990000010 6.8242 3.0860 -4.6328 0 0 0 0
1629013187.190000057 6.7209 3.0540 -4.6337 0 0 0 0
1629013187.370000124 6.6536 3.0261 -4.6336 0 0 0 0
1629013187.550000191 6.5380 2.9723 -4.6345 0 0 0 0
1629013187.690000057 6.4585 2.9285 -4.6347 0 0 0 0
1629013187.800000191 6.3987 2.8980 -4.6350 0 0 0 0
1629013187.960000038 6.3627 2.8783 -4.6354 0 0 0 0
1629013188.060000181 6.3298 2.8576 -4.6350 0 0 0 0
1629013188.350000143 6.2077 2.7632 -4.6346 0 0 0 0
1629013188.560000181 6.1469 2.7138 -4.6347 0 0 0 0
1629013188.660000086 6.0747 2.6434 -4.6353 0 0 0 0
1629013188.770000219 6.0487 2.6119 -4.6351 0 0 0 0
1629013188.920000076 6.0217 2.5837 -4.6355 0 0 0 0
1629013189.100000143 5.9487 2.5071 -4.6345 0 0 0 0
1629013189.270000219 5.8901 2.4158 -4.6349 0 0 0 0
1629013189.380000114 5.8639 2.3807 -4.6347 0 0 0 0
1629013189.550000191 5.8360 2.3448 -4.6354 0 0 0 0
1629013189.650000095 5.7993 2.2839 -4.6349 0 0 0 0
1629013189.759999990 5.7795 2.2422 -4.6346 0 0 0 0
1629013189.900000095 5.7515 2.1726 -4.6351 0 0 0 0
1629013190.060000181 5.6864 2.0197 -4.6341 0 0 0 0
1629013190.170000076 5.6701 1.9758 -4.6345 0 0 0 0
1629013190.280000210 5.6567 1.9247 -4.6340 0 0 0 0
1629013190.420000076 5.6473 1.8789 -4.6338 0 0 0 0
1629013190.550000191 5.6220 1.7536 -4.6339 0 0 0 0
1629013190.660000086 5.6163 1.6786 -4.6338 0 0 0 0
1629013190.780000210 5.6143 1.6307 -4.6336 0 0 0 0
1629013190.930000067 5.6101 1.5824 -4.6330 0 0 0 0
1629013191.030000210 5.6051 1.5333 -4.6329 0 0 0 0
1629013191.230000019 5.6060 1.4085 -4.6329 0 0 0 0
1629013191.340000153 5.6124 1.3576 -4.6328 0 0 0 0
1629013191.470000029 5.6346 1.2282 -4.6326 0 0 0 0
1629013191.650000095 5.6620 1.1010 -4.6331 0 0 0 0
1629013191.780000210 5.6758 1.0528 -4.6324 0 0 0 0
1629013191.920000076 5.6981 0.9797 -4.6331 0 0 0 0
1629013192.030000210 5.7255 0.9074 -4.6326 0 0 0 0
1629013192.140000105 5.7505 0.8586 -4.6323 0 0 0 0
1629013192.300000191 5.7967 0.7670 -4.6316 0 0 0 0
1629013192.460000038 5.8221 0.7174 -4.6325 0 0 0 0
1629013192.600000143 5.8660 0.6524 -4.6324 0 0 0 0
1629013192.810000181 5.9302 0.5661 -4.6324 0 0 0 0
1629013192.990000010 6.0705 0.3997 -4.6329 0 0 0 0
1629013193.170000076 6.1510 0.3304 -4.6327 0 0 0 0
1629013193.300000191 6.2170 0.2798 -4.6338 0 0 0 0
1629013193.410000086 6.2632 0.2500 -4.6345 0 0 0 0
1629013193.630000114 6.3806 0.1688 -4.6343 0 0 0 0
1629013193.770000219 6.4297 0.1392 -4.6346 0 0 0 0
1629013193.910000086 6.5577 0.0851 -4.6347 0 0 0 0
1629013194.130000114 6.6682 0.0494 -4.6355 0 0 0 0
1629013194.240000010 6.7484 0.0220 -4.6360 0 0 0 0
1629013194.410000086 6.8865 -0.0117 -4.6359 0 0 0 0
1629013194.540000200 6.9447 -0.0202 -4.6358 0 0 0 0
1629013194.690000057 7.0546 -0.0249 -4.6351 0 0 0 0
1629013194.800000191 7.1380 -0.0301 -4.6358 0 0 0 0
1629013194.970000029 7.1978 -0.0308 -4.6360 0 0 0 0
1629013195.110000134 7.3398 -0.0161 -4.6352 0 0 0 0
1629013195.230000019 7.4234 -0.0024 -4.6348 0 0 0 0
1629013195.380000114 7.5334 0.0200 -4.6352 0 0 0 0
1629013195.490000010 7.5897 0.0336 -4.6347 0 0 0 0
1629013195.610000134 7.6430 0.0512 -4.6348 0 0 0 0
1629013195.730000019 7.7260 0.0847 -4.6350 0 0 0 0
1629013195.860000134 7.7798 0.1108 -4.6349 0 0 0 0
1629013196.040000200 7.9019 0.1746 -4.6348 0 0 0 0
1629013196.220000029 8.0272 0.2468 -4.6348 0 0 0 0
1629013196.370000124 8.0746 0.2851 -4.6344 0 0 0 0
1629013196.509999990 8.1643 0.3636 -4.6347 0 0 0 0
1629013196.640000105 8.2650 0.4637 -4.6352 0 0 0 0
1629013196.750000000 8.3061 0.5076 -4.6349 0 0 0 0
1629013196.890000105 8.3425 0.5512 -4.6351 0 0 0 0
1629013197.070000172 8.4241 0.6742 -4.6348 0 0 0 0
1629013197.259999990 8.4670 0.7463 -4.6351 0 0 0 0
1629013197.430000067 8.5008 0.7996 -4.6357 0 0 0 0
1629013197.550000191 8.5608 0.9051 -4.6359 0 0 0 0
1629013197.690000057 8.6110 0.9887 -4.6357 0 0 0 0
1629013197.850000143 8.6407 1.0404 -4.6361 0 0 0 0
1629013198.040000200 8.7662 1.2333 -4.6369 0 0 0 0
1629013198.240000010 8.8589 1.3560 -4.6372 0 0 0 0
1629013198.450000048 8.9602 1.4640 -4.6370 0 0 0 0
1629013198.630000114 9.0413 1.5469 -4.6381 0 0 0 0
1629013198.750000000 9.1048 1.6028 -4.6385 0 0 0 0
1629013198.860000134 9.1480 1.6370 -4.6382 0 0 0 0
1629013199.110000134 9.3004 1.7519 -4.6385 0 0 0 0
1629013199.259999990 9.3579 1.7929 -4.6385 0 0 0 0
1629013199.440000057 9.4374 1.8445 -4.6392 0 0 0 0
1629013199.640000105 9.4952 1.8768 -4.6391 0 0 0 0
1629013199.790000200 9.6231 1.9392 -4.6396 0 0 0 0
1629013199.970000029 9.6938 1.9741 -4.6397 0 0 0 0
1629013200.100000143 9.7497 1.9971 -4.6402 0 0 0 0
1629013200.210000038 9.7851 2.0125 -4.6406 0 0 0 0
1629013200.430000067 9.8574 2.0463 -4.6406 0 0 0 0
1629013200.550000191 9.9128 2.0627 -4.6407 0 0 0 0
1629013200.680000067 10.0125 2.0866 -4.6410 0 0 0 0
1629013200.800000191 10.0497 2.1014 -4.6409 0 0 0 0
1629013200.950000048 10.0875 2.1161 -4.6414 0 0 0 0
1629013201.090000153 10.1457 2.1331 -4.6408 0 0 0 0
1629013201.280000210 10.2795 2.1827 -4.6410 0 0 0 0
1629013201.460000038 10.3543 2.2178 -4.6406 0 0 0 0
1629013201.600000143 10.4110 2.2376 -4.6403 0 0 0 0
1629013201.770000219 10.4859 2.2739 -4.6405 0 0 0 0
1629013201.890000105 10.5348 2.3084 -4.6400 0 0 0 0
1629013201.990000010 10.5695 2.3300 -4.6399 0 0 0 0
1629013202.110000134 10.6052 2.3495 -4.6400 0 0 0 0
1629013202.410000086 10.7178 2.4361 -4.6403 0 0 0 0
1629013202.540000200 10.7716 2.4718 -4.6403 0 0 0 0
1629013202.720000029 10.8093 2.4928 -4.6403 0 0 0 0
1629013202.880000114 10.8944 2.5510 -4.6397 0 0 0 0
1629013203.040000200 10.9591 2.6022 -4.6390 0 0 0 0
1629013203.190000057 11.0084 2.6354 -4.6396 0 0 0 0
1629013203.300000191 11.0743 2.6881 -4.6396 0 0 0 0
1629013203.490000010 11.1580 2.7529 -4.6393 0 0 0 0
1629013203.660000086 11.2498 2.8178 -4.6397 0 0 0 0
1629013203.790000200 11.2823 2.8445 -4.6409 0 0 0 0
1629013203.920000076 11.3150 2.8722 -4.6412 0 0 0 0
1629013204.060000181 11.3991 2.9360 -4.6402 0 0 0 0
1629013204.190000057 11.4312 2.9628 -4.6405 0 0 0 0
1629013204.410000086 11.5076 3.0331 -4.6413 0 0 0 0
1629013204.550000191 11.5419 3.0586 -4.6416 0 0 0 0
1629013204.670000076 11.5964 3.0962 -4.6414 0 0 0 0
1629013204.790000200 11.6739 3.1648 -4.6419 0 0 0 0
1629013205.020000219 11.7509 3.2359 -4.6411 0 0 0 0
1629013205.170000076 11.8145 3.2919 -4.6414 0 0 0 0
1629013205.290000200 11.8594 3.3323 -4.6404 0 0 0 0
1629013205.400000095 11.8930 3.3595 -4.6409 0 0 0 0
1629013205.560000181 11.9300 3.3851 -4.6413 0 0 0 0
1629013205.680000067 12.0195 3.4393 -4.6406 0 0 0 0
1629013205.780000210 12.0535 3.4630 -4.6409 0 0 0 0
1629013205.950000048 12.0872 3.4858 -4.6406 0 0 0 0
1629013206.120000124 12.1793 3.5372 -4.6403 0 0 0 0
1629013206.259999990 12.2688 3.5895 -4.6409 0 0 0 0
1629013206.420000076 12.3088 3.6057 -4.6404 0 0 0 0
1629013206.550000191 12.3500 3.6178 -4.6403 0 0 0 0
1629013206.670000076 12.4511 3.6499 -4.6406 0 0 0 0
1629013206.800000191 12.4885 3.6644 -4.6401 0 0 0 0
1629013206.960000038 12.5456 3.6820 -4.6404 0 0 0 0
1629013207.180000067 12.6883 3.7126 -4.6406 0 0 0 0
1629013207.300000191 12.7287 3.7207 -4.6403 0 0 0 0
1629013207.430000067 12.7690 3.7255 -4.6401 0 0 0 0
1629013207.550000191 12.8725 3.7272 -4.6400 0 0 0 0
1629013207.660000086 12.9345 3.7317 -4.6403 0 0 0 0
1629013207.810000181 12.9761 3.7336 -4.6411 0 0 0 0
1629013207.930000067 13.0205 3.7334 -4.6410 0 0 0 0
1629013208.060000181 13.0618 3.7314 -4.6414 0 0 0 0
1629013208.190000057 13.1277 3.7267 -4.6416 0 0 0 0
1629013208.360000134 13.2120 3.7142 -4.6417 0 0 0 0
1629013208.520000219 13.3161 3.6963 -4.6412 0 0 0 0
1629013208.700000048 13.3510 3.6875 -4.6408 0 0 0 0
1629013208.860000134 13.4918 3.6418 -4.6412 0 0 0 0
1629013208.970000029 13.5551 3.6214 -4.6415 0 0 0 0
1629013209.140000105 13.5976 3.6038 -4.6408 0 0 0 0
1629013209.240000010 13.6536 3.5718 -4.6408 0 0 0 0
1629013209.390000105 13.7319 3.5318 -4.6413 0 0 0 0
1629013209.590000153 13.8289 3.4773 -4.6415 0 0 0 0
1629013209.750000000 13.8640 3.4499 -4.6417 0 0 0 0
1629013209.900000095 13.9559 3.3771 -4.6415 0 0 0 0
1629013210.080000162 14.0260 3.3110 -4.6418 0 0 0 0
1629013210.250000000 14.1021 3.2318 -4.6412 0 0 0 0
1629013210.380000114 14.1526 3.1805 -4.6411 0 0 0 0
1629013210.520000219 14.1854 3.1475 -4.6415 0 0 0 0
1629013210.690000057 14.2664 3.0584 -4.6413 0 0 0 0
1629013210.800000191 14.2956 3.0182 -4.6392 0 0 0 0
1629013210.930000067 14.3290 2.9788 -4.6409 0 0 0 0
1629013211.080000162 14.4180 2.8977 -4.6405 0 0 0 0
1629013211.180000067 14.4549 2.8660 -4.6412 0 0 0 0
1629013211.290000200 14.5171 2.8137 -4.6417 0 0 0 0
1629013211.420000076 14.5570 2.7879 -4.6414 0 0 0 0
1629013211.600000143 14.6565 2.7219 -4.6413 0 0 0 0
1629013211.750000000 14.6947 2.6935 -4.6415 0 0 0 0
1629013211.930000067 14.7999 2.6393 -4.6416 0 0 0 0
1629013212.090000153 14.9055 2.5941 -4.6413 0 0 0 0
1629013212.310000181 14.9889 2.5644 -4.6412 0 0 0 0
1629013212.470000029 15.0558 2.5425 -4.6416 0 0 0 0
1629013212.640000105 15.1427 2.5161 -4.6413 0 0 0 0
1629013212.830000162 15.2513 2.4927 -4.6415 0 0 0 0
1629013213.160000086 15.4009 2.4793 -4.6408 0 0 0 0
1629013213.270000219 15.5140 2.4703 -4.6412 0 0 0 0
1629013213.470000029 15.6033 2.4771 -4.6413 0 0 0 0
1629013213.580000162 15.6747 2.4786 -4.6407 0 0 0 0
1629013213.710000038 15.7198 2.4808 -4.6405 0 0 0 0
1629013213.850000143 15.8324 2.5013 -4.6404 0 0 0 0
1629013214.130000114 15.9517 2.5238 -4.6410 0 0 0 0
1629013214.400000095 16.0685 2.5635 -4.6410 0 0 0 0
1629013214.540000200 16.1543 2.6011 -4.6403 0 0 0 0
1629013214.750000000 16.2592 2.6439 -4.6396 0 0 0 0
1629013214.920000076 16.3420 2.6899 -4.6389 0 0 0 0
1629013215.080000162 16.4442 2.7527 -4.6387 0 0 0 0
1629013215.180000067 16.4875 2.7808 -4.6392 0 0 0 0
1629013215.350000143 16.5430 2.8260 -4.6389 0 0 0 0
1629013215.590000153 16.6726 2.9378 -4.6394 0 0 0 0
1629013215.700000048 16.7085 2.9741 -4.6395 0 0 0 0
1629013215.870000124 16.7938 3.0763 -4.6393 0 0 0 0
1629013216.060000181 16.8607 3.1585 -4.6399 0 0 0 0
1629013216.180000067 16.9092 3.2259 -4.6403 0 0 0 0
1629013216.420000076 16.9737 3.3403 -4.6404 0 0 0 0
1629013216.580000162 17.0016 3.3899 -4.6403 0 0 0 0
1629013216.690000057 17.0533 3.5147 -4.6412 0 0 0 0
1629013216.860000134 17.0924 3.6204 -4.6415 0 0 0 0
1629013216.980000019 17.1129 3.6998 -4.6418 0 0 0 0
1629013217.280000210 17.1457 3.8894 -4.6412 0 0 0 0
1629013217.480000019 17.1595 3.9993 -4.6417 0 0 0 0
1629013217.650000095 17.1594 4.1343 -4.6418 0 0 0 0
1629013217.759999990 17.1556 4.1933 -4.6417 0 0 0 0
1629013217.890000105 17.1471 4.2468 -4.6413 0 0 0 0
1629013218.080000162 17.1296 4.3888 -4.6412 0 0 0 0
1629013218.259999990 17.1018 4.5208 -4.6407 0 0 0 0
1629013218.380000114 17.0849 4.5752 -4.6399 0 0 0 0
1629013218.509999990 17.0688 4.6273 -4.6400 0 0 0 0
1629013218.690000057 17.0282 4.7613 -4.6400 0 0 0 0
1629013218.880000114 17.0032 4.8890 -4.6407 0 0 0 0
1629013218.990000010 16.9972 4.9313 -4.6401 0 0 0 0
1629013219.120000124 16.9910 4.9645 -4.6398 0 0 0 0
1629013219.270000219 16.9836 5.0319 -4.6406 0 0 0 0
1629013219.370000124 16.9843 5.0380 -4.6411 0 0 0 0
1629013219.530000210 16.9859 5.0275 -4.6410 0 0 0 0
1629013219.730000019 16.9877 4.9794 -4.6410 0 0 0 0
1629013219.920000076 16.9919 4.9141 -4.6413 0 0 0 0
1629013220.070000172 17.0076 4.7692 -4.6419 0 0 0 0
1629013220.220000029 17.0160 4.7099 -4.6418 0 0 0 0
1629013220.380000114 17.0461 4.5864 -4.6416 0 0 0 0
1629013220.500000000 17.0661 4.5231 -4.6422 0 0 0 0
1629013220.680000067 17.1284 4.3527 -4.6424 0 0 0 0
1629013220.780000210 17.1546 4.2828 -4.6427 0 0 0 0
1629013220.920000076 17.2036 4.1850 -4.6426 0 0 0 0
1629013221.050000191 17.2839 4.0593 -4.6425 0 0 0 0
1629013221.150000095 17.3455 3.9701 -4.6436 0 0 0 0
1629013221.250000000 17.3949 3.9035 -4.6432 0 0 0 0
1629013221.360000134 17.4662 3.8225 -4.6425 0 0 0 0
1629013221.470000029 17.5195 3.7695 -4.6424 0 0 0 0
1629013221.570000172 17.5753 3.7186 -4.6417 0 0 0 0
1629013221.670000076 17.6562 3.6444 -4.6424 0 0 0 0
1629013221.780000210 17.7106 3.5981 -4.6426 0 0 0 0
1629013221.970000029 17.8311 3.5226 -4.6420 0 0 0 0
1629013222.090000153 17.9180 3.4750 -4.6426 0 0 0 0
1629013222.259999990 18.0705 3.3890 -4.6421 0 0 0 0
1629013222.430000067 18.1298 3.3614 -4.6424 0 0 0 0
1629013222.680000067 18.2914 3.3195 -4.6416 0 0 0 0
1629013222.800000191 18.3522 3.3070 -4.6420 0 0 0 0
1629013222.990000010 18.5777 3.2703 -4.6416 0 0 0 0
1629013223.170000076 18.6371 3.2705 -4.6416 0 0 0 0
1629013223.300000191 18.8045 3.2620 -4.6411 0 0 0 0
1629013223.470000029 18.8659 3.2536 -4.6416 0 0 0 0
1629013223.610000134 18.9662 3.2337 -4.6409 0 0 0 0
1629013223.790000200 19.1589 3.1996 -4.6409 0 0 0 0
1629013223.900000095 19.2571 3.1805 -4.6403 0 0 0 0
1629013224.009999990 19.3139 3.1654 -4.6403 0 0 0 0
1629013224.150000095 19.4662 3.1074 -4.6401 0 0 0 0
1629013224.259999990 19.5221 3.0862 -4.6408 0 0 0 0
1629013224.390000105 19.6096 3.0529 -4.6401 0 0 0 0
1629013224.550000191 19.7491 2.9849 -4.6409 0 0 0 0
1629013224.660000086 19.8039 2.9498 -4.6408 0 0 0 0
1629013224.770000219 19.8582 2.9149 -4.6413 0 0 0 0
1629013224.930000067 19.9130 2.8799 -4.6420 0 0 0 0
1629013225.060000181 20.0717 2.7588 -4.6412 0 0 0 0
1629013225.220000029 20.1185 2.7148 -4.6409 0 0 0 0
1629013225.340000153 20.1645 2.6671 -4.6408 0 0 0 0
1629013225.480000019 20.2238 2.6029 -4.6420 0 0 0 0
1629013225.610000134 20.3107 2.4987 -4.6413 0 0 0 0
1629013225.780000210 20.3918 2.3646 -4.6404 0 0 0 0
1629013225.900000095 20.4276 2.2861 -4.6403 0 0 0 0
1629013226.020000219 20.4476 2.2387 -4.6407 0 0 0 0
1629013226.170000076 20.4777 2.1493 -4.6394 0 0 0 0
1629013226.410000086 20.4928 2.0913 -4.6389 0 0 0 0
1629013226.540000200 20.4942 2.0860 -4.6390 0 0 0 0
1629013226.660000086 20.4925 2.0913 -4.6398 0 0 0 0
1629013226.820000172 20.4821 2.1282 -4.6396 0 0 0 0
1629013226.960000038 20.4765 2.1503 -4.6397 0 0 0 0
1629013227.070000172 20.4595 2.2234 -4.6397 0 0 0 0
1629013227.190000057 20.4502 2.2611 -4.6399 0 0 0 0
1629013227.370000124 20.4296 2.3621 -4.6400 0 0 0 0
1629013227.600000143 20.4225 2.4079 -4.6404 0 0 0 0
1629013227.759999990 20.4177 2.6005 -4.6406 0 0 0 0
1629013227.880000114 20.4194 2.6493 -4.6406 0 0 0 0
1629013228.000000000 20.4235 2.7193 -4.6404 0 0 0 0
1629013228.110000134 20.4296 2.7716 -4.6407 0 0 0 0
1629013228.280000210 20.4446 2.8700 -4.6411 0 0 0 0
1629013228.430000067 20.4595 2.9425 -4.6410 0 0 0 0
1629013228.610000134 20.5001 3.0551 -4.6418 0 0 0 0
1629013228.759999990 20.5184 3.0992 -4.6414 0 0 0 0
1629013228.870000124 20.5379 3.1420 -4.6417 0 0 0 0
1629013229.020000219 20.5558 3.1839 -4.6417 0 0 0 0
1629013229.170000076 20.6046 3.3191 -4.6424 0 0 0 0
1629013229.330000162 20.6212 3.3615 -4.6422 0 0 0 0
1629013229.509999990 20.6355 3.4056 -4.6427 0 0 0 0
1629013229.620000124 20.6374 3.4188 -4.6436 0 0 0 0
1629013229.740000010 20.6351 3.4093 -4.6435 0 0 0 0
1629013229.880000114 20.6278 3.3707 -4.6436 0 0 0 0
1629013229.980000019 20.6204 3.3423 -4.6437 0 0 0 0
1629013230.100000143 20.6105 3.3056 -4.6435 0 0 0 0
1629013230.280000210 20.5831 3.1917 -4.6431 0 0 0 0
1629013230.440000057 20.5603 3.1040 -4.6416 0 0 0 0
1629013230.570000172 20.5128 2.9870 -4.6413 0 0 0 0
1629013230.670000076 20.4692 2.8983 -4.6423 0 0 0 0
1629013230.850000143 20.3783 2.7397 -4.6409 0 0 0 0
1629013230.990000010 20.3333 2.6776 -4.6399 0 0 0 0
1629013231.170000076 20.2443 2.5675 -4.6399 0 0 0 0
1629013231.300000191 20.1736 2.4918 -4.6400 0 0 0 0
1629013231.470000029 20.0778 2.4073 -4.6396 0 0 0 0
1629013231.580000162 20.0071 2.3611 -4.6394 0 0 0 0
1629013231.700000048 19.9667 2.3350 -4.6401 0 0 0 0
1629013231.800000191 19.9279 2.3074 -4.6407 0 0 0 0
1629013231.950000048 19.8680 2.2641 -4.6398 0 0 0 0
1629013232.150000095 19.7731 2.2167 -4.6407 0 0 0 0
1629013232.270000219 19.7259 2.1994 -4.6407 0 0 0 0
1629013232.430000067 19.7017 2.1878 -4.6405 0 0 0 0
1629013232.640000105 19.6466 2.1676 -4.6407 0 0 0 0
1629013232.800000191 19.5909 2.1603 -4.6416 0 0 0 0
1629013232.950000048 19.5661 2.1563 -4.6417 0 0 0 0
1629013233.060000181 19.5156 2.1457 -4.6417 0 0 0 0
1629013233.190000057 19.4755 2.1373 -4.6418 0 0 0 0
1629013233.380000114 19.4451 2.1321 -4.6413 0 0 0 0
1629013233.540000200 19.3694 2.1213 -4.6417 0 0 0 0
1629013233.650000095 19.3008 2.1099 -4.6419 0 0 0 0
1629013233.759999990 19.2406 2.1012 -4.6414 0 0 0 0
1629013233.860000134 19.1993 2.0935 -4.6412 0 0 0 0
1629013233.970000029 19.1330 2.0800 -4.6414 0 0 0 0
1629013234.120000124 19.0859 2.0705 -4.6419 0 0 0 0
1629013234.270000219 18.9661 2.0364 -4.6415 0 0 0 0
1629013234.400000095 18.9134 2.0159 -4.6407 0 0 0 0
1629013234.590000153 18.8129 1.9808 -4.6413 0 0 0 0
1629013234.750000000 18.6997 1.9379 -4.6409 0 0 0 0
1629013234.880000114 18.5752 1.8776 -4.6407 0 0 0 0
1629013235.000000000 18.5263 1.8515 -4.6403 0 0 0 0
1629013235.140000105 18.4251 1.7982 -4.6410 0 0 0 0
1629013235.259999990 18.3520 1.7507 -4.6415 0 0 0 0
1629013235.370000124 18.3053 1.7149 -4.6413 0 0 0 0
1629013235.500000000 18.2589 1.6758 -4.6408 0 0 0 0
1629013235.670000076 18.1568 1.5751 -4.6402 0 0 0 0
1629013235.780000210 18.1213 1.5302 -4.6399 0 0 0 0
1629013235.930000067 18.0882 1.4852 -4.6388 0 0 0 0
1629013236.060000181 18.0090 1.3744 -4.6369 0 0 0 0
1629013236.250000000 17.9174 1.2673 -4.6362 0 0 0 0
1629013236.420000076 17.8848 1.2262 -4.6364 0 0 0 0
1629013236.570000172 17.7942 1.1208 -4.6360 0 0 0 0
1629013236.670000076 17.7555 1.0840 -4.6356 0 0 0 0
1629013236.780000210 17.6935 1.0316 -4.6351 0 0 0 0
1629013236.930000067 17.6470 0.9928 -4.6341 0 0 0 0
1629013237.090000153 17.5337 0.9132 -4.6349 0 0 0 0
1629013237.280000210 17.4288 0.8526 -4.6340 0 0 0 0
1629013237.450000048 17.2941 0.7917 -4.6342 0 0 0 0
1629013237.650000095 17.2097 0.7676 -4.6336 0 0 0 0
1629013237.770000219 17.1559 0.7511 -4.6345 0 0 0 0
1629013237.880000114 17.0896 0.7334 -4.6342 0 0 0 0
1629013237.990000010 17.0238 0.7187 -4.6336 0 0 0 0
1629013238.090000153 16.9356 0.7023 -4.6331 0 0 0 0
1629013238.250000000 16.7765 0.6952 -4.6331 0 0 0 0
1629013238.570000172 16.5859 0.7145 -4.6337 0 0 0 0
1629013238.710000038 16.4294 0.7470 -4.6336 0 0 0 0
1629013238.920000076 16.2776 0.7962 -4.6336 0 0 0 0
1629013239.110000134 16.1889 0.8349 -4.6335 0 0 0 0
1629013239.270000219 16.0128 0.9319 -4.6355 0 0 0 0
1629013239.370000124 15.9225 0.9753 -4.6352 0 0 0 0
1629013239.500000000 15.8628 1.0018 -4.6357 0 0 0 0
1629013239.690000057 15.7144 1.0737 -4.6364 0 0 0 0
1629013239.790000200 15.6574 1.1045 -4.6363 0 0 0 0
1629013239.920000076 15.5675 1.1430 -4.6370 0 0 0 0
1629013240.070000172 15.4483 1.1731 -4.6374 0 0 0 0
1629013240.180000067 15.3546 1.1990 -4.6385 0 0 0 0
1629013240.370000124 15.2274 1.2381 -4.6383 0 0 0 0
1629013240.570000172 15.0712 1.2669 -4.6386 0 0 0 0
1629013240.700000048 15.0054 1.2718 -4.6377 0 0 0 0
1629013240.810000181 14.9113 1.2820 -4.6386 0 0 0 0
1629013240.980000019 14.7814 1.2857 -4.6394 0 0 0 0
1629013241.130000114 14.6910 1.2717 -4.6389 0 0 0 0
1629013241.240000010 14.6003 1.2535 -4.6390 0 0 0 0
1629013241.380000114 14.4745 1.2377 -4.6385 0 0 0 0
1629013241.500000000 14.4156 1.2323 -4.6389 0 0 0 0
1629013241.610000134 14.3214 1.2203 -4.6396 0 0 0 0
1629013241.740000010 14.2607 1.2114 -4.6394 0 0 0 0
1629013241.860000134 14.2007 1.2038 -4.6388 0 0 0 0
1629013242.040000200 14.0406 1.1966 -4.6386 0 0 0 0
1629013242.210000038 13.8867 1.1999 -4.6398 0 0 0 0
1629013242.370000124 13.8224 1.2014 -4.6391 0 0 0 0
1629013242.540000200 13.6728 1.2128 -4.6394 0 0 0 0
1629013242.770000219 13.4603 1.2460 -4.6397 0 0 0 0
1629013242.890000105 13.3990 1.2581 -4.6391 0 0 0 0
1629013243.080000162 13.2571 1.2944 -4.6398 0 0 0 0
1629013243.290000200 13.1162 1.3320 -4.6386 0 0 0 0
1629013243.620000124 12.9264 1.3840 -4.6398 0 0 0 0
1629013243.790000200 12.8742 1.4031 -4.6399 0 0 0 0
1629013243.900000095 12.7429 1.4526 -4.6400 0 0 0 0
1629013244.009999990 12.6939 1.4692 -4.6394 0 0 0 0
1629013244.210000038 12.5703 1.5067 -4.6401 0 0 0 0
1629013244.400000095 12.4774 1.5372 -4.6403 0 0 0 0
1629013244.570000172 12.3625 1.5807 -4.6408 0 0 0 0
1629013244.670000076 12.3185 1.5953 -4.6407 0 0 0 0
1629013244.780000210 12.2710 1.6103 -4.6407 0 0 0 0
1629013244.920000076 12.2097 1.6325 -4.6405 0 0 0 0
1629013245.070000172 12.1078 1.6732 -4.6409 0 0 0 0
1629013245.259999990 12.0325 1.6964 -4.6416 0 0 0 0
1629013245.410000086 11.9728 1.7166 -4.6413 0 0 0 0
1629013245.560000181 11.9364 1.7314 -4.6421 0 0 0 0
1629013245.750000000 11.8465 1.7575 -4.6421 0 0 0 0
1629013245.860000134 11.7722 1.7637 -4.6415 0 0 0 0
1629013246.050000191 11.6839 1.7749 -4.6415 0 0 0 0
1629013246.170000076 11.6464 1.7780 -4.6416 0 0 0 0
1629013246.280000210 11.5904 1.7762 -4.6421 0 0 0 0
1629013246.450000048 11.5525 1.7740 -4.6419 0 0 0 0
1629013246.560000181 11.5007 1.7759 -4.6421 0 0 0 0
1629013246.720000029 11.4342 1.7869 -4.6423 0 0 0 0
1629013246.860000134 11.3403 1.7865 -4.6419 0 0 0 0
1629013247.009999990 11.2885 1.7897 -4.6415 0 0 0 0
1629013247.140000105 11.2560 1.7962 -4.6416 0 0 0 0
1629013247.280000210 11.1845 1.8079 -4.6416 0 0 0 0
1629013247.400000095 11.1295 1.8133 -4.6416 0 0 0 0
1629013247.540000200 11.0764 1.8249 -4.6412 0 0 0 0
1629013247.690000057 11.0431 1.8350 -4.6413 0 0 0 0
1629013247.840000153 10.9732 1.8571 -4.6414 0 0 0 0
1629013247.990000010 10.8852 1.8875 -4.6414 0 0 0 0
1629013248.170000076 10.8532 1.9053 -4.6418 0 0 0 0
1629013248.400000095 10.7333 1.9655 -4.6416 0 0 0 0
1629013248.500000000 10.7000 1.9869 -4.6413 0 0 0 0
1629013248.680000067 10.6269 2.0442 -4.6423 0 0 0 0
1629013248.800000191 10.5952 2.0642 -4.6424 0 0 0 0
1629013248.960000038 10.5403 2.0934 -4.6423 0 0 0 0
1629013249.070000172 10.4746 2.1340 -4.6420 0 0 0 0
1629013249.180000067 10.4266 2.1645 -4.6422 0 0 0 0
1629013249.280000210 10.3911 2.1811 -4.6422 0 0 0 0
1629013249.460000038 10.3557 2.1958 -4.6423 0 0 0 0
1629013249.580000162 10.2662 2.2352 -4.6426 0 0 0 0
1629013249.820000172 10.1828 2.2811 -4.6430 0 0 0 0
1629013250.009999990 10.1486 2.2964 -4.6429 0 0 0 0
1629013250.160000086 10.0241 2.3524 -4.6428 0 0 0 0
1629013250.270000219 9.9905 2.3692 -4.6427 0 0 0 0
1629013250.410000086 9.9370 2.3904 -4.6425 0 0 0 0
1629013250.570000172 9.8677 2.4146 -4.6431 0 0 0 0
1629013250.670000076 9.8143 2.4386 -4.6430 0 0 0 0
1629013250.780000210 9.7803 2.4538 -4.6432 0 0 0 0
1629013250.890000105 9.7438 2.4693 -4.6429 0 0 0 0
1629013250.990000010 9.6913 2.4886 -4.6432 0 0 0 0
1629013251.110000134 9.6554 2.5020 -4.6430 0 0 0 0
1629013251.290000200 9.5677 2.5363 -4.6421 0 0 0 0
1629013251.480000019 9.4974 2.5606 -4.6419 0 0 0 0
1629013251.650000095 9.4063 2.5873 -4.6423 0 0 0 0
1629013251.759999990 9.3712 2.5989 -4.6424 0 0 0 0
1629013251.930000067 9.3190 2.6182 -4.6418 0 0 0 0
1629013252.060000181 9.2293 2.6500 -4.6418 0 0 0 0
1629013252.190000057 9.1933 2.6604 -4.6416 0 0 0 0
1629013252.400000095 9.1207 2.6809 -4.6410 0 0 0 0
1629013252.550000191 9.0681 2.6964 -4.6408 0 0 0 0
1629013252.660000086 9.0310 2.7085 -4.6406 0 0 0 0
1629013252.770000219 8.9951 2.7181 -4.6405 0 0 0 0
1629013252.900000095 8.8844 2.7428 -4.6403 0 0 0 0
1629013253.180000067 8.8107 2.7619 -4.6398 0 0 0 0
1629013253.310000181 8.7234 2.7836 -4.6400 0 0 0 0
1629013253.470000029 8.6872 2.7901 -4.6398 0 0 0 0
1629013253.690000057 8.6424 2.7973 -4.6394 0 0 0 0
1629013253.890000105 8.5946 2.8079 -4.6385 0 0 0 0
1629013254.030000210 8.5408 2.8169 -4.6388 0 0 0 0
1629013254.180000067 8.5340 2.8171 -4.6384 0 0 0 0
1629013254.370000124 8.5327 2.8193 -4.6390 0 0 0 0
1629013254.480000019 8.5364 2.8184 -4.6388 0 0 0 0
1629013254.660000086 8.5437 2.8164 -4.6390 0 0 0 0
1629013254.790000200 8.5498 2.8165 -4.6398 0 0 0 0
1629013254.940000057 8.5516 2.8157 -4.6396 0 0 0 0
1629013255.080000162 8.5522 2.8152 -4.6396 0 0 0 0
1629013255.210000038 8.5525 2.8157 -4.6395 0 0 0 0
1629013255.350000143 8.5517 2.8158 -4.6393 0 0 0 0
1629013255.470000029 8.5564 2.8143 -4.6389 0 0 0 0
1629013255.620000124 8.5727 2.8120 -4.6388 0 0 0 0
1629013255.820000172 8.6084 2.8075 -4.6381 0 0 0 0
1629013255.980000019 8.6271 2.8036 -4.6380 0 0 0 0
1629013256.160000086 8.7314 2.7922 -4.6395 0 0 0 0
1629013256.410000086 8.8218 2.7854 -4.6394 0 0 0 0
1629013256.570000172 8.9204 2.7784 -4.6395 0 0 0 0
1629013256.720000029 8.9619 2.7811 -4.6395 0 0 0 0
1629013256.880000114 9.0589 2.7885 -4.6395 0 0 0 0
1629013257.070000172 9.1375 2.7859 -4.6403 0 0 0 0
1629013257.190000057 9.1964 2.7917 -4.6401 0 0 0 0
1629013257.320000172 9.2337 2.8001 -4.6407 0 0 0 0
1629013257.460000038 9.3247 2.8141 -4.6398 0 0 0 0
1629013257.580000162 9.3635 2.8174 -4.6400 0 0 0 0
1629013257.730000019 9.4177 2.8288 -4.6394 0 0 0 0
1629013257.930000067 9.4930 2.8507 -4.6405 0 0 0 0
1629013258.110000134 9.5489 2.8651 -4.6403 0 0 0 0
1629013258.400000095 9.6913 2.9102 -4.6409 0 0 0 0
1629013258.520000219 9.7750 2.9463 -4.6411 0 0 0 0
1629013258.630000114 9.8143 2.9627 -4.6410 0 0 0 0
1629013258.780000210 9.8758 2.9896 -4.6407 0 0 0 0
1629013258.910000086 9.9540 3.0281 -4.6409 0 0 0 0
1629013259.080000162 10.0535 3.0861 -4.6402 0 0 0 0
1629013259.200000048 10.1117 3.1217 -4.6402 0 0 0 0
1629013259.320000172 10.1514 3.1490 -4.6402 0 0 0 0
1629013259.480000019 10.2220 3.2061 -4.6399 0 0 0 0
1629013259.590000153 10.2769 3.2488 -4.6401 0 0 0 0
1629013259.730000019 10.3189 3.2777 -4.6399 0 0 0 0
1629013260.000000000 10.4067 3.3552 -4.6396 0 0 0 0
1629013260.140000105 10.4580 3.4119 -4.6392 0 0 0 0
1629013260.410000086 10.5951 3.5677 -4.6388 0 0 0 0
1629013260.590000153 10.6771 3.6725 -4.6385 0 0 0 0
1629013260.790000200 10.7551 3.7906 -4.6379 0 0 0 0
1629013260.950000048 10.7807 3.8400 -4.6378 0 0 0 0
1629013261.070000172 10.8467 3.9637 -4.6384 0 0 0 0
1629013261.250000000 10.8921 4.0704 -4.6386 0 0 0 0
1629013261.350000143 10.9248 4.1553 -4.6373 0 0 0 0
1629013261.480000019 10.9444 4.2081 -4.6369 0 0 0 0
1629013261.680000067 11.0076 4.3747 -4.6368 0 0 0 0
1629013261.820000172 11.0304 4.4301 -4.6368 0 0 0 0
1629013262.000000000 11.0897 4.5695 -4.6352 0 0 0 0
1629013262.210000038 11.1498 4.6782 -4.6357 0 0 0 0
1629013262.370000124 11.1797 4.7254 -4.6354 0 0 0 0
1629013262.470000029 11.2714 4.8521 -4.6355 0 0 0 0
1629013262.630000114 11.3111 4.9013 -4.6350 0 0 0 0
1629013262.780000210 11.3738 4.9682 -4.6349 0 0 0 0
1629013262.900000095 11.4196 5.0089 -4.6345 0 0 0 0
1629013263.050000191 11.4622 5.0458 -4.6341 0 0 0 0
1629013263.280000210 11.6233 5.1739 -4.6344 0 0 0 0
1629013263.390000105 11.6765 5.2032 -4.6343 0 0 0 0
1629013263.590000153 11.8867 5.2965 -4.6330 0 0 0 0
1629013263.810000181 11.9967 5.3362 -4.6331 0 0 0 0
1629013264.000000000 12.1396 5.3603 -4.6332 0 0 0 0
1629013264.100000143 12.1944 5.3654 -4.6327 0 0 0 0
1629013264.250000000 12.3399 5.3793 -4.6335 0 0 0 0
1629013264.400000095 12.4262 5.3779 -4.6339 0 0 0 0
1629013264.550000191 12.5450 5.3608 -4.6346 0 0 0 0
1629013264.670000076 12.5996 5.3519 -4.6342 0 0 0 0
1629013264.810000181 12.6852 5.3358 -4.6347 0 0 0 0
1629013264.920000076 12.7446 5.3183 -4.6354 0 0 0 0
1629013265.070000172 12.8915 5.2651 -4.6361 0 0 0 0
1629013265.190000057 12.9421 5.2404 -4.6360 0 0 0 0
1629013265.360000134 12.9919 5.2107 -4.6359 0 0 0 0
1629013265.520000219 13.1218 5.1335 -4.6368 0 0 0 0
1629013265.640000105 13.1928 5.0866 -4.6372 0 0 0 0
1629013265.759999990 13.2355 5.0497 -4.6377 0 0 0 0
1629013265.900000095 13.3272 4.9497 -4.6379 0 0 0 0
1629013266.009999990 13.3624 4.9114 -4.6374 0 0 0 0
1629013266.190000057 13.3956 4.8753 -4.6379 0 0 0 0
1629013266.400000095 13.4933 4.7392 -4.6377 0 0 0 0
1629013266.520000219 13.5175 4.6990 -4.6378 0 0 0 0
1629013266.680000067 13.5671 4.5926 -4.6373 0 0 0 0
1629013266.780000210 13.5956 4.5250 -4.6378 0 0 0 0
1629013266.960000038 13.6288 4.4390 -4.6377 0 0 0 0
1629013267.160000086 13.6496 4.3675 -4.6379 0 0 0 0
1629013267.259999990 13.6670 4.2651 -4.6381 0 0 0 0
1629013267.380000114 13.6804 4.1867 -4.6374 0 0 0 0
1629013267.560000181 13.6923 4.0756 -4.6384 0 0 0 0
1629013267.690000057 13.6901 3.9876 -4.6387 0 0 0 0
1629013267.810000181 13.6843 3.9001 -4.6388 0 0 0 0
1629013267.920000076 13.6694 3.8127 -4.6380 0 0 0 0
1629013268.090000153 13.6504 3.7217 -4.6384 0 0 0 0
1629013268.200000048 13.6316 3.6281 -4.6394 0 0 0 0
1629013268.380000114 13.6002 3.4997 -4.6399 0 0 0 0
1629013268.500000000 13.5795 3.4356 -4.6401 0 0 0 0
1629013268.650000095 13.5368 3.2655 -4.6400 0 0 0 0
1629013268.800000191 13.5273 3.1581 -4.6400 0 0 0 0
1629013268.900000095 13.5254 3.0871 -4.6402 0 0 0 0
1629013269.080000162 13.5151 2.9452 -4.6404 0 0 0 0
1629013269.250000000 13.5185 2.7747 -4.6397 0 0 0 0
1629013269.360000134 13.5304 2.7033 -4.6401 0 0 0 0
1629013269.500000000 13.5506 2.6080 -4.6403 0 0 0 0
1629013269.680000067 13.5755 2.4775 -4.6399 0 0 0 0
1629013269.860000134 13.6189 2.3296 -4.6398 0 0 0 0
1629013269.980000019 13.6468 2.2727 -4.6394 0 0 0 0
1629013270.120000124 13.6741 2.2171 -4.6398 0 0 0 0
1629013270.280000210 13.7594 2.0543 -4.6394 0 0 0 0
1629013270.450000048 13.7923 2.0041 -4.6388 0 0 0 0
1629013270.570000172 13.8613 1.9106 -4.6388 0 0 0 0
1629013270.759999990 13.9178 1.8408 -4.6381 0 0 0 0
1629013270.900000095 13.9977 1.7502 -4.6388 0 0 0 0
1629013271.070000172 14.1129 1.6490 -4.6391 0 0 0 0
1629013271.250000000 14.2041 1.5585 -4.6389 0 0 0 0
1629013271.370000124 14.2649 1.4871 -4.6391 0 0 0 0
1629013271.509999990 14.3148 1.4280 -4.6389 0 0 0 0
1629013271.610000134 14.3448 1.3908 -4.6389 0 0 0 0
1629013271.820000172 14.3949 1.3134 -4.6398 0 0 0 0
1629013272.000000000 14.4079 1.2888 -4.6399 0 0 0 0
1629013272.170000076 14.3944 1.3112 -4.6397 0 0 0 0
1629013272.390000105 14.3875 1.3255 -4.6398 0 0 0 0
1629013272.550000191 14.3362 1.4048 -4.6395 0 0 0 0
1629013272.740000010 14.3052 1.4535 -4.6395 0 0 0 0
1629013272.850000143 14.2832 1.4881 -4.6396 0 0 0 0
1629013272.990000010 14.2155 1.5830 -4.6406 0 0 0 0
1629013273.120000124 14.1803 1.6246 -4.6414 0 0 0 0
1629013273.280000210 14.1278 1.6838 -4.6419 0 0 0 0
1629013273.410000086 14.0490 1.7607 -4.6426 0 0 0 0
1629013273.550000191 14.0039 1.7953 -4.6425 0 0 0 0
1629013273.690000057 13.8897 1.8752 -4.6426 0 0 0 0
1629013273.800000191 13.8169 1.9236 -4.6427 0 0 0 0
1629013273.910000086 13.7694 1.9519 -4.6430 0 0 0 0
1629013274.100000143 13.7160 1.9783 -4.6428 0 0 0 0
1629013274.270000219 13.5840 2.0223 -4.6425 0 0 0 0
1629013274.440000057 13.4829 2.0545 -4.6428 0 0 0 0
1629013274.540000200 13.3993 2.0741 -4.6424 0 0 0 0
1629013274.670000076 13.2686 2.0896 -4.6423 0 0 0 0
1629013274.790000200 13.2140 2.0915 -4.6417 0 0 0 0
1629013274.960000038 13.1127 2.0944 -4.6414 0 0 0 0
1629013275.070000172 13.0327 2.0927 -4.6411 0 0 0 0
1629013275.180000067 12.9762 2.0884 -4.6414 0 0 0 0
1629013275.370000124 12.8500 2.0644 -4.6412 0 0 0 0
1629013275.550000191 12.7963 2.0483 -4.6408 0 0 0 0
1629013275.670000076 12.7242 2.0278 -4.6410 0 0 0 0
1629013275.790000200 12.6230 1.9982 -4.6408 0 0 0 0
1629013275.930000067 12.5453 1.9654 -4.6408 0 0 0 0
1629013276.100000143 12.4511 1.9157 -4.6407 0 0 0 0
1629013276.200000048 12.4029 1.8834 -4.6407 0 0 0 0
1629013276.400000095 12.2898 1.7892 -4.6404 0 0 0 0
1629013276.590000153 12.1788 1.6798 -4.6401 0 0 0 0
1629013276.740000010 12.1349 1.6315 -4.6395 0 0 0 0
1629013276.910000086 12.0314 1.5061 -4.6389 0 0 0 0
1629013277.030000210 11.9851 1.4541 -4.6387 0 0 0 0
1629013277.160000086 11.9200 1.3863 -4.6390 0 0 0 0
1629013277.380000114 11.7437 1.2382 -4.6391 0 0 0 0
1629013277.540000200 11.6946 1.1953 -4.6390 0 0 0 0
1629013277.690000057 11.5524 1.0969 -4.6386 0 0 0 0
1629013277.850000143 11.4894 1.0661 -4.6380 0 0 0 0
1629013278.009999990 11.3284 0.9970 -4.6394 0 0 0 0
1629013278.230000019 11.1200 0.9265 -4.6384 0 0 0 0
1629013278.420000076 11.0156 0.9106 -4.6392 0 0 0 0
1629013278.560000181 10.9498 0.9006 -4.6400 0 0 0 0
1629013278.710000038 10.7660 0.8867 -4.6401 0 0 0 0
1629013278.830000162 10.6581 0.8918 -4.6391 0 0 0 0
1629013278.960000038 10.5879 0.8996 -4.6393 0 0 0 0
1629013279.110000134 10.4154 0.9274 -4.6397 0 0 0 0
1629013279.250000000 10.2761 0.9675 -4.6400 0 0 0 0
1629013279.370000124 10.1741 1.0092 -4.6398 0 0 0 0
1629013279.490000010 10.1035 1.0376 -4.6401 0 0 0 0
1629013279.660000086 9.9468 1.1296 -4.6397 0 0 0 0
1629013279.770000219 9.8908 1.1792 -4.6400 0 0 0 0
1629013279.880000114 9.8368 1.2364 -4.6395 0 0 0 0
1629013279.980000019 9.7587 1.3187 -4.6398 0 0 0 0
1629013280.100000143 9.7015 1.3772 -4.6398 0 0 0 0
1629013280.220000029 9.6210 1.4630 -4.6406 0 0 0 0
1629013280.410000086 9.5099 1.5862 -4.6404 0 0 0 0
1629013280.590000153 9.3566 1.7217 -4.6416 0 0 0 0
1629013280.750000000 9.1953 1.8441 -4.6417 0 0 0 0
1629013280.890000105 9.1275 1.8933 -4.6410 0 0 0 0
1629013280.990000010 9.0573 1.9374 -4.6415 0 0 0 0
1629013281.140000105 8.9423 1.9888 -4.6415 0 0 0 0
1629013281.340000153 8.7843 2.0497 -4.6413 0 0 0 0
1629013281.490000010 8.5737 2.1187 -4.6408 0 0 0 0
1629013281.590000153 8.4933 2.1329 -4.6411 0 0 0 0
1629013281.759999990 8.3712 2.1432 -4.6406 0 0 0 0
1629013281.900000095 8.1693 2.1495 -4.6406 0 0 0 0
1629013282.060000181 8.0057 2.1419 -4.6403 0 0 0 0
1629013282.170000076 7.8865 2.1231 -4.6403 0 0 0 0
1629013282.310000181 7.8084 2.1050 -4.6398 0 0 0 0
1629013282.460000038 7.6256 2.0513 -4.6384 0 0 0 0
1629013282.580000162 7.5452 2.0245 -4.6383 0 0 0 0
1629013282.720000029 7.4716 1.9922 -4.6375 0 0 0 0
1629013282.850000143 7.3132 1.8852 -4.6373 0 0 0 0
1629013282.970000029 7.2539 1.8355 -4.6369 0 0 0 0
1629013283.130000114 7.1642 1.7715 -4.6375 0 0 0 0
1629013283.320000172 7.0311 1.6921 -4.6377 0 0 0 0
1629013283.480000019 6.8643 1.5893 -4.6373 0 0 0 0
1629013283.670000076 6.6945 1.5184 -4.6370 0 0 0 0
1629013283.780000210 6.6196 1.4932 -4.6374 0 0 0 0
1629013283.930000067 6.5488 1.4712 -4.6377 0 0 0 0
1629013284.280000210 6.2931 1.4132 -4.6372 0 0 0 0
1629013284.480000019 6.1073 1.3993 -4.6371 0 0 0 0
1629013284.650000095 5.9237 1.4015 -4.6369 0 0 0 0
1629013284.810000181 5.8487 1.4098 -4.6363 0 0 0 0
1629013284.970000029 5.5965 1.4572 -4.6367 0 0 0 0
1629013285.130000114 5.5274 1.4807 -4.6356 0 0 0 0
1629013285.270000219 5.3537 1.5453 -4.6347 0 0 0 0
1629013285.380000114 5.2846 1.5760 -4.6348 0 0 0 0
1629013285.520000219 5.1863 1.6327 -4.6340 0 0 0 0
1629013285.680000067 5.0711 1.7381 -4.6342 0 0 0 0
1629013285.850000143 4.9339 1.8653 -4.6338 0 0 0 0
1629013285.970000029 4.8790 1.9196 -4.6333 0 0 0 0
1629013286.120000124 4.8012 2.0000 -4.6329 0 0 0 0
1629013286.250000000 4.6942 2.1030 -4.6346 0 0 0 0
1629013286.400000095 4.6053 2.1659 -4.6332 0 0 0 0
1629013286.509999990 4.5411 2.2037 -4.6310 0 0 0 0
1629013286.680000067 4.4057 2.2773 -4.6309 0 0 0 0
1629013286.850000143 4.3021 2.3203 -4.6294 0 0 0 0
1629013286.970000029 4.2497 2.3352 -4.6277 0 0 0 0
1629013287.090000153 4.2292 2.3392 -4.6285 0 0 0 0
1629013287.270000219 4.2306 2.3360 -4.6288 0 0 0 0
1629013287.480000019 4.2859 2.3216 -4.6284 0 0 0 0
1629013287.600000143 4.3152 2.3126 -4.6282 0 0 0 0
1629013287.759999990 4.3513 2.3014 -4.6289 0 0 0 0
1629013287.950000048 4.5024 2.2558 -4.6297 0 0 0 0
1629013288.090000153 4.5762 2.2437 -4.6307 0 0 0 0
1629013288.250000000 4.6846 2.2329 -4.6308 0 0 0 0
1629013288.400000095 4.7412 2.2294 -4.6311 0 0 0 0
1629013288.630000114 4.8899 2.2273 -4.6322 0 0 0 0
1629013288.770000219 4.9807 2.2336 -4.6320 0 0 0 0
1629013288.920000076 5.0980 2.2463 -4.6315 0 0 0 0
1629013289.100000143 5.2406 2.2788 -4.6314 0 0 0 0
1629013289.270000219 5.3856 2.3231 -4.6320 0 0 0 0
1629013289.450000048 5.4908 2.3709 -4.6325 0 0 0 0
1629013289.580000162 5.5650 2.4067 -4.6323 0 0 0 0
1629013289.740000010 5.6142 2.4296 -4.6323 0 0 0 0
1629013289.850000143 5.6873 2.4725 -4.6321 0 0 0 0
1629013289.960000038 5.7744 2.5369 -4.6317 0 0 0 0
1629013290.080000162 5.8195 2.5708 -4.6320 0 0 0 0
1629013290.259999990 5.9154 2.6632 -4.6330 0 0 0 0
1629013290.410000086 5.9548 2.6961 -4.6324 0 0 0 0
1629013290.520000219 6.0166 2.7469 -4.6325 0 0 0 0
1629013290.630000114 6.0575 2.7859 -4.6324 0 0 0 0
1629013290.770000219 6.0973 2.8271 -4.6324 0 0 0 0
1629013290.890000105 6.2059 2.9262 -4.6329 0 0 0 0
1629013290.990000010 6.2544 2.9631 -4.6330 0 0 0 0
1629013291.130000114 6.3023 2.9941 -4.6335 0 0 0 0
1629013291.280000210 6.4316 3.0630 -4.6336 0 0 0 0
1629013291.410000086 6.5073 3.0996 -4.6336 0 0 0 0
1629013291.590000153 6.6220 3.1526 -4.6348 0 0 0 0
1629013291.720000029 6.7032 3.1799 -4.6345 0 0 0 0
1629013291.910000086 6.8123 3.2025 -4.6349 0 0 0 0
1629013292.009999990 6.8669 3.2133 -4.6346 0 0 0 0
1629013292.200000048 6.9517 3.2298 -4.6351 0 0 0 0
1629013292.310000181 7.0027 3.2400 -4.6353 0 0 0 0
1629013292.500000000 7.1382 3.2589 -4.6359 0 0 0 0
1629013292.610000134 7.2441 3.2663 -4.6355 0 0 0 0
1629013292.759999990 7.2798 3.2708 -4.6356 0 0 0 0
1629013292.930000067 7.3437 3.2745 -4.6361 0 0 0 0
1629013293.080000162 7.4077 3.2774 -4.6362 0 0 0 0
1629013293.190000057 7.4248 3.2804 -4.6366 0 0 0 0
1629013293.320000172 7.4483 3.2829 -4.6365 0 0 0 0
1629013293.450000048 7.4606 3.2822 -4.6374 0 0 0 0
1629013293.570000172 7.4701 3.2826 -4.6368 0 0 0 0
1629013293.759999990 7.4919 3.2842 -4.6370 0 0 0 0
1629013294.050000191 7.5200 3.2851 -4.6368 0 0 0 0
1629013294.220000029 7.5425 3.2858 -4.6368 0 0 0 0
1629013294.470000029 7.5771 3.2854 -4.6368 0 0 0 0
1629013294.690000057 7.5928 3.2861 -4.6374 0 0 0 0
1629013294.790000200 7.6171 3.2869 -4.6367 0 0 0 0
1629013294.930000067 7.6302 3.2870 -4.6370 0 0 0 0
1629013295.060000181 7.6691 3.2871 -4.6374 0 0 0 0
1629013295.170000076 7.6843 3.2882 -4.6366 0 0 0 0
1629013295.320000172 7.7113 3.2906 -4.6373 0 0 0 0
1629013295.470000029 7.7370 3.2904 -4.6374 0 0 0 0
1629013295.620000124 7.7732 3.2873 -4.6365 0 0 0 0
1629013295.750000000 7.7900 3.2873 -4.6363 0 0 0 0
1629013295.940000057 7.8331 3.2894 -4.6375 0 0 0 0
1629013296.150000095 7.8830 3.2863 -4.6375 0 0 0 0
1629013296.390000105 7.9049 3.2879 -4.6375 0 0 0 0
1629013296.500000000 7.9387 3.2879 -4.6379 0 0 0 0
1629013296.680000067 7.9602 3.2845 -4.6377 0 0 0 0
1629013296.790000200 7.9711 3.2840 -4.6380 0 0 0 0
1629013296.960000038 7.9934 3.2848 -4.6374 0 0 0 0
1629013297.100000143 8.0159 3.2825 -4.6380 0 0 0 0
1629013297.240000010 8.0343 3.2804 -4.6376 0 0 0 0
1629013297.360000134 8.0601 3.2782 -4.6377 0 0 0 0
1629013297.470000029 8.0731 3.2771 -4.6374 0 0 0 0
1629013297.580000162 8.0935 3.2760 -4.6375 0 0 0 0
1629013297.700000048 8.1071 3.2760 -4.6376 0 0 0 0
1629013297.880000114 8.1405 3.2748 -4.6367 0 0 0 0
1629013298.070000172 8.1677 3.2737 -4.6379 0 0 0 0
1629013298.250000000 8.2034 3.2714 -4.6363 0 0 0 0
1629013298.440000057 8.2185 3.2698 -4.6362 0 0 0 0
1629013298.560000181 8.2428 3.2682 -4.6369 0 0 0 0
1629013298.660000086 8.2569 3.2677 -4.6376 0 0 0 0
1629013298.780000210 8.2590 3.2673 -4.6374 0 0 0 0
1629013298.910000086 8.2532 3.2671 -4.6376 0 0 0 0
1629013299.030000210 8.2519 3.2670 -4.6377 0 0 0 0
1629013299.180000067 8.2455 3.2678 -4.6376 0 0 0 0
1629013299.320000172 8.2434 3.2681 -4.6375 0 0 0 0
1629013299.490000010 8.2437 3.2690 -4.6376 0 0 0 0
1629013299.590000153 8.2446 3.2686 -4.6377 0 0 0 0
1629013299.730000019 8.2443 3.2684 -4.6377 0 0 0 0
1629013299.850000143 8.2438 3.2689 -4.6378 0 0 0 0
1629013299.970000029 8.2439 3.2688 -4.6377 0 0 0 0
1629013300.100000143 8.2441 3.2685 -4.6378 0 0 0 0
1629013300.250000000 8.2439 3.2689 -4.6376 0 0 0 0
1629013300.380000114 8.2438 3.2686 -4.6377 0 0 0 0
1629013300.500000000 8.2438 3.2686 -4.6378 0 0 0 0
1629013300.670000076 8.2438 3.2688 -4.6379 0 0 0 0
1629013300.780000210 8.2440 3.2686 -4.6379 0 0 0 0
1629013300.980000019 8.2438 3.2688 -4.6378 0 0 0 0
1629013301.130000114 8.2437 3.2688 -4.6377 0 0 0 0
1629013301.310000181 8.2438 3.2687 -4.6378 0 0 0 0
1629013301.480000019 8.2437 3.2688 -4.6379 0 0 0 0
1629013301.590000153 8.2438 3.2686 -4.6379 0 0 0 0
1629013301.740000010 8.2438 3.2687 -4.6378 0 0 0 0
1629013301.870000124 8.2437 3.2687 -4.6378 0 0 0 0
1629013302.000000000 8.2437 3.2686 -4.6378 0 0 0 0
1629013302.180000067 8.2437 3.2688 -4.6378 0 0 0 0
1629013302.360000134 8.2437 3.2688 -4.6379 0 0 0 0
1629013302.480000019 8.2436 3.2686 -4.6378 0 0 0 0
1629013302.650000095 8.2436 3.2687 -4.6378 0 0 0 0
1629013302.830000162 8.2437 3.2688 -4.6378 0 0 0 0
1629013302.940000057 8.2437 3.2688 -4.6378 0 0 0 0
1629013303.070000172 8.2437 3.2688 -4.6379 0 0 0 0
1629013303.259999990 8.2434 3.2691 -4.6379 0 0 0 0
1629013303.360000134 8.2432 3.2692 -4.6378 0 0 0 0
1629013303.480000019 8.2428 3.2693 -4.6378 0 0 0 0
1629013303.650000095 8.2428 3.2691 -4.6379 0 0 0 0
1629013303.850000143 8.2432 3.2689 -4.6378 0 0 0 0
1629013303.970000029 8.2429 3.2690 -4.6379 0 0 0 0
1629013304.080000162 8.2427 3.2692 -4.6379 0 0 0 0
1629013304.180000067 8.2430 3.2688 -4.6380 0 0 0 0
1629013304.410000086 8.2424 3.2693 -4.6377 0 0 0 0
1629013304.650000095 8.2423 3.2693 -4.6378 0 0 0 0
1629013304.800000191 8.2424 3.2694 -4.6376 0 0 0 0
1629013304.910000086 8.2420 3.2695 -4.6377 0 0 0 0
1629013305.070000172 8.2419 3.2693 -4.6376 0 0 0 0
1629013305.180000067 8.2418 3.2695 -4.6377 0 0 0 0
1629013305.280000210 8.2420 3.2696 -4.6377 0 0 0 0
1629013305.390000105 8.2418 3.2695 -4.6376 0 0 0 0
1629013305.500000000 8.2418 3.2695 -4.6377 0 0 0 0
1629013305.600000143 8.2419 3.2696 -4.6378 0 0 0 0
1629013305.710000038 8.2421 3.2695 -4.6378 0 0 0 0
1629013305.820000172 8.2421 3.2694 -4.6376 0 0 0 0
1629013305.930000067 8.2421 3.2694 -4.6377 0 0 0 0
1629013306.080000162 8.2419 3.2697 -4.6378 0 0 0 0
1629013306.240000010 8.2419 3.2695 -4.6378 0 0 0 0
1629013306.410000086 8.2417 3.2698 -4.6377 0 0 0 0
1629013306.580000162 8.2421 3.2694 -4.6378 0 0 0 0
1629013306.690000057 8.2421 3.2693 -4.6378 0 0 0 0
1629013306.880000114 8.2416 3.2695 -4.6377 0 0 0 0
1629013307.040000200 8.2423 3.2694 -4.6377 0 0 0 0
1629013307.150000095 8.2421 3.2695 -4.6378 0 0 0 0
1629013307.290000200 8.2421 3.2694 -4.6378 0 0 0 0
1629013307.450000048 8.2420 3.2693 -4.6379 0 0 0 0
1629013307.550000191 8.2421 3.2693 -4.6378 0 0 0 0
1629013307.680000067 8.2421 3.2693 -4.6379 0 0 0 0
1629013307.860000134 8.2425 3.2694 -4.6380 0 0 0 0
1629013307.960000038 8.2427 3.2689 -4.6380 0 0 0 0
1629013308.120000124 8.2427 3.2689 -4.6379 0 0 0 0
1629013308.250000000 8.2427 3.2691 -4.6379 0 0 0 0
1629013308.410000086 8.2427 3.2689 -4.6379 0 0 0 0
1629013308.550000191 8.2428 3.2691 -4.6379 0 0 0 0
1629013308.680000067 8.2428 3.2691 -4.6379 0 0 0 0
1629013308.800000191 8.2427 3.2690 -4.6379 0 0 0 0
1629013309.000000000 8.2426 3.2690 -4.6378 0 0 0 0
1629013309.130000114 8.2426 3.2691 -4.6379 0 0 0 0
1629013309.250000000 8.2426 3.2690 -4.6379 0 0 0 0
1629013309.360000134 8.2427 3.2691 -4.6379 0 0 0 0
1629013309.470000029 8.2428 3.2690 -4.6379 0 0 0 0
1629013309.590000153 8.2426 3.2690 -4.6380 0 0 0 0
1629013309.770000219 8.2428 3.2691 -4.6379 0 0 0 0
1629013309.900000095 8.2427 3.2690 -4.6379 0 0 0 0
1629013310.060000181 8.2429 3.2690 -4.6379 0 0 0 0
1629013310.190000057 8.2428 3.2691 -4.6380 0 0 0 0
1629013310.400000095 8.2428 3.2690 -4.6380 0 0 0 0
1629013310.580000162 8.2427 3.2688 -4.6379 0 0 0 0
1629013310.759999990 8.2428 3.2690 -4.6379 0 0 0 0
1629013310.860000134 8.2427 3.2690 -4.6379 0 0 0 0
1629013311.009999990 8.2428 3.2690 -4.6379 0 0 0 0
1629013311.150000095 8.2428 3.2690 -4.6379 0 0 0 0
1629013311.270000219 8.2427 3.2690 -4.6379 0 0 0 0
1629013311.380000114 8.2426 3.2690 -4.6379 0 0 0 0
1629013311.540000200 8.2427 3.2691 -4.6379 0 0 0 0
1629013311.710000038 8.2427 3.2689 -4.6379 0 0 0 0
1629013311.870000124 8.2428 3.2693 -4.6380 0 0 0 0
1629013311.970000029 8.2428 3.2696 -4.6380 0 0 0 0
1629013312.080000162 8.2428 3.2690 -4.6379 0 0 0 0
1629013312.259999990 8.2427 3.2690 -4.6379 0 0 0 0
1629013312.400000095 8.2426 3.2690 -4.6379 0 0 0 0
1629013312.570000172 8.2427 3.2690 -4.6379 0 0 0 0
1629013312.720000029 8.2428 3.2690 -4.6379 0 0 0 0
1629013312.860000134 8.2427 3.2690 -4.6379 0 0 0 0
1629013312.960000038 8.2428 3.2690 -4.6380 0 0 0 0
1629013313.070000172 8.2427 3.2690 -4.6380 0 0 0 0
1629013313.190000057 8.2427 3.2690 -4.6379 0 0 0 0
1629013313.380000114 8.2427 3.2690 -4.6379 0 0 0 0
1629013313.550000191 8.2427 3.2690 -4.6379 0 0 0 0
1629013313.690000057 8.2427 3.2690 -4.6380 0 0 0 0
1629013313.880000114 8.2427 3.2691 -4.6378 0 0 0 0
1629013314.060000181 8.2427 3.2690 -4.6379 0 0 0 0
1629013314.220000029 8.2428 3.2692 -4.6381 0 0 0 0
