1629013127.723922968 0.00015438722615314195 8.811216803468511e-05 0.0 0.0 0.0 -2.2457180711953602e-09 1.0
1629013128.224887848 -0.0007431731436967294 0.0013365815164461752 0.0 0.0 0.0 -1.988405607873487e-08 0.9999999999999998
1629013128.926275730 -0.0005550435030578884 0.0017841585472488887 0.0 0.0 0.0 -8.443329916437282e-08 0.9999999999999964
1629013129.727863789 -0.0005517176659129707 0.002845384956433906 0.0 0.0 0.0 -8.594002661175527e-08 0.9999999999999963
1629013130.128615141 0.00039556818070634513 0.0018702829849856907 0.0 0.0 0.0 0.0007178181009139888 0.9999997423685538
1629013130.729794502 -4.068803461858923e-05 0.0022421431350165624 0.0 0.0 0.0 0.0007178835061991684 0.9999997423216026
1629013131.230769873 -0.0002013058251692182 0.003182178344435432 0.0 0.0 0.0 0.0007178739914472353 0.999999742328433
1629013131.731744289 0.0005698022514490516 -0.0013415635316461516 0.0 0.0 0.0 0.0007177617398049275 0.9999997424090092
1629013132.533311367 -0.002309589634288938 -0.0005706609253347882 0.0 0.0 0.0 0.0007176577974328351 0.9999997424836098
1629013132.934135914 0.15464199939080847 -0.037276611316587306 0.0 0.0 0.0 0.024679326535784214 0.9996954190360883
1629013133.134488583 0.15446955690278416 -0.03710011886547406 0.0 0.0 0.0 0.02467933204342946 0.9996954189001219
1629013133.635461807 0.15415987971111547 -0.03734089915384327 0.0 0.0 0.0 0.024679342839448812 0.9996954186336021
1629013135.038238049 0.15662631266053487 -0.036378588290297054 0.0 0.0 0.0 0.024679603238283734 0.999695412205138
1629013135.639563084 0.1571167155944518 -0.037700617959347954 0.0 0.0 0.0 0.02467955965119853 0.9996954132811768
1629013136.140389442 0.1572583812907846 -0.03798169167124361 0.0 0.0 0.0 0.02467959909746225 0.999695412307363
1629013136.240868092 0.15688394136198816 -0.037924108815980344 0.0 0.0 0.0 0.02467957103384569 0.9996954130001725
1629013136.340748310 0.15668900350121287 -0.037850687714815735 0.0 0.0 0.0 0.02467956118643126 0.9996954132432764
1629013137.242624760 0.15633380218741627 -0.03795648944676743 0.0 0.0 0.0 0.024679529579415865 0.9996954140235609
1629013136.240868092 0.18858892190175866 -0.13982983435107185 0.0 0.0 0.0 -0.07963651534997646 0.9968239691253983
1629013136.340748310 0.18963056215094057 -0.14352445840550812 0.0 0.0 0.0 -0.0844662888389522 0.9964263374930304
1629013136.541119576 0.19807628559285345 -0.17196484338083448 0.0 0.0 0.0 -0.09637668152263977 0.9953449328040423
1629013137.242624760 0.23154930256161466 -0.24105266153330926 0.0 0.0 0.0 -0.13922307983855406 0.9902610433821314
1629013137.342700481 0.24066957719578252 -0.2591884243726162 0.0 0.0 0.0 -0.14656620461894784 0.9892008631534834
1629013137.552075386 0.2853325196918582 -0.29546755492025334 0.0 0.0 0.0 -0.1630583919603224 0.9866164203029026
1629013138.044185638 0.2842257562717407 -0.2971215219032295 0.0 0.0 0.0 -0.16305842445223878 0.9866164149329534
1629013138.545035839 0.2838107093966525 -0.2963928839393879 0.0 0.0 0.0 -0.1630584396946399 0.9866164124138365
1629013139.446808338 0.28435264688660566 -0.2961338770004747 0.0 0.0 0.0 -0.16305842221474337 0.9866164153027449
1629013140.047982454 0.283194533971167 -0.29603536621814075 0.0 0.0 0.0 -0.1630583832007392 0.9866164217506016
1629013140.248363495 0.28297322977673606 -0.29587805929817756 0.0 0.0 0.0 -0.16305840540734517 0.986616418080509
1629013140.649135590 0.283623224810235 -0.2957452965317303 0.0 0.0 0.0 -0.1630583947970962 0.9866164198340682
1629013141.250308990 0.2829015486349256 -0.29450648993996553 0.0 0.0 0.0 -0.16305844040596876 0.986616412296275
1629013141.751293659 0.28299057821393464 -0.2946352703891327 0.0 0.0 0.0 -0.16305841856311157 0.9866164159062514
1629013142.853490353 0.2838762026721441 -0.2960488834287153 0.0 0.0 0.0 -0.16305840599244342 0.9866164179838097
1629013143.354449272 0.28326446533459715 -0.2959577680914729 0.0 0.0 0.0 -0.16305835315729164 0.9866164267158904
1629013144.055785656 0.28211736966292233 -0.2973418784902815 0.0 0.0 0.0 -0.16305834842855949 0.9866164274974092
1629013144.656959772 0.2830413781173354 -0.2977453080379471 0.0 0.0 0.0 -0.16305832949688076 0.9866164306262524
1629013145.157940865 0.28258066472917354 -0.29738175296897223 0.0 0.0 0.0 -0.16305835603887325 0.9866164262396506
1629013145.658915520 0.28367377411923167 -0.2971423803623826 0.0 0.0 0.0 -0.1630583690213058 0.9866164240940405
1629013146.260293722 0.2838029999576928 -0.29679496946402684 0.0 0.0 0.0 -0.1630583783405634 0.9866164225538442
1629013146.360308409 0.2858207745670295 -0.29655281503158937 0.0 0.0 0.0 -0.16305835116192322 0.9866164270456654
1629013146.761072397 0.28439017022212393 -0.2953310024187322 0.0 0.0 0.0 -0.16305833571332579 0.986616429598859
1629013146.861275196 0.28474716288625734 -0.2948969633719191 0.0 0.0 0.0 -0.16305830842494295 0.9866164341088163
1629013146.961471319 0.2849752279866333 -0.294904553099848 0.0 0.0 0.0 -0.16305831291262754 0.9866164333671357
1629013147.363122463 0.2853791134974599 -0.2938215536738083 0.0 0.0 0.0 -0.16305835287938616 0.9866164267618199
1629013147.662840843 0.2859628385452978 -0.2930389363799174 0.0 0.0 0.0 -0.16305836009263586 0.9866164255696842
1629013147.963420868 0.286582283098486 -0.2935988917863308 0.0 0.0 0.0 -0.16305834801801275 0.9866164275652604
1629013148.163911819 0.28614185455511876 -0.2945649639481246 0.0 0.0 0.0 -0.16305838145853763 0.9866164220385357
1629013148.464430809 0.28582437924980697 -0.29523692821231834 0.0 0.0 0.0 -0.16305839081430545 0.9866164204923052
1629013148.564584255 0.2859958426606588 -0.2964572095577607 0.0 0.0 0.0 -0.16305841774245747 0.9866164160418811
1629013148.967636585 0.28617932887644787 -0.2955388667616852 0.0 0.0 0.0 -0.16305843195674546 0.9866164136926809
1629013149.566569805 0.2845708700906459 -0.2936104857137318 0.0 0.0 0.0 -0.16305841494283072 0.9866164165045763
1629013150.267954588 0.28504045915955767 -0.29330242591958466 0.0 0.0 0.0 -0.16305842118901095 0.9866164154722681
1629013150.368111134 0.2845677618741543 -0.29285482266375423 0.0 0.0 0.0 -0.1630583347407031 0.9866164297596046
1629013150.468353271 0.2836558552693213 -0.2939609701624818 0.0 0.0 0.0 -0.16305832018435448 0.9866164321653358
1629013150.571737289 0.28309978976959893 -0.2950413473200342 0.0 0.0 0.0 -0.16305824046849757 0.98661644533999
1629013150.668736935 0.2832716839643546 -0.2952232111305253 0.0 0.0 0.0 -0.16305825362531812 0.9866164431655604
1629013150.768898010 0.284457928689667 -0.2942624975171255 0.0 0.0 0.0 -0.1630582305402452 0.9866164469808337
1629013150.869095564 0.2848711663510819 -0.29413775725311103 0.0 0.0 0.0 -0.16305825353386913 0.9866164431806742
1629013151.470263958 0.2857446366914248 -0.2939615788023881 0.0 0.0 0.0 -0.16305824456624954 0.986616444662754
1629013151.570468903 0.2845034373313287 -0.2934282401641607 0.0 0.0 0.0 -0.16305821457279823 0.9866164496197757
1629013151.971232891 0.28517797432869163 -0.29227722183990024 0.0 0.0 0.0 -0.16305823276358006 0.9866164466133829
1629013152.171621323 0.2857291728284458 -0.29317021291061945 0.0 0.0 0.0 -0.1630582055294317 0.9866164511143738
1629013152.672604084 0.28649177424446787 -0.29320993989236793 0.0 0.0 0.0 -0.16305819528278762 0.9866164528078377
1629013152.772806168 0.28818503347860036 -0.2914035323100036 0.0 0.0 0.0 -0.16305823282164567 0.9866164466037863
1629013153.073383331 0.28745805279453146 -0.29162883423929004 0.0 0.0 0.0 -0.16305821942183021 0.9866164488183755
1629013153.574472904 0.28654568798200636 -0.2916210039968819 0.0 0.0 0.0 -0.16305822218067276 0.9866164483624213
1629013153.975163460 0.2872570209339361 -0.29166063111181156 0.0 0.0 0.0 -0.16305820617747632 0.9866164510072715
1629013154.278061152 0.2872293322164362 -0.29229857282670685 0.0 0.0 0.0 -0.16305822499359507 0.9866164478975293
1629013154.878062725 0.286869631962918 -0.2924114960475836 0.0 0.0 0.0 -0.1630581693335499 0.9866164570964704
1629013155.578306198 0.2863384052515546 -0.2925031145258692 0.0 0.0 0.0 -0.1630581749517607 0.9866164561679482
1629013156.079273701 0.28634022664459524 -0.2928197230758992 0.0 0.0 0.0 -0.16305818685106577 0.9866164542013491
1629013156.581030369 0.28672865459388935 -0.29390243387100634 0.0 0.0 0.0 -0.16305823986712134 0.9866164454393797
1629013157.181401730 0.2875953753064935 -0.2935427470542214 0.0 0.0 0.0 -0.1630582450520256 0.9866164445824698
1629013157.686052322 0.28729209224538005 -0.2927370396009067 0.0 0.0 0.0 -0.1630582361829221 0.9866164460482677
1629013158.684444427 0.2879024902623871 -0.2933970436714316 0.0 0.0 0.0 -0.16305821254203287 0.9866164499554004
1629013159.485904694 0.28756836653742646 -0.29318923876786696 0.0 0.0 0.0 -0.16305821873008536 0.9866164489327003
1629013159.686296701 0.2872221710250988 -0.29225346548721337 0.0 0.0 0.0 -0.16305823385399973 0.986616446433169
1629013159.886710405 0.2882706277341539 -0.29222852239797575 0.0 0.0 0.0 -0.16305823610613465 0.9866164460609584
1629013160.187287807 0.28810727850939644 -0.2927023687770903 0.0 0.0 0.0 -0.16305818815962997 0.9866164539850827
1629013160.287604094 0.2870222218723699 -0.2937343595528765 0.0 0.0 0.0 -0.16305816941877196 0.9866164570823858
1629013160.490854502 0.2870950843554772 -0.2934772982605695 0.0 0.0 0.0 -0.16305813571233363 0.9866164626530505
1629013160.588062286 0.2883924951576424 -0.29279720236281426 0.0 0.0 0.0 -0.16305816284050098 0.986616458169577
1629013161.089177847 0.288678990104472 -0.2929433149526752 0.0 0.0 0.0 -0.16305812941025205 0.9866164636945957
1629013161.590049744 0.28944845779446793 -0.29376900906469094 0.0 0.0 0.0 -0.1630582024481997 0.9866164516236093
1629013161.990804672 4.16471184308233 1.6352590855051348 0.0 0.0 0.0 0.969013169735857 0.2470090623407712
1629013162.391571283 4.16452841070524 1.6362799272239328 0.0 0.0 0.0 0.9690131683382743 0.2470090678234693
1629013162.792377234 4.164074679247371 1.6357369489858309 0.0 0.0 0.0 0.9690131768041028 0.2470090346121385
1629013162.992767334 4.1633712414897674 1.6362332561237067 0.0 0.0 0.0 0.9690131714074691 0.2470090557830601
1629013163.794341564 4.163789980831328 1.6362250594720777 0.0 0.0 0.0 0.9690131765003723 0.24700903580366892
1629013162.792377234 4.308740739192812 1.5158920979967434 0.0 0.0 0.0 0.9591550200321307 0.28288097770469267
1629013162.992767334 4.304237530112808 1.5314630451951536 0.0 0.0 0.0 0.960885889678885 0.2769445919602288
1629013163.794341564 4.26143219240581 1.6478006788635462 0.0 0.0 0.0 0.9762692914724571 0.21656008526011086
1629013163.994716644 4.21428513200424 1.6814757542995977 0.0 0.0 0.0 0.9808705804563455 0.1946609986495291
1629013164.297129869 4.2146799099940875 1.6816769195239234 0.0 0.0 0.0 0.9808705746158786 0.19466102807885352
1629013164.395480871 4.213477553724282 1.6825747982757624 0.0 0.0 0.0 0.9808705689146108 0.19466105680676837
1629013164.395480871 4.213299241344935 1.6826506091918723 0.0 0.0 0.0 0.9808705691088364 0.1946610558280916
1629013164.796288013 4.2127681397361965 1.68326012962418 0.0 0.0 0.0 0.9808705700200961 0.19466105123637767
1629013165.197075605 4.211865170695614 1.6823633377490597 0.0 0.0 0.0 0.9808705718061552 0.19466104223666839
1629013165.597881317 4.211148867832366 1.6827313701815234 0.0 0.0 0.0 0.9808705569161491 0.19466111726537347
1629013165.898430824 4.210576989494544 1.6830959300071409 0.0 0.0 0.0 0.9808705611030343 0.1946610961682349
1629013165.998615742 4.211173071854964 1.6836762402390053 0.0 0.0 0.0 0.9808705602103224 0.19466110066648729
1629013166.299229145 4.210289475260647 1.6827150693512813 0.0 0.0 0.0 0.9808705634360388 0.19466108441254423
1629013167.200989485 4.209612497814498 1.6825663384418712 0.0 0.0 0.0 0.9808705555713123 0.19466112404182073
1629013167.902340412 4.208906369479558 1.6823017547431613 0.0 0.0 0.0 0.980870555208155 0.19466112587172033
1629013168.102773190 4.207969519749507 1.6834784872304027 0.0 0.0 0.0 0.9808705539608943 0.19466113215649494
1629013168.206339836 4.20813176710165 1.6835770761086042 0.0 0.0 0.0 0.9808705581338234 0.19466111112968046
1629013168.804109335 4.2079242624542355 1.684073367519041 0.0 0.0 0.0 0.9808705497421125 0.19466115341435208
1629013169.305072069 4.208412104583416 1.6847546601485375 0.0 0.0 0.0 0.9808705482001927 0.19466116118387222
1629013169.806046009 4.207842428391652 1.6843924124330323 0.0 0.0 0.0 0.980870550388498 0.19466115015730534
1629013170.307057381 4.207427171501621 1.683888324014822 0.0 0.0 0.0 0.9808705489312097 0.19466115750037893
1629013171.009956837 4.208321455494144 1.6841299505703582 0.0 0.0 0.0 0.980870556500962 0.19466111935744407
1629013171.709802628 4.209454700235308 1.684141259841858 0.0 0.0 0.0 0.9808705544868709 0.1946611295061712
1629013172.310935020 4.209377633732077 1.6829385362896014 0.0 0.0 0.0 0.9808705575169947 0.19466111423779525
1629013172.411147356 4.209452134840975 1.6839811075416338 0.0 0.0 0.0 0.9808705641246421 0.19466108094276638
1629013173.112493277 4.2096940356159855 1.6848865286008787 0.0 0.0 0.0 0.980870565392242 0.19466107455550405
1629013173.212690830 4.209958692753636 1.6864459756651367 0.0 0.0 0.0 0.9808705616615532 0.1946610933539346
1629013173.312892914 4.2096872810233 1.6868902723691879 0.0 0.0 0.0 0.9808705614899175 0.19466109421878347
1629013173.413134813 4.2073505655294685 1.6855111830353222 0.0 0.0 0.0 0.9808705648020032 0.19466107752963688
1629013174.114495277 4.208504815180798 1.6856010127824166 0.0 0.0 0.0 0.980870562754314 0.19466108784766273
1629013174.314868450 4.208727436712026 1.6853238211961736 0.0 0.0 0.0 0.9808705616244194 0.1946610935410462
1629013174.415051937 4.208033300878949 1.6860815792164117 0.0 0.0 0.0 0.9808705553547767 0.19466112513291364
1629013174.415051937 4.208564792233851 1.6856792893941668 0.0 0.0 0.0 0.9808705546647181 0.19466112861002405
1629013174.916043282 4.208141621974604 1.6859966111326772 0.0 0.0 0.0 0.9808705582683609 0.19466111045176437
1629013175.517198086 4.207640258917721 1.6867351411110683 0.0 0.0 0.0 0.9808705563973603 0.19466111987947868
1629013176.018274307 4.20873455636165 1.687302648831408 0.0 0.0 0.0 0.9808705541635062 0.1946611311355612
1629013176.619600296 4.208859155312576 1.6878001087409098 0.0 0.0 0.0 0.9808705580415629 0.19466111159456842
1629013176.820007801 4.208766803974776 1.6891682511374468 0.0 0.0 0.0 0.9808705479386396 0.19466116250180202
1629013176.218912125 1.4699427279975517 -0.05723964368006057 0.0 0.0 0.0 0.9979638522884717 0.06378204704737436
1629013176.420287848 1.3604362908060335 -0.05247673277003731 0.0 0.0 0.0 0.9959960868967525 0.08939683935328334
1629013176.619600296 1.255996177484569 -0.03213405286957088 0.0 0.0 0.0 0.9932378731627465 0.11609705989017917
1629013176.820007801 1.1562408412644838 -0.009321394119080806 0.0 0.0 0.0 0.9897900117464327 0.14253326856210377
1629013177.621303797 1.1556936850859303 -0.0094451241138319 0.0 0.0 0.0 0.9897900147647494 0.1425332476020851
1629013177.721537590 1.1559052236277747 -0.009131963461042 0.0 0.0 0.0 0.9897900196924618 0.14253321338269195
1629013177.721537590 1.1554407840600147 -0.00801523050998497 0.0 0.0 0.0 0.9897900175612183 0.14253322818263503
1629013177.921918392 1.1548201902532838 -0.008046706582693576 0.0 0.0 0.0 0.989790019908993 0.14253321187904
1629013178.122301817 1.1536587907131854 -0.008823604938374655 0.0 0.0 0.0 0.9897900146758024 0.1425332482197569
1629013178.523101568 1.153198901829439 -0.007851133460536931 0.0 0.0 0.0 0.9897900129315281 0.14253326033247604
1629013178.723504305 1.1529053065039911 -0.007267027384630456 0.0 0.0 0.0 0.9897900172864059 0.1425332300910084
1629013179.925849915 1.152709783229686 -0.007377885802622432 0.0 0.0 0.0 0.9897900176901236 0.14253322728748136
1629013180.627175808 1.1523498549561837 -0.007609055069328795 0.0 0.0 0.0 0.9897900179297109 0.14253322562372125
1629013180.828376532 1.1524331946791855 -0.0073053304072930965 0.0 0.0 0.0 0.9897900159351123 0.1425332394747627
1629013181.328547478 1.1523504790540489 -0.006730672699162347 0.0 0.0 0.0 0.9897900162947922 0.14253323697704665
1629013181.428739548 1.1521848850991572 -0.007003289850568057 0.0 0.0 0.0 0.9897900212175205 0.14253320279226336
1629013182.831467628 1.150760730214292 -0.007329912309121744 0.0 0.0 0.0 0.9897900170568474 0.14253323168512586
1629013180.828376532 -0.42868230004757096 0.5208465994650581 0.0 0.0 0.0 -0.9814794608011227 0.19156739812801513
1629013181.328547478 -0.7188365837316383 0.3646638047124689 0.0 0.0 0.0 -0.9542512425557066 0.29900596328650386
1629013181.428739548 -0.9491560509947824 0.20405236816528322 0.0 0.0 0.0 -0.9375615349563451 0.3478194476597048
1629013181.629146099 -1.0089879528744792 0.11407386619147176 0.0 0.0 0.0 -0.9208771103434945 0.38985298209121794
1629013181.832266808 -1.035447038020817 0.018174120338842466 0.0 0.0 0.0 -0.9029597360649996 0.4297251622204898
1629013182.330725193 -1.0561247623644925 -0.21147803976239768 0.0 0.0 0.0 -0.859258866168472 0.5115410060893182
1629013182.531440973 -1.061471339635076 -0.32766317659432975 0.0 0.0 0.0 -0.8518154501754382 0.5238419979749767
1629013182.734062195 -1.0593929882734308 -0.4597859409609052 0.0 0.0 0.0 -0.8611307145407486 0.5083836075981795
1629013182.831467628 -1.064773615340859 -0.5239453121076876 0.0 0.0 0.0 -0.8661734070924287 0.49974356308600276
1629013183.132084608 -1.0762622848516077 -0.7032380782832602 0.0 0.0 0.0 -0.8842895147185449 0.4669390261681287
1629013183.634452820 -1.0756044732067882 -0.7026861158172589 0.0 0.0 0.0 -0.8842895388479798 0.46693898047178206
1629013184.033816814 -1.2698796455736125 -1.1985443768191675 0.0 0.0 0.0 -0.9341935417205602 0.3567666276539831
1629013184.635001659 -1.2696177939408968 -1.1973468022617282 0.0 0.0 0.0 -0.9341935523289562 0.3567665998758933
1629013184.835386753 -1.2692890199993045 -1.197924813190639 0.0 0.0 0.0 -0.934193553524725 0.3567665967447721
1629013185.035778046 -1.2691165605113734 -1.1970640980741798 0.0 0.0 0.0 -0.9341935381751668 0.35676663693759686
1629013185.737141132 -1.268073786222408 -1.1959313657857096 0.0 0.0 0.0 -0.934193532625048 0.3567666514705843
1629013186.638895512 -1.2669418276246904 -1.1957193823777852 0.0 0.0 0.0 -0.9341935471039742 0.35676661355751144
1629013188.142455101 -1.268157494253516 -1.1967323835489314 0.0 0.0 0.0 -0.9341935446628425 0.35676661994961595
1629013188.542624950 -1.268534178750454 -1.19596898528591 0.0 0.0 0.0 -0.9341935773537149 0.356766534348541
1629013188.642812967 -1.2681487856390103 -1.195138749388802 0.0 0.0 0.0 -0.9341935634808272 0.3567665706747114
1629013184.835386753 -1.6879463029589004 -1.5811397735060313 0.0 0.0 0.0 -0.9532479394350788 0.30218928829919905
1629013185.035778046 -1.7608110760393958 -1.6513676364647802 0.0 0.0 0.0 -0.9474037564187292 0.3200408135280268
1629013185.737141132 -1.7657963113152662 -1.6823214363950212 0.0 0.0 0.0 -0.9412580863720158 0.33768804367239724
1629013186.238120079 -1.7661491726841227 -1.66172757906183 0.0 0.0 0.0 -0.9565758604610649 0.29148348698197857
1629013186.538707733 -1.7437560164709363 -1.5687729937601982 0.0 0.0 0.0 -0.9751373045964976 0.22160152793759658
1629013186.638895512 -1.7385596999824613 -1.5409596692633736 0.0 0.0 0.0 -0.980951152978519 0.1942545635760311
1629013187.039713860 -1.5717394634413209 -1.439399866352495 0.0 0.0 0.0 -0.9939584807231633 0.10975672461631233
1629013188.142455101 -1.2603157695566383 -1.3615284026109702 0.0 0.0 0.0 -0.9965173790144811 0.08338533037716468
1629013188.542624950 -1.3493535126633203 -1.3741095864040265 0.0 0.0 0.0 -0.9993076087556801 0.03720622371330414
1629013188.642812967 -1.4298924587911461 -1.3885347682631026 0.0 0.0 0.0 -0.9997451037532277 0.022577145998732177
1629013189.346075773 -1.429596409438616 -1.3890779823606756 0.0 0.0 0.0 -0.9997451033903171 0.02257716206887507
1629013189.945374012 -1.4295166188981092 -1.3876390225632214 0.0 0.0 0.0 -0.9997451034060848 0.022577161370659304
1629013190.145747185 -1.4289024406900568 -1.3874395565624953 0.0 0.0 0.0 -0.9997451040676162 0.02257713207719876
1629013190.446377039 -1.4297572155809615 -1.387780333162921 0.0 0.0 0.0 -0.9997451048748737 0.022577096330745745
1629013191.448290825 -1.4303634238821405 -1.3865547849302113 0.0 0.0 0.0 -0.9997451058959539 0.02257705111585777
1629013191.949263096 -1.4297240159248963 -1.386503846597247 0.0 0.0 0.0 -0.9997451054320537 0.022577071658028348
1629013192.851044893 -1.4294730702876235 -1.3850436903567198 0.0 0.0 0.0 -0.9997451062716667 0.022577034478731047
1629013193.354059696 -1.429410744467463 -1.3847864492010113 0.0 0.0 0.0 -0.999745106491867 0.022577024727927143
1629013194.253760338 -1.4297150363780942 -1.3850778836104303 0.0 0.0 0.0 -0.9997451074083082 0.02257698414647401
1629013194.854950905 -1.4297538073340614 -1.3859789295482967 0.0 0.0 0.0 -0.9997451082504653 0.02257694685438009
1629013195.957142353 -1.4293269362896852 -1.385901609637724 0.0 0.0 0.0 -0.9997451087986143 0.02257692258140707
1629013196.458153248 -1.429215476305309 -1.3862460467984088 0.0 0.0 0.0 -0.9997451082308838 0.02257694772148212
1629013197.259631634 -1.4283797852502014 -1.3856853616583122 0.0 0.0 0.0 -0.9997451088654138 0.022576919623410876
1629013197.359828949 -1.4284407328641902 -1.3857347257275519 0.0 0.0 0.0 -0.9997451085211598 0.02257693486756467
1629013197.760605812 -1.4284802125809049 -1.3851678453191456 0.0 0.0 0.0 -0.9997451083496878 0.022576942460642492
1629013198.562168837 -1.4285360588178455 -1.3849502912706406 0.0 0.0 0.0 -0.999745109191386 0.0225769051887914
1629013199.066054821 -1.4289566023959224 -1.3845800586738006 0.0 0.0 0.0 -0.9997451098978545 0.022576873905101644
1629013199.865200996 -1.430297032597713 -1.3860520027186587 0.0 0.0 0.0 -0.9997451097816646 0.022576879050197177
1629013200.767469406 -1.4306385427223574 -1.3852371555560705 0.0 0.0 0.0 -0.999745109041249 0.022576911837118904
1629013201.467884541 -1.4294506105485114 -1.3857213911069228 0.0 0.0 0.0 -0.9997451076711679 0.02257697250662874
1629013202.074606419 -1.428781818993512 -1.3864504342958355 0.0 0.0 0.0 -0.999745108224946 0.02257694798441626
1629013202.369596958 -1.4284332847295385 -1.3851284361628322 0.0 0.0 0.0 -0.9997451079246116 0.022576961283724894
1629013202.670295238 -1.4276777172667592 -1.3846134368882947 0.0 0.0 0.0 -0.9997451087549367 0.02257692451552465
1629013203.171209335 -1.4278316804884883 -1.3852202735030998 0.0 0.0 0.0 -0.9997451094156358 0.022576895258616055
1629013203.171209335 -1.428171966121168 -1.3858812681014443 0.0 0.0 0.0 -0.9997451104052344 0.022576851437382795
1629013203.571948051 -1.4295919327740911 -1.3855835793295488 0.0 0.0 0.0 -0.9997451098213631 0.022576877292278138
1629013203.677692413 -1.42978921294824 -1.385958381801639 0.0 0.0 0.0 -0.9997451096697361 0.02257688400659735
1629013204.573929071 -1.4281430161521222 -1.3857898700502085 0.0 0.0 0.0 -0.9997451104918991 0.02257684759970739
1629013205.475691319 -1.4287464347539442 -1.3856318146962308 0.0 0.0 0.0 -0.9997451104822652 0.02257684802631462
1629013205.676188707 -1.427925713394191 -1.38496610034761 0.0 0.0 0.0 -0.9997451107724844 0.022576835174864092
1629013205.878082752 -1.4272579078006093 -1.385255273561447 0.0 0.0 0.0 -0.9997451105220677 0.02257684626378422
1629013206.076845169 -1.4281894625027578 -1.3845668413911794 0.0 0.0 0.0 -0.999745110735123 0.02257683682929632
1629013206.076845169 -1.4287085964568584 -1.3836563050054107 0.0 0.0 0.0 -0.9997451100058597 0.022576869122430173
1629013206.377456665 -1.429789742315621 -1.384184982704548 0.0 0.0 0.0 -0.9997451106851918 0.022576839040346384
1629013206.477707386 -1.4306049167732737 -1.3834229460309428 0.0 0.0 0.0 -0.9997451114664768 0.02257680444354083
1629013207.078907251 -1.4318301563793194 -1.3843010878647375 0.0 0.0 0.0 -0.999745110962661 0.02257682675347751
1629013207.379912376 -1.431903790011868 -1.38467834135437 0.0 0.0 0.0 -0.9997451096592674 0.022576884470166474
1629013208.080886364 -1.43241359686119 -1.3842416136307012 0.0 0.0 0.0 -0.9997451099164301 0.022576873082541953
1629013209.383306265 -1.4309474094187964 -1.3839370541327185 0.0 0.0 0.0 -0.9997451094578246 0.022576893390419368
1629013209.483502388 -1.431171457038046 -1.3838555704660254 0.0 0.0 0.0 -0.9997451093146794 0.02257689972913931
1629013209.483502388 -1.431739215685704 -1.3843961761825787 0.0 0.0 0.0 -0.9997451109832075 0.022576825843642123
1629013209.784077168 -1.4319385633749873 -1.383041036025007 0.0 0.0 0.0 -0.9997451111049904 0.022576820450860135
1629013209.986763000 -1.4316490453166042 -1.381890617398517 0.0 0.0 0.0 -0.9997451114456277 0.0225768053667803
1629013210.786072731 -1.4314462787099151 -1.3816563916944404 0.0 0.0 0.0 -0.9997451115521515 0.02257680064969784
1629013211.487395525 -1.4335354794880633 -1.381550168977629 0.0 0.0 0.0 -0.9997451111281048 0.02257681942730828
1629013212.089605808 -1.4347186463416925 -1.3811959009206791 0.0 0.0 0.0 -0.9997451117021651 0.02257679400680237
1629013212.389182568 -1.4341015351795148 -1.3814118869955019 0.0 0.0 0.0 -0.9997451122570422 0.022576769435728228
1629013212.489371300 4.108955249481624 1.7709877354794348 0.0 0.0 0.0 0.678636316157527 0.734474472253557
1629013213.491334200 4.108811169350927 1.7713810422663976 0.0 0.0 0.0 0.6786363224183399 0.7344744664687199
1629013213.691732168 4.107752686635047 1.7727575712344084 0.0 0.0 0.0 0.678636344536234 0.7344744460323299
1629013213.992370605 4.107440337904826 1.7718710174363814 0.0 0.0 0.0 0.6786363407604372 0.7344744495210733
1629013214.192687035 4.1072306210434375 1.7711210376436126 0.0 0.0 0.0 0.678636336551852 0.7344744534097026
1629013214.394271851 4.1081416693125625 1.7719417212620985 0.0 0.0 0.0 0.6786363513797666 0.7344744397090739
1629013214.394271851 4.107444576521008 1.7719644151757343 0.0 0.0 0.0 0.6786363689298616 0.7344744234932166
1629013215.094453812 4.108342407576305 1.7719519869543265 0.0 0.0 0.0 0.6786363499849044 0.7344744409978923
1629013215.595432520 4.109209644092378 1.772188180283082 0.0 0.0 0.0 0.6786363852657049 0.7344744083992973
1629013215.695641518 4.109335687926109 1.772457753297983 0.0 0.0 0.0 0.6786363725481266 0.7344744201500284
1629013215.795802355 4.109473676428208 1.7725966669710376 0.0 0.0 0.0 0.6786363291814859 0.7344744602197397
1629013215.996199131 4.108701957994039 1.7729891962670823 0.0 0.0 0.0 0.6786363084912677 0.7344744793369916
1629013216.196589470 4.108405074025019 1.7726176160477318 0.0 0.0 0.0 0.6786362866412848 0.7344744995258364
1629013216.497184753 4.10830903977099 1.77335910946736 0.0 0.0 0.0 0.6786362846974646 0.7344745013218783
1629013217.098364115 4.1085417370546535 1.7740357395856967 0.0 0.0 0.0 0.6786362918013176 0.7344744947580937
1629013217.599331856 4.108239924505822 1.773989780928532 0.0 0.0 0.0 0.6786363149533597 0.7344744733661779
1629013218.100379467 4.108271191627763 1.7730936907570534 0.0 0.0 0.0 0.6786362945549349 0.7344744922138192
1629013218.200509548 4.1082055756777 1.773192427182325 0.0 0.0 0.0 0.6786362701867626 0.734474514729408
1629013219.406359673 4.109045119181905 1.7728719954161476 0.0 0.0 0.0 0.6786362938472985 0.7344744928676578
1629013220.204417229 4.109805947684673 1.772086794850897 0.0 0.0 0.0 0.6786362917877456 0.7344744947706338
1629013220.806005239 4.109125356750965 1.7722659441465085 0.0 0.0 0.0 0.6786363231436484 0.7344744657985529
1629013221.406772852 4.1101287889059215 1.7717001858341064 0.0 0.0 0.0 0.6786363890072289 0.7344744049422206
1629013221.907737732 4.1102921227957685 1.7711925980242922 0.0 0.0 0.0 0.6786363924843084 0.7344744017294842
1629013223.711259842 4.110228548015279 1.7723739653146497 0.0 0.0 0.0 0.6786363836035201 0.7344744099351154
1629013224.012077093 4.1102779832457825 1.7738811149493505 0.0 0.0 0.0 0.6786363756921167 0.7344744172450586
1629013224.212237358 4.109123715706946 1.7743535647323787 0.0 0.0 0.0 0.678636413584168 0.7344743822337291
1629013224.813429356 4.109577833873636 1.7741975781553598 0.0 0.0 0.0 0.6786364188561034 0.7344743773625894
1629013225.114006281 4.108918981506113 1.7730881161932415 0.0 0.0 0.0 0.6786364069893451 0.7344743883271846
1629013225.314388275 4.1094551759714975 1.7725439940267127 0.0 0.0 0.0 0.6786364161199516 0.734474379890727
1629013225.514781952 4.108934532460099 1.7713323320903194 0.0 0.0 0.0 0.6786364394010326 0.7344743583795752
1629013225.614995480 4.108262103016207 1.7710901895747 0.0 0.0 0.0 0.6786363784644817 0.7344744146834611
1629013225.715173721 4.109382728247742 1.7711504118075274 0.0 0.0 0.0 0.6786363904818884 0.7344744035796713
1629013225.816148996 4.10907851809734 1.7695944807811923 0.0 0.0 0.0 0.6786364036004642 0.7344743914584279
1629013225.915573120 4.110322445415161 1.7696979840549387 0.0 0.0 0.0 0.6786363925972508 0.7344744016251281
1629013226.015756130 4.111060913610101 1.7702586973320193 0.0 0.0 0.0 0.6786363674396776 0.73447442487011
1629013227.618903399 4.111022024122787 1.77105899608503 0.0 0.0 0.0 0.6786363643198148 0.7344744277527867
1629013225.614995480 5.112981660762036 3.734275183500628 0.0 0.0 0.0 -0.39160753668682663 0.9201323476598764
1629013225.715173721 5.067656087841725 3.7720625574852673 0.0 0.0 0.0 -0.3741404867827771 0.927372037614865
1629013225.816148996 5.017009430207189 3.8060077414761944 0.0 0.0 0.0 -0.35811395085540554 0.9336778878193123
1629013225.915573120 4.963952275318146 3.8215817092207462 0.0 0.0 0.0 -0.34014797685859494 0.9403719231447761
1629013226.015756130 4.910325441606303 3.8566474363102676 0.0 0.0 0.0 -0.32030202610452063 0.9473154765300412
1629013226.416540146 4.729687329047636 3.8892308857503397 0.0 0.0 0.0 -0.24396774284148745 0.9697833471723619
1629013226.618190289 4.597150793069279 3.945227291515197 0.0 0.0 0.0 -0.2004474530495308 0.9797044547035377
1629013226.817325592 4.460737232979946 3.9925194420674806 0.0 0.0 0.0 -0.1562651562164362 0.9877151416034143
1629013226.917517185 4.392050763050709 4.004616328346952 0.0 0.0 0.0 -0.13374152241653778 0.9910162486971174
1629013227.318311214 4.140876085081382 3.983324170867538 0.0 0.0 0.0 -0.05090869257073062 0.9987033118102386
1629013228.220059395 4.1404181951445445 3.983453111157724 0.0 0.0 0.0 -0.050908671962512676 0.9987033128607381
1629013228.821250439 4.140750087630981 3.982380847559631 0.0 0.0 0.0 -0.05090865970202924 0.9987033134857133
1629013229.422421217 4.141206003952884 3.983129918429571 0.0 0.0 0.0 -0.05090866007694369 0.9987033134666021
1629013230.023580551 4.1405962604701 3.981827543937275 0.0 0.0 0.0 -0.050908669178149665 0.9987033130026703
1629013230.424386501 4.141955080867673 3.9818428186637944 0.0 0.0 0.0 -0.05090868070597822 0.9987033124150418
1629013230.624771357 4.14218155689483 3.981095278199785 0.0 0.0 0.0 -0.05090868388676427 0.998703312252902
1629013231.125766754 4.142151775527478 3.9804198717753936 0.0 0.0 0.0 -0.05090873660762032 0.9987033095654665
1629013231.426332474 4.142723866201736 3.9797265281613092 0.0 0.0 0.0 -0.05090876331177245 0.9987033082042264
1629013231.726910353 4.142761487922179 3.9791752848056854 0.0 0.0 0.0 -0.050908718781239294 0.9987033104741632
1629013231.927503109 4.142179414475383 3.979729398880882 0.0 0.0 0.0 -0.05090871793225138 0.9987033105174401
1629013232.027493000 4.142161506697196 3.979764966984282 0.0 0.0 0.0 -0.05090875313531065 0.9987033087229701
1629013231.927503109 4.789036256185283 4.178003350667206 0.0 0.0 0.0 0.38475476217322 0.9230188367444236
1629013232.528468847 4.789764151702737 4.177151907568154 0.0 0.0 0.0 0.3847547445824752 0.9230188440770178
1629013233.129659176 4.790016140870337 4.176427612529513 0.0 0.0 0.0 0.3847546834805676 0.923018869546971
1629013233.430244684 4.789337463800456 4.175459204570758 0.0 0.0 0.0 0.3847546873122764 0.923018867949747
1629013233.530465126 4.788756035306213 4.17539416909246 0.0 0.0 0.0 0.384754733748723 0.923018848593001
1629013233.530465126 4.788246683394444 4.174992160964665 0.0 0.0 0.0 0.38475474819266786 0.9230188425721312
1629013234.632601976 4.7883806619001215 4.175277597074924 0.0 0.0 0.0 0.3847547613236207 0.9230188370985739
1629013235.033603668 4.7876308726574806 4.175881667050519 0.0 0.0 0.0 0.38475474439113183 0.9230188441567783
1629013235.133549213 4.787119163883586 4.176020251383272 0.0 0.0 0.0 0.3847547778191827 0.9230188302224995
1629013236.035361052 4.787156943883445 4.1759520808764234 0.0 0.0 0.0 0.38475480183120675 0.9230188202132331
1629013236.536616802 4.788318782367785 4.17635000162753 0.0 0.0 0.0 0.3847547769866311 0.9230188305695436
1629013237.037281513 4.787692277984254 4.176375003826916 0.0 0.0 0.0 0.38475482572337943 0.9230188102539254
1629013237.237663746 4.7866641386380895 4.176249057768446 0.0 0.0 0.0 0.3847548014167539 0.9230188203859953
1629013237.738643646 4.785973295790995 4.175786531684542 0.0 0.0 0.0 0.384754793897735 0.9230188235202528
1629013238.239623070 4.786228649205689 4.175603447668074 0.0 0.0 0.0 0.38475477334566904 0.9230188320872564
1629013237.237663746 4.135763764949515 1.5350860292608703 0.0 0.0 0.0 0.5083203402940748 0.8611680623683834
1629013237.337888718 4.100323809850938 1.4954103126014193 0.0 0.0 0.0 0.5051667285603477 0.863021770499236
1629013237.738643646 3.9513206335657465 1.3265275795779565 0.0 0.0 0.0 0.5295209981188937 0.8482968304497963
1629013238.239623070 3.794581032493075 1.1512115554574913 0.0 0.0 0.0 0.5943122307399483 0.804234401398564
1629013238.441780090 3.7596835334053678 1.0359272237614017 0.0 0.0 0.0 0.6275581804459854 0.7785696694293478
1629013238.640418053 3.7374784516295225 0.9071724574604408 0.0 0.0 0.0 0.6606148950261774 0.7507249566049824
1629013238.941011429 3.717010357490005 0.7063612762311015 0.0 0.0 0.0 0.7107511975183031 0.7034434840314453
1629013239.041179180 3.71913353862711 0.6287967736107232 0.0 0.0 0.0 0.72679426055372 0.6868552269773969
1629013239.141399860 3.723706007123051 0.5627191240152315 0.0 0.0 0.0 0.7427229764813094 0.6695988203444988
1629013239.542208195 3.723941374919307 0.5619257980607969 0.0 0.0 0.0 0.7427229878394427 0.6695988077459899
1629013239.942944527 3.7239280893412268 0.5616789939812749 0.0 0.0 0.0 0.7427230076566533 0.6695987857646211
1629013240.443916321 3.7241182210855888 0.561301678006751 0.0 0.0 0.0 0.7427230255500199 0.6695987659171906
1629013240.544137478 3.723369017589268 0.5615360302136087 0.0 0.0 0.0 0.742723039017984 0.6695987509784425
1629013240.644346952 3.722583064548457 0.5620438060037639 0.0 0.0 0.0 0.7427230368032819 0.6695987534350036
1629013240.644346952 3.723767951757199 0.5620387038576529 0.0 0.0 0.0 0.7427230225784532 0.6695987692132703
1629013241.045111418 3.72424906301216 0.5619785868417202 0.0 0.0 0.0 0.7427230344267148 0.6695987560711064
1629013241.245482445 3.724153575860292 0.5612967078745902 0.0 0.0 0.0 0.7427230721328093 0.6695987142472735
1629013241.746649981 3.7250949953432997 0.5599861338851397 0.0 0.0 0.0 0.7427230652317016 0.6695987219020251
1629013242.247446537 3.7243449862010487 0.5609941602563128 0.0 0.0 0.0 0.7427230340987317 0.6695987564349071
1629013242.347635746 3.723429425085214 0.5606179423446912 0.0 0.0 0.0 0.7427230399537025 0.6695987499405378
1629013242.748418331 3.723073225718208 0.5591920549893057 0.0 0.0 0.0 0.7427230465520487 0.6695987426216117
1629013242.948856115 3.7235164950970048 0.5591232329455236 0.0 0.0 0.0 0.7427230541337428 0.6695987342119497
1629013243.049047709 3.7249285976329163 0.5594962415583953 0.0 0.0 0.0 0.7427230361032678 0.6695987542114634
1629013243.550235271 3.724766873656637 0.5615677090967222 0.0 0.0 0.0 0.7427230238282719 0.6695987678269638
1629013243.750394821 3.724424534535491 0.5618974266795569 0.0 0.0 0.0 0.7427230440212281 0.6695987454288134
1629013243.850748301 3.7244627040595906 0.5621333861186154 0.0 0.0 0.0 0.7427230480083379 0.6695987410062867
1629013244.051008224 3.7244044738249924 0.561412130857361 0.0 0.0 0.0 0.7427230701976608 0.6695987163937522
1629013244.551958561 3.7264430972071265 0.5629600227825974 0.0 0.0 0.0 0.7427230340400496 0.6695987564999978
1629013244.551958561 3.726654594042476 0.5628712009464898 0.0 0.0 0.0 0.7427230349951547 0.6695987554405893
1629013245.052947521 3.7264060651148205 0.5624341614339776 0.0 0.0 0.0 0.7427230467876492 0.669598742360282
1629013245.253318071 3.7258548822008466 0.5627315427255384 0.0 0.0 0.0 0.7427230519869501 0.6695987365931855
1629013245.654092550 3.7253490363002757 0.5629427151159618 0.0 0.0 0.0 0.7427230951028891 0.6695986887687166
1629013246.255266666 3.7259792529501534 0.5631765679197343 0.0 0.0 0.0 0.7427230769874525 0.6695987088624727
1629013246.555862904 3.726165832514206 0.5635650365819945 0.0 0.0 0.0 0.7427230668998563 0.6695987200516975
1629013246.956682920 3.7253987136073814 0.5639142637153004 0.0 0.0 0.0 0.7427230890779294 0.6695986954516401
1629013247.157055855 3.7248670931895895 0.5647026472077189 0.0 0.0 0.0 0.7427230890546215 0.6695986954774933
1629013247.557822704 3.7245088116493923 0.5641228308778856 0.0 0.0 0.0 0.742723083258326 0.6695987019067806
1629013248.259931803 3.7247697309209316 0.5646860508504223 0.0 0.0 0.0 0.7427230933994522 0.6695986906581797
1629013248.960558414 3.725416398449137 0.5635024560490995 0.0 0.0 0.0 0.742723082365949 0.6695987028966108
1629013249.461553097 3.7255752112673224 0.5636971030379936 0.0 0.0 0.0 0.7427230433601772 0.6695987461620551
1629013250.263106346 3.7251194678482022 0.5645596982543439 0.0 0.0 0.0 0.742723042594727 0.6695987470110972
1629013250.864261150 3.7260782886868267 0.5644735338111272 0.0 0.0 0.0 0.7427230307022923 0.6695987602022586
1629013251.365235329 3.7267100654130254 0.5655719166902234 0.0 0.0 0.0 0.742723066397185 0.6695987206092637
1629013252.166831970 3.726209998435804 0.5662494070391272 0.0 0.0 0.0 0.7427230647979631 0.6695987223831305
1629013252.467393875 3.725706476252118 0.5666425554328733 0.0 0.0 0.0 0.7427230787481013 0.6695987069095503
1629013252.667804718 3.726261940321994 0.5658434709569594 0.0 0.0 0.0 0.7427230781046302 0.6695987076232923
1629013253.168779850 3.7263295081003234 0.5656200829601965 0.0 0.0 0.0 0.7427230753171474 0.6695987107151857
1629013253.769940376 3.7260745801596693 0.5655303997084723 0.0 0.0 0.0 0.7427230656962168 0.6695987213867819
1629013254.771917343 3.7262859488742257 0.5653205279711592 0.0 0.0 0.0 0.7427230408998485 0.6695987488910669
1629013255.573482752 3.7260334127893397 0.565147127643241 0.0 0.0 0.0 0.742723071430097 0.6695987150267263
1629013255.974318027 3.725943590237881 0.5638111583254054 0.0 0.0 0.0 0.7427230862242733 0.6695986986169333
1629013256.876011133 3.7251238837034686 0.5640865655377242 0.0 0.0 0.0 0.742723090345416 0.6695986940457359
1629013258.078352928 3.7254312622453565 0.5643920354467282 0.0 0.0 0.0 0.742723120424038 0.6695986606823374
1629013258.579374075 3.725759064683434 0.5658769561770414 0.0 0.0 0.0 0.7427230900796759 0.6695986943404966
1629013259.581286430 3.7257540199568426 0.5667826014760757 0.0 0.0 0.0 0.7427231111530351 0.6695986709657928
1629013260.082254410 3.726270625390881 0.566069346063212 0.0 0.0 0.0 0.7427231010812495 0.6695986821374815
1629013260.683427811 3.726169566251861 0.5654267691663596 0.0 0.0 0.0 0.7427231047398586 0.669598678079329
1629013261.184803009 3.7250178037416757 0.5635598826869007 0.0 0.0 0.0 0.7427230885053794 0.6695986960867161
1629013262.086208582 3.724566935425015 0.5635461646743783 0.0 0.0 0.0 0.7427231095086941 0.6695986727897064
1629013262.186375856 3.722928480255781 0.5632911524862267 0.0 0.0 0.0 0.7427231225240917 0.6695986583529443
1629013262.687365055 3.7229813095126296 0.5630705605106012 0.0 0.0 0.0 0.7427231239269289 0.6695986567969083
1629013263.388790369 3.7232951907947305 0.5635027216937684 0.0 0.0 0.0 0.7427231189057621 0.6695986623664186
1629013264.691281557 3.7229476948668543 0.5642979889581299 0.0 0.0 0.0 0.7427231220229547 0.6695986589088088
1629013265.292447567 3.7221861634887032 0.5636854317160173 0.0 0.0 0.0 0.742723127309465 0.6695986530449776
1629013265.893932343 3.7224821526097798 0.5637187789873458 0.0 0.0 0.0 0.7427231431222986 0.6695986355052805
1629013266.795362473 3.7223387276731508 0.5650596216140632 0.0 0.0 0.0 0.7427231314965361 0.6695986484006513
1629013266.996018648 3.722168115038335 0.5653744021528123 0.0 0.0 0.0 0.7427231313569755 0.6695986485554529
1629013267.596940279 3.7225955480987394 0.5660784253185914 0.0 0.0 0.0 0.7427231472653515 0.6695986309097793
1629013268.498708248 3.7214916015511466 0.5661860919395036 0.0 0.0 0.0 0.7427231565349594 0.66959862062787
1629013269.099856377 3.7213631425322053 0.5668062740928602 0.0 0.0 0.0 0.7427231352211657 0.6695986442692683
1629013269.200072765 3.7213332079982324 0.567260592322661 0.0 0.0 0.0 0.7427231344870668 0.6695986450835354
1629013269.500660896 3.7218073923425536 0.5666231181982172 0.0 0.0 0.0 0.7427231645642652 0.6695986117217115
1629013269.702066660 3.7219970271220886 0.5685151567014733 0.0 0.0 0.0 0.7427231997139008 0.6695985727335035
1629013269.801248312 3.721598983305106 0.5692370839546209 0.0 0.0 0.0 0.7427232393097767 0.6695985288134916
1629013270.302225113 3.7218722089055465 0.569549744209911 0.0 0.0 0.0 0.7427232352411031 0.6695985333264919
1629013270.903461933 3.722101972377465 0.5693890493015072 0.0 0.0 0.0 0.7427232583796304 0.6695985076610795
1629013270.903461933 3.721705145209548 0.5702804959670259 0.0 0.0 0.0 0.7427232426117152 0.6695985251509589
1629013271.404375553 3.7222071823974674 0.5692582341612584 0.0 0.0 0.0 0.7427232217957358 0.6695985482401842
1629013271.905340433 3.7228397839496177 0.5694115168412655 0.0 0.0 0.0 0.7427232430221985 0.669598524695648
1629013272.206001997 3.7227444547976916 0.5696018959741054 0.0 0.0 0.0 0.7427232406883881 0.6695985272843263
1629013272.707123518 3.722588152168561 0.5695733878926532 0.0 0.0 0.0 0.7427232391753729 0.6695985289625731
1629013273.207884312 3.7216693970324726 0.5691851634908491 0.0 0.0 0.0 0.7427233015897425 0.6695984597321235
1629013273.408269882 3.7208678833789444 0.5704577893674715 0.0 0.0 0.0 0.7427232792546392 0.6695984845063758
1629013273.809125662 3.7211979678442906 0.5702529563660182 0.0 0.0 0.0 0.7427232952981508 0.6695984667108011
1629013274.009464025 4.888235267090459 1.3137618801357807 0.0 0.0 0.0 0.8663369164311753 0.49946005568866353
1629013275.311985254 4.88851733469806 1.3141387096868353 0.0 0.0 0.0 0.8663369094406337 0.49946006781408586
1629013275.812977314 4.889319182014139 1.3144077937952718 0.0 0.0 0.0 0.8663369199321933 0.4994600496159832
1629013276.313955784 4.889053653624388 1.315892760917436 0.0 0.0 0.0 0.8663369113588485 0.4994600644868523
1629013276.514402390 4.888490784986419 1.3152549079407783 0.0 0.0 0.0 0.866336932547444 0.4994600277342376
1629013276.614527225 4.887981443173736 1.3151130189512446 0.0 0.0 0.0 0.8663369163593468 0.4994600558132532
1629013277.015316010 4.887823944928607 1.315325670508872 0.0 0.0 0.0 0.8663369680447661 0.49945996616245625
1629013277.015316010 4.887370585577793 1.3158686267818451 0.0 0.0 0.0 0.8663369596772793 0.49945998067625813
1629013277.215725422 4.887012987404744 1.3159265776767697 0.0 0.0 0.0 0.8663369735895453 0.4994599565447739
1629013277.616681337 4.885546712080368 1.3144371376537423 0.0 0.0 0.0 0.8663369806630697 0.4994599442754103
1629013278.117462635 4.885621473642194 1.314730637017283 0.0 0.0 0.0 0.8663369730992718 0.4994599573951765
1629013278.718654156 4.886057426324318 1.3146184049711425 0.0 0.0 0.0 0.8663369314210649 0.4994600296879951
1629013278.919036388 4.886253175647194 1.3130395135614354 0.0 0.0 0.0 0.8663368910680459 0.4994600996821996
1629013279.822077751 4.8864383327490595 1.3121085436268636 0.0 0.0 0.0 0.8663368817673208 0.4994601158147417
1629013280.822953224 4.162850110114579 -0.09818101126846418 0.0 0.0 0.0 0.6945063203674604 0.7194866023559093
1629013281.023141384 4.161751073538886 -0.09786802722903572 0.0 0.0 0.0 0.6945063054546493 0.7194866167509534
1629013281.323719501 4.162357748970885 -0.09771413431698589 0.0 0.0 0.0 0.6945063156103568 0.7194866069478483
1629013281.524127960 4.160570821133181 -0.0968700822254741 0.0 0.0 0.0 0.694506346970998 0.7194865766760348
1629013281.824714661 4.161241481128341 -0.09670409267174447 0.0 0.0 0.0 0.694506344194705 0.7194865793559362
1629013282.125304222 4.161171385770098 -0.09635120422463146 0.0 0.0 0.0 0.694506349932924 0.7194865738169455
1629013283.027065277 4.160667738721015 -0.09590988310224713 0.0 0.0 0.0 0.6945063634538404 0.7194865607654685
1629013283.728429317 4.1600289870075 -0.09530737209013425 0.0 0.0 0.0 0.6945063203429619 0.7194866023795573
1629013285.031048775 4.160744464549995 -0.09715067956929659 0.0 0.0 0.0 0.6945062907701177 0.7194866309256432
1629013285.632148743 4.1612716203265165 -0.0983617341816541 0.0 0.0 0.0 0.6945063038162396 0.7194866183324783
1629013286.233335018 4.161134164185208 -0.09828507933171071 0.0 0.0 0.0 0.6945062802923645 0.7194866410396121
1629013287.335497141 4.161218364145694 -0.0978687595772672 0.0 0.0 0.0 0.6945062826701868 0.7194866387443472
1629013288.238262653 4.162273423806276 -0.09839200799424748 0.0 0.0 0.0 0.6945062648542158 0.7194866559417525
1629013289.139037371 4.162684546614139 -0.09741594414111739 0.0 0.0 0.0 0.6945062994532848 0.7194866225439528
1629013289.740151167 4.161426033323099 -0.09836447616031639 0.0 0.0 0.0 0.6945062929131904 0.7194866288569772
1629013290.241132259 4.16190000348901 -0.09885413591631027 0.0 0.0 0.0 0.694506279286538 0.7194866420105166
1629013290.942499161 4.162166411406456 -0.09830657110670911 0.0 0.0 0.0 0.6945062455541597 0.7194866745717151
1629013291.643872261 4.162387624143497 -0.09867827702709081 0.0 0.0 0.0 0.6945062582302548 0.7194866623357312
1629013291.944457531 4.161167082580213 -0.09819258885474336 0.0 0.0 0.0 0.6945062523965249 0.7194866679669155
1629013292.445479393 4.161220188250441 -0.09869103731637191 0.0 0.0 0.0 0.6945062927916857 0.7194866289742634
1629013293.047432423 4.1623025893761 -0.09842538548493648 0.0 0.0 0.0 0.6945062978606087 0.7194866240813317
1629013293.848223686 4.161368861854466 -0.09973062200764368 0.0 0.0 0.0 0.6945062676251647 0.7194866532670103
1629013294.449362993 4.160819037043714 -0.09984302987461785 0.0 0.0 0.0 0.6945062698501776 0.7194866511192493
1629013295.150742054 4.159949714152767 -0.09947939446660495 0.0 0.0 0.0 0.6945062432783419 0.7194866767685171
1629013295.651784420 4.158108141832592 -0.09947647601718697 0.0 0.0 0.0 0.6945062062822193 0.7194867124801398
1629013296.152692318 4.158396781453018 -0.10036007699247852 0.0 0.0 0.0 0.6945061875124682 0.7194867305982067
1629013296.753854752 4.157116803055938 -0.09910017746839457 0.0 0.0 0.0 0.694506172166383 0.7194867454114763
1629013297.254834890 4.156392777903228 -0.09867471634977346 0.0 0.0 0.0 0.6945062364893767 0.7194866833217707
1629013297.755830765 4.154944585664074 -0.10079139840545277 0.0 0.0 0.0 0.6945062532635887 0.7194866671299559
1629013298.356981039 4.1538459649487445 -0.10078924670443846 0.0 0.0 0.0 0.6945062576700035 0.7194866628765307
1629013298.958150387 4.153951350306025 -0.1005449417582961 0.0 0.0 0.0 0.6945062707917158 0.719486650210401
1629013299.759720087 4.153884753066561 -0.09966687565382612 0.0 0.0 0.0 0.6945062778740654 0.7194866433739486
1629013300.361333370 4.153354366780877 -0.09846404833246204 0.0 0.0 0.0 0.6945062842796894 0.7194866371907259
1629013300.962058544 4.152615262026845 -0.09763403502166235 0.0 0.0 0.0 0.694506261886763 0.7194866588061761
1629013301.863822460 4.151923219509639 -0.09809696376192685 0.0 0.0 0.0 0.6945062767316503 0.7194866444766993
1629013302.665424824 4.1519094408209085 -0.09963435534458435 0.0 0.0 0.0 0.6945062475385211 0.7194866726562504
1629013302.865775824 4.151679833180882 -0.10002823602670764 0.0 0.0 0.0 0.6945062594221486 0.7194866611852198
1629013303.867745638 4.15293986754481 -0.10056618832900646 0.0 0.0 0.0 0.6945062420993025 0.7194866779066205
1629013304.370109081 4.152218228859117 -0.10086842101830326 0.0 0.0 0.0 0.6945062210305508 0.7194866982438687
1629013305.271343708 4.151003095591323 -0.10067084080448585 0.0 0.0 0.0 0.6945062140102336 0.7194867050204413
1629013306.072058678 4.150572892956778 -0.10132847196596599 0.0 0.0 0.0 0.6945062182778188 0.7194867009010262
1629013306.575726032 4.150463352336004 -0.09894986900974252 0.0 0.0 0.0 0.6945062304656526 0.719486689136352
1629013307.374596596 4.150217271525547 -0.0990783283028282 0.0 0.0 0.0 0.6945062285815636 0.7194866909550258
1629013307.975763083 4.150207908762431 -0.09871190299655266 0.0 0.0 0.0 0.6945061894874595 0.7194867286917869
1629013308.476742268 4.149217015116489 -0.0992742435438698 0.0 0.0 0.0 0.6945062045882949 0.7194867141152513
