1629013127.723922968 0.00039830014259368196 0.000514213191260344 0.0 0.0 0.0 -2.63480048031909e-08 0.9999999999999997
1629013128.224887848 -0.0004967601317923898 0.001046704266745838 0.0 0.0 0.0 -1.0247910777797898e-08 1.0
1629013128.325093031 -0.0004191330233704001 0.00012350607197810285 0.0 0.0 0.0 -3.259460869031995e-08 0.9999999999999994
1629013128.425327301 -0.002299683075376254 4.307538114157391e-05 0.0 0.0 0.0 -2.1819788851967528e-08 0.9999999999999998
1629013128.525490284 -0.0011353330795073294 -0.00029674636674771935 0.0 0.0 0.0 -4.750126172593475e-09 1.0
1629013128.625700474 -0.0018407818125431147 7.637117138506965e-05 0.0 0.0 0.0 1.1487695257375086e-08 0.9999999999999999
1629013128.625700474 -0.0017662474101740268 0.0002987330250939147 0.0 0.0 0.0 2.946902776469269e-08 0.9999999999999996
1629013128.926275730 -0.002102070576080849 0.001369343909497756 0.0 0.0 0.0 2.812714555500967e-08 0.9999999999999996
1629013129.327075481 -0.0018575089697400334 0.002027531816591344 0.0 0.0 0.0 2.5088375870287525e-08 0.9999999999999997
1629013129.727863789 -0.0013484579960773768 0.0015945816207502633 0.0 0.0 0.0 2.0616684780633635e-08 0.9999999999999998
1629013129.928267002 -0.0018127638614278446 0.0017472150633482605 0.0 0.0 0.0 4.8846714792258584e-08 0.9999999999999988
1629013129.928267002 -0.0008744594771789529 -0.000642601895788633 0.0 0.0 0.0 0.0007177603830793193 0.999999742409983
1629013130.128615141 -0.00026901718154194313 -0.0009646852257083123 0.0 0.0 0.0 0.0007177643175438066 0.999999742407159
1629013130.729794502 -0.0009025143897660498 -0.000908454241996874 0.0 0.0 0.0 0.0007177580027027214 0.9999997424116917
1629013130.830001831 0.0005818145029089102 0.00043213799283084973 0.0 0.0 0.0 0.0007177670119852342 0.999999742405225
1629013131.230769873 -0.0004128777487471349 -0.00015002047123687337 0.0 0.0 0.0 0.0007177661863370862 0.9999997424058177
1629013131.631546736 0.0010407177183451748 -0.0016106874609503655 0.0 0.0 0.0 0.0007178567548149552 0.9999997423408066
1629013131.731744289 -5.432904559895635e-05 -0.0022061790250194418 0.0 0.0 0.0 0.0007178786445079088 0.9999997423250927
1629013131.831948757 0.0003057846564531642 -0.00010991597755775169 0.0 0.0 0.0 0.0007178959159053496 0.9999997423126937
1629013131.831948757 1.5384617202115304e-05 0.0001669944769185521 0.0 0.0 0.0 0.0007177918452361581 0.9999997423874003
1629013132.533311367 -0.0010632675072045827 -0.00017284462168840604 0.0 0.0 0.0 0.0007178956767826056 0.9999997423128655
1629013132.934135914 0.00023372662364240732 0.0009224195855805809 0.0 0.0 0.0 0.0007179193119372753 0.9999997422958976
1629013133.134488583 0.0039973570795804126 -0.0013227610317349133 0.0 0.0 0.0 0.0007179241681401251 0.9999997422924112
1629013132.934135914 0.1620928783889526 -0.03710707519194945 0.0 0.0 0.0 0.02467965505854379 0.9996954109258436
1629013133.134488583 0.1626406426912735 -0.038739453349001245 0.0 0.0 0.0 0.024334469595199717 0.999703872949145
1629013133.635461807 0.16308004030323875 -0.03850304903045219 0.0 0.0 0.0 0.024334430421899624 0.9997038739026881
1629013135.038238049 0.1595086907562229 -0.03462288687224923 0.0 0.0 0.0 0.02433431136609657 0.9997038768006944
1629013135.243909359 0.16019616802004613 -0.03446336946085817 0.0 0.0 0.0 0.024334377207346852 0.9997038751980161
1629013135.639563084 0.16092507986127572 -0.03365483258287468 0.0 0.0 0.0 0.024334461053402937 0.9997038731570667
1629013135.739579201 0.16020242547412722 -0.03386741327522023 0.0 0.0 0.0 0.024334463444929386 0.9997038730988529
1629013135.739579201 0.16070577053604862 -0.03660281736657143 0.0 0.0 0.0 0.024334240295213843 0.9997038785306651
1629013136.140389442 0.15973866851874668 -0.03528968462319193 0.0 0.0 0.0 0.02433417867129984 0.9997038800306786
1629013136.240868092 0.15965403757171562 -0.035619141404684466 0.0 0.0 0.0 0.024334236263469908 0.9997038786288036
1629013136.340748310 0.16002224108310625 -0.03471302483374075 0.0 0.0 0.0 0.02433423265717286 0.9997038787165861
1629013136.541119576 0.1612095646534992 -0.03555113151655295 0.0 0.0 0.0 0.024334262991877555 0.9997038779781952
1629013137.242624760 0.16165763675001074 -0.035714319138263034 0.0 0.0 0.0 0.024334261079447563 0.9997038780247465
1629013137.342700481 0.1615559252530831 -0.034071377705190656 0.0 0.0 0.0 0.024334234194529743 0.9997038786791645
1629013137.552075386 0.16164663510980684 -0.03358328336863807 0.0 0.0 0.0 0.024334508236749406 0.9997038720085442
1629013136.240868092 0.19287908747171226 -0.1327490828428425 0.0 0.0 0.0 -0.0796363798471738 0.9968239799507417
1629013136.340748310 0.19289891506151663 -0.13834026818815043 0.0 0.0 0.0 -0.08446610199189417 0.9964263533318932
1629013136.541119576 0.20110585714160423 -0.16689483162317867 0.0 0.0 0.0 -0.09637652304112136 0.9953449481493861
1629013137.242624760 0.23589784133219469 -0.23752236735109214 0.0 0.0 0.0 -0.13922293585922327 0.9902610636245064
1629013137.342700481 0.24410915054225102 -0.25524960331035296 0.0 0.0 0.0 -0.14656606288901344 0.9892008841530692
1629013137.552075386 0.2900851098525895 -0.29061528516163976 0.0 0.0 0.0 -0.1630582499774158 0.9866164437684497
1629013138.044185638 0.2912247144339079 -0.293150606494397 0.0 0.0 0.0 -0.16305834535127947 0.986616428005992
1629013138.545035839 0.2906195621800342 -0.2944485361044496 0.0 0.0 0.0 -0.16305835016936063 0.9866164272097065
1629013138.945878506 0.2933192025947133 -0.2937267614839852 0.0 0.0 0.0 -0.1630583352806981 0.9866164296703596
1629013138.945878506 0.9812805891360378 -0.5606645819254916 0.0 0.0 0.0 -0.23880035488126247 0.9710686847533407
1629013139.446808338 0.9806683963539556 -0.5611542862548741 0.0 0.0 0.0 -0.23880033029340697 0.9710686907998629
1629013139.847644329 0.9815786620907251 -0.5607240492138934 0.0 0.0 0.0 -0.23880029750677986 0.9710686988625848
1629013140.047982454 0.9809842995199513 -0.5599128613354344 0.0 0.0 0.0 -0.23880030941477154 0.9710686959342317
1629013140.248363495 0.9821542541518824 -0.5603722559753922 0.0 0.0 0.0 -0.23880033719510138 0.9710686891026329
1629013140.649135590 0.9816575051629542 -0.5610828743924182 0.0 0.0 0.0 -0.2388003656473182 0.9710686821058061
1629013141.250308990 0.9822304286279618 -0.5617401532595713 0.0 0.0 0.0 -0.2388003665415775 0.9710686818858943
1629013141.751293659 0.9819494581889668 -0.5620794379995178 0.0 0.0 0.0 -0.23880032780240096 0.9710686914124386
1629013142.853490353 0.9826256719981785 -0.5612254888796292 0.0 0.0 0.0 -0.23880034121082894 0.9710686881151053
1629013143.053889513 0.982715483697824 -0.561887316312886 0.0 0.0 0.0 -0.2388003340543047 0.9710686898750018
1629013143.154386997 0.9825988995415006 -0.5627546106166732 0.0 0.0 0.0 -0.2388003326855675 0.9710686902115948
1629013143.254235268 0.9831768675199941 -0.5629134232317153 0.0 0.0 0.0 -0.23880032642695334 0.9710686917506818
1629013143.354449272 0.9829605141764631 -0.5638317432495648 0.0 0.0 0.0 -0.23880032606092932 0.9710686918406926
1629013143.454634190 0.9832736586331766 -0.5646368361442192 0.0 0.0 0.0 -0.23880038318774888 0.9710686777923507
1629013144.055785656 0.9839038036791646 -0.5644427020866809 0.0 0.0 0.0 -0.2388003632070729 0.9710686827058991
1629013144.256221533 0.9826968672825085 -0.5648286894493396 0.0 0.0 0.0 -0.23880034259786956 0.9710686877740112
1629013144.357876301 0.9831397997846547 -0.5647968269390437 0.0 0.0 0.0 -0.23880032173781385 0.9710686929038113
1629013144.656959772 0.9839153824024124 -0.5645923916657797 0.0 0.0 0.0 -0.238800290656231 0.971068700547237
1629013144.757164955 0.9858710436289678 -0.5645621150720187 0.0 0.0 0.0 -0.23880031487588088 0.9710686945912633
1629013144.757164955 0.985756536948754 -0.5640682851557752 0.0 0.0 0.0 -0.23880035173535258 0.9710686855269672
1629013144.957559347 0.9850616418731476 -0.5648217085408034 0.0 0.0 0.0 -0.23880032684744448 0.9710686916472767
1629013145.057746887 0.9848555577118024 -0.5641401001075027 0.0 0.0 0.0 -0.2388002890360123 0.971068700945673
1629013145.157940865 0.9847492851871528 -0.5639039736280708 0.0 0.0 0.0 -0.23880026384481437 0.9710687071405643
1629013145.258138657 0.9860106919939903 -0.5633942389957473 0.0 0.0 0.0 -0.2388002746317418 0.9710687044878981
1629013145.258138657 0.9856603970176291 -0.562422225841803 0.0 0.0 0.0 -0.23880028878542084 0.9710687010072973
1629013145.658915520 0.9851618278157355 -0.5620651749332706 0.0 0.0 0.0 -0.23880028388351204 0.9710687022127498
1629013145.859305143 0.9861876165316997 -0.5620232394355184 0.0 0.0 0.0 -0.23880026774975585 0.971068706180281
1629013145.959497690 0.9874309268720763 -0.5618939391329328 0.0 0.0 0.0 -0.23880028740762319 0.9710687013461182
1629013146.260293722 0.9879257639557677 -0.5625828116679494 0.0 0.0 0.0 -0.23880024565080907 0.9710687116147411
1629013146.360308409 0.9886822042131804 -0.5635116684264784 0.0 0.0 0.0 -0.2388002430507909 0.9710687122541243
1629013146.761072397 0.9901690168714887 -0.5645762699510286 0.0 0.0 0.0 -0.23880029195070535 0.9710687002289066
1629013146.861275196 0.9903987082061988 -0.5642192845075582 0.0 0.0 0.0 -0.2388002777981393 0.9710687037092337
1629013146.961471319 0.9904283216823695 -0.5657847231650772 0.0 0.0 0.0 -0.23880032753617578 0.9710686914779073
1629013147.363122463 0.9913641831965685 -0.5665555835119296 0.0 0.0 0.0 -0.2388003086204689 0.9710686961295626
1629013147.662840843 0.9912572885192847 -0.5677844706192778 0.0 0.0 0.0 -0.23880029832278413 0.9710686986619171
1629013147.963420868 0.9918944959326872 -0.5677894160857375 0.0 0.0 0.0 -0.23880030569797306 0.971068696848248
1629013148.163911819 0.9914567765930047 -0.5681441092197663 0.0 0.0 0.0 -0.23880028262302747 0.9710687025227217
1629013148.464430809 0.9916583022924683 -0.5684210762755555 0.0 0.0 0.0 -0.23880032487023253 0.9710686921335027
1629013148.564584255 0.9926973151795992 -0.5694053017936632 0.0 0.0 0.0 -0.23880033236920556 0.9710686902893929
1629013148.967636585 0.9922796199201348 -0.5690992816740948 0.0 0.0 0.0 -0.2388003514625059 0.9710686855940642
1629013149.566569805 0.9920395203649819 -0.5696182863394871 0.0 0.0 0.0 -0.2388003810475958 0.9710686783186465
1629013150.267954588 0.9921341022898214 -0.5695911000399697 0.0 0.0 0.0 -0.23880039641075942 0.9710686745406136
1629013150.368111134 0.9920798023400548 -0.5685191904622923 0.0 0.0 0.0 -0.238800399239579 0.9710686738449643
1629013150.468353271 0.9925821298064301 -0.5680499538868461 0.0 0.0 0.0 -0.23880034742753575 0.971068686586324
1629013150.571737289 0.9929576053134879 -0.5679028995666446 0.0 0.0 0.0 -0.23880040641354153 0.971068672080779
1629013150.668736935 0.9922145372157537 -0.567278951987811 0.0 0.0 0.0 -0.23880043680451915 0.9710686646071794
1629013150.768898010 0.9925597158807141 -0.5664336033959825 0.0 0.0 0.0 -0.23880046209348868 0.97106865838824
1629013150.869095564 0.9925268240022664 -0.5664920778218007 0.0 0.0 0.0 -0.23880041745551403 0.9710686693653916
1629013151.470263958 0.9928471473410714 -0.5664871372101784 0.0 0.0 0.0 -0.23880043281223517 0.9710686655889423
1629013151.570468903 0.9934658728322505 -0.5672575152614321 0.0 0.0 0.0 -0.23880042870557217 0.9710686665988327
1629013151.770849705 0.9934720902332467 -0.5666490066778923 0.0 0.0 0.0 -0.23880041665977506 0.9710686695610758
1629013151.971232891 0.9936417771319281 -0.5667555644183726 0.0 0.0 0.0 -0.23880042901252088 0.9710686665233494
1629013152.171621323 0.9934211155343131 -0.567944909298158 0.0 0.0 0.0 -0.23880045468717556 0.9710686602095643
1629013152.672604084 0.9932472783482296 -0.5684169828048101 0.0 0.0 0.0 -0.23880045145605444 0.9710686610041458
1629013152.772806168 0.9924377172814053 -0.5692843170624782 0.0 0.0 0.0 -0.23880043399845863 0.9710686652972321
1629013152.872993946 0.9929673635488425 -0.5696896141075523 0.0 0.0 0.0 -0.23880038055745298 0.97106867843918
1629013153.073383331 0.992487012801039 -0.5697776775099246 0.0 0.0 0.0 -0.2388003620041423 0.9710686830017178
1629013153.574472904 0.99255282132227 -0.5686659811037651 0.0 0.0 0.0 -0.23880035522950832 0.9710686846677019
1629013153.874973774 0.9927560449425535 -0.5689178868576906 0.0 0.0 0.0 -0.23880038357085323 0.9710686776981396
1629013153.975163460 0.9941326381183783 -0.5689275906796275 0.0 0.0 0.0 -0.23880032070951454 0.9710686931566855
1629013152.872993946 3.6626063170813343 -0.426730213268877 0.0 0.0 0.0 0.36246653183300664 0.9319967882460497
1629013153.073383331 3.685111959660622 -0.3784054511867813 0.0 0.0 0.0 0.3843843258679931 0.9231731636193767
1629013153.574472904 3.8412817898598988 -0.20240318930477774 0.0 0.0 0.0 0.4386571347589334 0.898654504314691
1629013153.874973774 3.9178472234561528 -0.08979754009170222 0.0 0.0 0.0 0.47011642875617354 0.88260440935537
1629013153.975163460 3.9178015618370026 -0.08856237616636567 0.0 0.0 0.0 0.47011638469954414 0.882604432821992
1629013154.278061152 3.9167799333159703 -0.08879588492214285 0.0 0.0 0.0 0.47011636404691654 0.8826044438225468
1629013154.375954628 3.9166875540307675 -0.08857125109381846 0.0 0.0 0.0 0.47011635040267 0.8826044510901098
1629013154.375954628 3.918211194482699 -0.08876975535981663 0.0 0.0 0.0 0.47011640466114224 0.8826044221895113
1629013154.576766491 3.9184551685489075 -0.08735495236417445 0.0 0.0 0.0 0.47011644398859326 0.88260440124187
1629013154.678047657 3.918012545724009 -0.08709429752583676 0.0 0.0 0.0 0.470116432556897 0.8826044073309268
1629013154.678047657 3.918619568809983 -0.08632865549219522 0.0 0.0 0.0 0.4701164337132588 0.8826044067149944
1629013154.878062725 3.9183749778195986 -0.08606313871851272 0.0 0.0 0.0 0.4701164088986954 0.8826044199323922
1629013155.377923250 3.9184064250631523 -0.08734475478135634 0.0 0.0 0.0 0.4701163976684005 0.8826044259141727
1629013155.578306198 3.917462317570113 -0.0881718741378247 0.0 0.0 0.0 0.4701163697071744 0.8826044408076289
1629013155.778695822 3.9175586252468704 -0.08824052878263249 0.0 0.0 0.0 0.47011638562759334 0.8826044323276696
1629013155.878878117 3.9176998136161365 -0.08915782919691885 0.0 0.0 0.0 0.47011637846261295 0.8826044361440731
1629013155.979108810 3.9179685410030105 -0.08896625221558324 0.0 0.0 0.0 0.4701163504958717 0.8826044510404663
1629013156.079273701 3.917868237965476 -0.08863239172734107 0.0 0.0 0.0 0.4701163586765511 0.8826044466830543
1629013156.079273701 3.916919505742626 -0.0875943051524078 0.0 0.0 0.0 0.47011633701848504 0.8826044582191517
1629013156.279649734 3.916522240427444 -0.08771160052206566 0.0 0.0 0.0 0.4701162618404177 0.8826044982624958
1629013156.379860163 3.9170395515837106 -0.08817857754593564 0.0 0.0 0.0 0.4701163074331581 0.8826044739776773
1629013156.480060577 3.9171797668485935 -0.08829689313285423 0.0 0.0 0.0 0.470116308628229 0.8826044733411268
1629013156.581030369 3.9167383590193485 -0.08807368702666296 0.0 0.0 0.0 0.47011631702887896 0.8826044688665488
1629013156.680430412 3.917107518238283 -0.08768706333864994 0.0 0.0 0.0 0.47011630289732975 0.882604476393671
1629013156.780653477 3.9173229573162063 -0.08882655849224137 0.0 0.0 0.0 0.47011630609244764 0.8826044746918021
1629013156.780653477 3.916860651434743 -0.08894705124778365 0.0 0.0 0.0 0.47011630987737024 0.8826044726757759
1629013157.181401730 3.917906766693947 -0.08883072158316103 0.0 0.0 0.0 0.47011631917440094 0.8826044677237436
1629013157.686052322 3.91843556930566 -0.088552507587906 0.0 0.0 0.0 0.470116312444828 0.8826044713082282
1629013157.982985973 3.917936041494656 -0.08691634542113619 0.0 0.0 0.0 0.4701162894008816 0.8826044835825085
1629013158.684444427 3.988111905449791 1.959759172863419 0.0 0.0 0.0 0.8806895202601918 0.47369396122799934
1629013158.784572601 3.9883031953273163 1.9592203477754147 0.0 0.0 0.0 0.8806895481786325 0.47369390932216554
1629013158.984942913 3.9883489910916206 1.957870235962902 0.0 0.0 0.0 0.8806895664476159 0.4736938753565539
1629013159.085130692 3.9893612265541853 1.959084914644589 0.0 0.0 0.0 0.8806895724499977 0.47369386419695186
1629013159.485904694 3.9906526637148616 1.959413938576357 0.0 0.0 0.0 0.8806895812361829 0.4736938478617141
1629013159.686296701 3.989091036471373 1.9589741006533985 0.0 0.0 0.0 0.880689574937228 0.4736938595727041
1629013159.886710405 3.9893744598731344 1.9576600901538068 0.0 0.0 0.0 0.8806895868306461 0.4736938374605119
1629013160.187287807 3.9911552270652733 1.9574022392715362 0.0 0.0 0.0 0.8806896029131402 0.47369380756000534
1629013160.287604094 3.9904569700328127 1.9584525333839993 0.0 0.0 0.0 0.8806896167734808 0.4736937817909155
1629013160.490854502 3.9917362493261064 1.9577408870597368 0.0 0.0 0.0 0.8806896197661749 0.47369377622691045
1629013160.588062286 3.993047763978971 1.9573066096763743 0.0 0.0 0.0 0.8806896380055875 0.4736937423162642
1629013160.788452625 3.994039210342289 1.957418933997467 0.0 0.0 0.0 0.8806896481528315 0.47369372345054545
1629013161.089177847 3.9940481778636707 1.9570646588248513 0.0 0.0 0.0 0.8806896339561971 0.47369374984487544
1629013161.590049744 3.993831551962999 1.9562324335548316 0.0 0.0 0.0 0.8806896063095758 0.4736938012453661
1629013161.790414810 3.993825721945769 1.956816719895278 0.0 0.0 0.0 0.880689597795065 0.47369381707550995
1629013161.990804672 3.993818837954075 1.9558541168959764 0.0 0.0 0.0 0.8806895916786931 0.47369382844704333
1629013162.391571283 3.993005474833153 1.9566886445126113 0.0 0.0 0.0 0.8806895789155859 0.4736938521761583
1629013162.792377234 3.9943602609997897 1.956626164481177 0.0 0.0 0.0 0.8806895501441668 0.47369390566785335
1629013162.992767334 3.995468487237274 1.9560717297415138 0.0 0.0 0.0 0.8806895594192343 0.47369388842368954
1629013163.794341564 3.9954049433332326 1.9557445347104638 0.0 0.0 0.0 0.8806895635070847 0.4736938808235764
1629013163.994716644 3.996303931877597 1.9560293290276738 0.0 0.0 0.0 0.880689586285731 0.47369383847361574
1629013164.297129869 3.9960962839543424 1.9569470139436855 0.0 0.0 0.0 0.8806895577135718 0.47369389159484965
1629013164.395480871 3.996241434758435 1.9563242765939153 0.0 0.0 0.0 0.8806895696072091 0.4736938694822519
1629013164.395480871 3.996438766465241 1.9555544615571139 0.0 0.0 0.0 0.8806895832140107 0.4736938441845452
1629013164.796288013 3.9971708866061593 1.9548743087762317 0.0 0.0 0.0 0.8806895816295827 0.473693847130307
1629013165.197075605 3.996603288859262 1.955345968315474 0.0 0.0 0.0 0.8806895963587231 0.4736938197459509
1629013165.597881317 3.9953825983069486 1.9540993144637877 0.0 0.0 0.0 0.8806895892854604 0.47369383289653155
1629013165.898430824 3.996169817606172 1.9534069784139951 0.0 0.0 0.0 0.8806895913456838 0.4736938290661727
1629013165.998615742 3.9966232827026547 1.953774852641298 0.0 0.0 0.0 0.8806896025129427 0.473693808304051
1629013166.299229145 3.996724532434287 1.9536498727176235 0.0 0.0 0.0 0.8806896061945998 0.4736938014591291
1629013167.200989485 3.996941058156883 1.9536540071410897 0.0 0.0 0.0 0.8806896015892013 0.47369381002146727
1629013167.902340412 3.9968940652436142 1.9544180783765945 0.0 0.0 0.0 0.8806895854259407 0.47369384007213433
1629013168.102773190 3.9971678988693435 1.9548008116119966 0.0 0.0 0.0 0.8806895952624674 0.4736938217841051
1629013168.206339836 3.999011203781606 1.9544362217440572 0.0 0.0 0.0 0.8806895985332801 0.47369381570302344
1629013168.403431416 4.000145510254755 1.9552058035861428 0.0 0.0 0.0 0.8806896014569376 0.47369381026737123
1629013168.603710651 4.000353552601384 1.9549683729284382 0.0 0.0 0.0 0.8806895913902183 0.4736938289833745
1629013168.804109335 3.999305441332818 1.9552475920638683 0.0 0.0 0.0 0.8806895970577214 0.4736938184463761
1629013168.206339836 3.3908787213166662 1.7307627608142557 0.0 0.0 0.0 -0.9741951991970849 0.2257071418040471
1629013168.403431416 3.3773848430113578 1.7002990152377868 0.0 0.0 0.0 -0.9682881896461738 0.24983590973223896
1629013168.603710651 3.3723707009492885 1.6665087083125913 0.0 0.0 0.0 -0.9617206513612295 0.2740317294499532
1629013168.804109335 3.3555145695030384 1.629300092640781 0.0 0.0 0.0 -0.9545766627875014 0.2979654256142428
1629013169.004486561 3.355853714485364 1.6283436145792345 0.0 0.0 0.0 -0.9545766681048977 0.2979654085791705
1629013169.305072069 3.356213288559658 1.6289883852079683 0.0 0.0 0.0 -0.9545766687215476 0.2979654066036407
1629013169.605694056 3.3558015727983386 1.628883597110607 0.0 0.0 0.0 -0.9545766798164187 0.29796537105956217
1629013169.705881596 3.3557916900357347 1.6296618278259858 0.0 0.0 0.0 -0.9545766695069058 0.2979654040876283
1629013169.806046009 3.3568221296919747 1.628956791524702 0.0 0.0 0.0 -0.9545766559929877 0.2979654473814795
1629013170.010056734 3.3564145830157144 1.6279955022247619 0.0 0.0 0.0 -0.9545766673995946 0.2979654108387142
1629013170.106631994 3.355978545400307 1.6270810600402381 0.0 0.0 0.0 -0.9545766511606679 0.2979654628625347
1629013170.206834793 3.3555128056196875 1.627991937703798 0.0 0.0 0.0 -0.9545766541051045 0.297965453429594
1629013170.307057381 3.3555862914981573 1.6273787522017202 0.0 0.0 0.0 -0.9545766631012538 0.29796542460909037
1629013170.407232761 3.356328664284785 1.6278844586348555 0.0 0.0 0.0 -0.9545766698524141 0.29796540298074087
1629013170.507467270 3.3566056411606815 1.62701560544774 0.0 0.0 0.0 -0.9545766698154218 0.2979654030992511
1629013170.707806826 3.356437261155626 1.6265320666019836 0.0 0.0 0.0 -0.9545766626101195 0.29796542618251204
1629013171.009956837 3.3559291913497473 1.625856544446177 0.0 0.0 0.0 -0.9545766552246439 0.2979654498429835
1629013171.108597279 3.3570315168782003 1.625285860379366 0.0 0.0 0.0 -0.9545766592469018 0.2979654369570812
1629013171.108597279 3.3575581743462046 1.624914341952578 0.0 0.0 0.0 -0.9545766683145236 0.29796540790760273
1629013171.309024096 3.3581502546928506 1.6238614254749615 0.0 0.0 0.0 -0.9545766692967241 0.29796540476097644
1629013171.509395123 3.3587242874604626 1.624274988798266 0.0 0.0 0.0 -0.9545766720143563 0.29796539605463623
1629013171.709802628 3.3604831401762754 1.6236632462559546 0.0 0.0 0.0 -0.9545766753905659 0.29796538523844374
1629013172.310935020 3.3592963649436647 1.6234271640074518 0.0 0.0 0.0 -0.9545766790234108 0.29796537360008163
1629013172.411147356 3.3597623051690224 1.6224595479727624 0.0 0.0 0.0 -0.9545766861449555 0.29796535078514613
1629013172.611762047 3.3602967390348844 1.6225609186815293 0.0 0.0 0.0 -0.9545766870480565 0.29796534789192625
1629013172.811977863 3.3602524307769044 1.6223611364019137 0.0 0.0 0.0 -0.9545766914415419 0.29796533381673673
1629013173.112493277 3.3604238070668373 1.6232001651181494 0.0 0.0 0.0 -0.9545766974744114 0.29796531448953234
1629013173.212690830 3.360860232344991 1.6231287218355188 0.0 0.0 0.0 -0.9545766889132793 0.2979653419164056
1629013173.312892914 3.360349190817404 1.6237350325152138 0.0 0.0 0.0 -0.9545767047213245 0.2979652912729556
1629013173.413134813 3.360080100561157 1.623220109561563 0.0 0.0 0.0 -0.9545767228041853 0.29796523334178043
1629013173.212690830 2.8860248602357883 0.34474404853740515 0.0 0.0 0.0 -0.9688049451301445 0.24782449090309402
1629013173.312892914 2.8699749344931034 0.3181707530869744 0.0 0.0 0.0 -0.9709174673773059 0.23941443469773951
1629013173.413134813 2.852444486683541 0.2957303696557872 0.0 0.0 0.0 -0.9730263945486283 0.2306938133364161
1629013174.114495277 2.8519052619617304 0.2949369244506539 0.0 0.0 0.0 -0.9730263979852981 0.2306937988411396
1629013174.314868450 2.852493224811835 0.29640020415480006 0.0 0.0 0.0 -0.9730263970875026 0.2306938026278853
1629013174.314868450 2.852687759352137 0.2961528231912414 0.0 0.0 0.0 -0.9730264023686014 0.2306937803531268
1629013174.415051937 2.8535484742142914 0.2957965857724595 0.0 0.0 0.0 -0.9730263997077463 0.2306937915761524
1629013174.916043282 2.8523174543698517 0.29670685347770853 0.0 0.0 0.0 -0.9730264081835409 0.23069375582671756
1629013175.116446972 2.853727481461616 0.29619177210264036 0.0 0.0 0.0 -0.9730263977250685 0.23069379993874312
1629013175.216599941 2.8523758084107973 0.29592566270022097 0.0 0.0 0.0 -0.9730263825937554 0.23069386375998555
1629013175.517198086 2.852137769704824 0.2954082693481341 0.0 0.0 0.0 -0.9730263782903671 0.23069388191092433
1629013175.817921162 2.851548159113355 0.29562484711934084 0.0 0.0 0.0 -0.97302638504283 0.2306938534302166
1629013176.018274307 2.851771770686129 0.2960354675285776 0.0 0.0 0.0 -0.9730263862712003 0.23069384824916522
1629013176.218912125 2.850932157353521 0.2953174938667177 0.0 0.0 0.0 -0.973026384060822 0.23069385757215513
1629013176.420287848 2.8503679039050245 0.2948684525514935 0.0 0.0 0.0 -0.9730263875433348 0.23069384288352404
1629013176.619600296 2.8504810294472587 0.29466241613097127 0.0 0.0 0.0 -0.9730263881419643 0.23069384035860915
1629013176.820007801 2.851591961869624 0.29433680459227907 0.0 0.0 0.0 -0.9730263916327178 0.23069382563521945
1629013177.621303797 2.852505185905198 0.2939012200146765 0.0 0.0 0.0 -0.9730263895306788 0.23069383450125383
1629013177.721537590 2.852786859507196 0.29424596587158613 0.0 0.0 0.0 -0.9730263963727462 0.2306938056426033
1629013177.721537590 2.853787831198354 0.29431907362497695 0.0 0.0 0.0 -0.9730263981310362 0.23069379822644184
1629013177.921918392 2.8543726946378443 0.294233800454955 0.0 0.0 0.0 -0.9730264000857354 0.2306937899818597
1629013178.122301817 2.8545782919248137 0.29402650390859447 0.0 0.0 0.0 -0.9730263921602601 0.2306938234101374
1629013178.523101568 2.855119236719369 0.2950492487007938 0.0 0.0 0.0 -0.9730263967228715 0.23069380416583601
1629013178.723504305 0.44643639281868025 0.3766300096604365 0.0 0.0 0.0 0.9925431931359343 0.12189343608055149
1629013179.925849915 0.44619585484154445 0.3772858651916637 0.0 0.0 0.0 0.9925431897039477 0.12189346402622753
1629013180.627175808 0.44597673003322724 0.37765320095631066 0.0 0.0 0.0 0.9925431917123968 0.12189344767200677
1629013180.828376532 0.44556068356048084 0.3778658468194216 0.0 0.0 0.0 0.9925431957616954 0.1218934146997326
1629013181.328547478 0.44545321680700567 0.37760609804775164 0.0 0.0 0.0 0.9925431973024257 0.12189340215400495
1629013181.428739548 0.44600275152687113 0.3789264588734442 0.0 0.0 0.0 0.9925431894607549 0.12189346600647631
1629013181.629146099 0.4452502481582326 0.37838854878448414 0.0 0.0 0.0 0.9925431913674047 0.12189345048117907
1629013181.832266808 -0.9957780799067283 -0.008861127007412775 0.0 0.0 0.0 -0.9029598731004467 0.42972487427472167
1629013182.330725193 -1.0179124221604208 -0.23920946243564767 0.0 0.0 0.0 -0.8592590170144944 0.5115407527062579
1629013182.531440973 -1.0186241519959973 -0.23820506874716063 0.0 0.0 0.0 -0.8592590187535308 0.5115407497851167
1629013182.734062195 -1.0184692008803466 -0.23740043591116763 0.0 0.0 0.0 -0.8592590325462184 0.511540726616891
1629013182.831467628 -1.01676009626432 -0.23791387292853494 0.0 0.0 0.0 -0.8592590329560477 0.5115407259284815
1629013183.132084608 -1.0175856374577215 -0.2383057879298874 0.0 0.0 0.0 -0.8592590207456372 0.511540746438882
1629013183.634452820 -1.0189666364950702 -0.2380020332206951 0.0 0.0 0.0 -0.8592590328962488 0.5115407260289283
1629013184.033816814 -1.01882310514382 -0.23872277488671068 0.0 0.0 0.0 -0.8592590213636391 0.5115407454007953
1629013184.033816814 -1.2358343046911993 -1.2301055185921896 0.0 0.0 0.0 -0.9341936376220836 0.3567663765357086
1629013184.635001659 -1.2357039898943112 -1.2303566911941832 0.0 0.0 0.0 -0.9341936273260517 0.35676640349589267
1629013184.835386753 -1.236642424288322 -1.2308685154815655 0.0 0.0 0.0 -0.9341936169257316 0.3567664307291529
1629013184.835386753 -1.2368015309961378 -1.2317961671716402 0.0 0.0 0.0 -0.9341936246382018 0.3567664105340335
1629013185.035778046 -1.237940532217571 -1.2321376483916722 0.0 0.0 0.0 -0.9341936116170756 0.3567664446298789
1629013185.035778046 -1.236852335482893 -1.2321559279281034 0.0 0.0 0.0 -0.9341936038417444 0.35676646498959763
1629013185.737141132 -1.2364427965550575 -1.231261957443087 0.0 0.0 0.0 -0.934193618030681 0.35676642783584056
1629013186.238120079 -1.2371636456391035 -1.2321643029349767 0.0 0.0 0.0 -0.9341936107816726 0.3567664468173831
1629013186.538707733 -1.2370033814809407 -1.232234565421567 0.0 0.0 0.0 -0.9341936187345636 0.3567664259927224
1629013186.638895512 -1.2380047157414835 -1.233283086058373 0.0 0.0 0.0 -0.93419362332478 0.35676641397323144
1629013186.638895512 -1.2375322012770569 -1.2326718189812031 0.0 0.0 0.0 -0.9341936084697691 0.35676645287110714
1629013187.039713860 -1.236921625202456 -1.2325321381700356 0.0 0.0 0.0 -0.9341936053366718 0.3567664610751278
1629013187.039713860 -1.2371701429553166 -1.2329089273610159 0.0 0.0 0.0 -0.9341935957334345 0.3567664862212206
1629013188.142455101 -1.2373342948174777 -1.2322862386395304 0.0 0.0 0.0 -0.9341935925780639 0.3567664944835633
1629013188.542624950 -1.2366759234526625 -1.2317757657384185 0.0 0.0 0.0 -0.9341935835684129 0.35676651807534693
1629013188.642812967 -1.237458639705899 -1.2319147380175532 0.0 0.0 0.0 -0.9341936203661894 0.3567664217203073
1629013188.642812967 -1.2384251444406045 -1.2322776448190775 0.0 0.0 0.0 -0.9341936170092503 0.3567664305104589
1629013189.150118589 -1.2387949388754746 -1.232465315286089 0.0 0.0 0.0 -0.9341936217603843 0.35676641806960463
1629013189.243979216 -1.238390086133979 -1.2329915894973107 0.0 0.0 0.0 -0.934193597804343 0.35676648079854345
1629013189.346075773 -1.237342574946773 -1.2339716768592837 0.0 0.0 0.0 -0.9341935868999233 0.3567665093517824
1629013189.945374012 -1.2365075951723092 -1.2351698862423368 0.0 0.0 0.0 -0.9341935858260721 0.356766512163663
1629013190.145747185 -1.2366706886128942 -1.2352079386037522 0.0 0.0 0.0 -0.9341935876421169 0.35676650740834737
1629013190.446377039 -1.2374291683264025 -1.2357064864542942 0.0 0.0 0.0 -0.9341935972903725 0.35676648214437584
1629013191.448290825 -1.2377391590304483 -1.2352360999064014 0.0 0.0 0.0 -0.9341935915503655 0.35676649717459286
1629013191.548486233 -1.2380058461081178 -1.2347565579189552 0.0 0.0 0.0 -0.9341935820834153 0.356766521963815
1629013191.548486233 -1.2381325339214044 -1.2339537555752071 0.0 0.0 0.0 -0.93419359970648 0.3567664758177945
1629013191.949263096 -1.2375368283789596 -1.2333471092881934 0.0 0.0 0.0 -0.9341936010270206 0.3567664723599568
1629013192.049455166 -1.2376976824382893 -1.2319089117333468 0.0 0.0 0.0 -0.9341935915562621 0.35676649715915276
1629013192.249902725 -1.2383153631913206 -1.230762879911591 0.0 0.0 0.0 -0.9341935834176675 0.35676651847007407
1629013192.249902725 -1.2377473968585262 -1.2305473672343046 0.0 0.0 0.0 -0.9341935542572767 0.356766594826585
1629013192.851044893 -1.238035983678527 -1.230278352189979 0.0 0.0 0.0 -0.9341935611109147 0.3567665768803291
1629013193.051414251 -1.2374040517590477 -1.2301624682732708 0.0 0.0 0.0 -0.9341935607147156 0.3567665779177767
1629013193.151612282 -1.238051081908902 -1.2304601069529046 0.0 0.0 0.0 -0.9341935709148148 0.3567665512088079
1629013193.251803398 -1.2383402823514353 -1.229257329221491 0.0 0.0 0.0 -0.9341935776689949 0.35676653352298004
1629013193.251803398 -1.239311312373834 -1.2293510102907097 0.0 0.0 0.0 -0.934193564454397 0.35676656812541757
1629013193.354059696 -1.2376883023943945 -1.2293775620353804 0.0 0.0 0.0 -0.934193570309032 0.3567665527950505
1629013193.452210426 -1.2378050147004838 -1.2297477657019154 0.0 0.0 0.0 -0.9341935451481697 0.35676661867878656
1629013193.552470684 -1.2381423232948663 -1.229539448565924 0.0 0.0 0.0 -0.9341935435462436 0.3567666228734306
1629013194.253760338 -1.2387520979424766 -1.2299842358931958 0.0 0.0 0.0 -0.9341935476175355 0.3567666122127509
1629013194.554497957 -1.2384592030233164 -1.2295047301640196 0.0 0.0 0.0 -0.9341935454109003 0.35676661799082626
1629013194.854950905 -1.238599175500269 -1.2290309843139446 0.0 0.0 0.0 -0.9341935465260807 0.35676661507072605
1629013195.957142353 -1.2396076131790004 -1.2283057252350127 0.0 0.0 0.0 -0.9341935578257405 0.35676658548255985
1629013196.458153248 -1.2400542248488393 -1.2281483448016324 0.0 0.0 0.0 -0.9341935695444837 0.3567665547970211
1629013197.259631634 -1.2395783183987996 -1.2281872291968416 0.0 0.0 0.0 -0.9341935673804959 0.35676656046342536
1629013197.359828949 -1.2390822839124616 -1.2279759930000285 0.0 0.0 0.0 -0.9341935539103668 0.35676659573496844
1629013197.760605812 -1.2387606208898783 -1.2283161990007532 0.0 0.0 0.0 -0.934193566394241 0.3567665630459346
1629013198.161396980 -1.2385286646879077 -1.2286520564242849 0.0 0.0 0.0 -0.9341935785832076 0.35676653112911294
1629013198.562168837 -1.237865059006235 -1.2289491287900027 0.0 0.0 0.0 -0.934193583508307 0.35676651823273436
1629013199.066054821 -1.2369945698539357 -1.2288073288358683 0.0 0.0 0.0 -0.9341935889796659 0.3567665039059737
1629013199.163362503 -1.2373530910558186 -1.229064314183715 0.0 0.0 0.0 -0.9341935975241366 0.3567664815322645
1629013199.263733149 -1.2367725664046445 -1.2297576961759575 0.0 0.0 0.0 -0.9341935930789923 0.35676649317188164
1629013199.363727808 -1.23741329206697 -1.2299637767665548 0.0 0.0 0.0 -0.9341936063358979 0.3567664584586526
1629013199.865200996 -1.2378781799444767 -1.2300513395432082 0.0 0.0 0.0 -0.9341935925815539 0.3567664944744248
1629013199.865200996 -1.2377395437207719 -1.231326089623569 0.0 0.0 0.0 -0.934193592139134 0.35676649563290197
1629013200.065204859 -1.2391101479607707 -1.2311021499246504 0.0 0.0 0.0 -0.9341936092927753 0.3567664507160636
1629013200.767469406 -1.2403348882442804 -1.2309663860534183 0.0 0.0 0.0 -0.9341936053582199 0.35676646101870385
1629013201.067073822 -1.241230608536698 -1.2297503498921893 0.0 0.0 0.0 -0.9341935968362638 0.3567664833334602
1629013201.267458916 -1.2403992660872671 -1.2295132816773746 0.0 0.0 0.0 -0.9341936033786657 0.35676646620217006
1629013201.467884541 -1.2409167373318724 -1.2294523519786675 0.0 0.0 0.0 -0.9341935959172707 0.3567664857398453
1629013201.568065166 -1.2409512349215566 -1.2293646329891323 0.0 0.0 0.0 -0.934193578780772 0.3567665306117902
1629013201.568065166 -1.2399962097015012 -1.2303347001933989 0.0 0.0 0.0 -0.9341935855027726 0.3567665130102232
1629013201.768421173 -1.2403006142585764 -1.2303001810889107 0.0 0.0 0.0 -0.9341935768853975 0.3567665355748305
1629013201.868645191 -1.2405217391807146 -1.2290748950451567 0.0 0.0 0.0 -0.9341935858088752 0.3567665122086931
1629013201.868645191 -1.2410399073607952 -1.2285022487321144 0.0 0.0 0.0 -0.9341935884680521 0.3567665052456351
1629013202.074606419 -1.2408097398752456 -1.2276075198361005 0.0 0.0 0.0 -0.934193609475902 0.35676645023654613
1629013202.169236660 -1.240284707131717 -1.2267374930010921 0.0 0.0 0.0 -0.9341936259165395 0.3567664071867033
1629013202.369596958 -1.2394569943939346 -1.2275536917926593 0.0 0.0 0.0 -0.9341936266780209 0.35676640519276276
1629013202.670295238 -1.23930675453176 -1.2273750648205222 0.0 0.0 0.0 -0.9341936396074743 0.3567663713369583
1629013202.770405769 -1.2398402432886662 -1.227140227203972 0.0 0.0 0.0 -0.934193635543544 0.35676638197836996
1629013202.870672941 -1.2389012624945621 -1.2272610475114207 0.0 0.0 0.0 -0.9341936432012237 0.35676636192671646
1629013203.171209335 -1.2387250610761138 -1.2281327339294572 0.0 0.0 0.0 -0.934193633848927 0.3567663864157287
1629013203.171209335 -1.238282238521244 -1.2282327670932458 0.0 0.0 0.0 -0.9341936373916204 0.3567663771391771
1629013203.571948051 -1.237611771747834 -1.2289619896816621 0.0 0.0 0.0 -0.9341936540178936 0.35676633360323695
1629013203.677692413 -1.2367768115551057 -1.2276024337776017 0.0 0.0 0.0 -0.9341936628326801 0.3567663105216925
1629013203.878424644 -1.2356320607081903 -1.2270872757339377 0.0 0.0 0.0 -0.9341936716031769 0.3567662875561195
1629013204.072945595 -1.2365390014830129 -1.227616972469525 0.0 0.0 0.0 -0.9341936645499049 0.3567663060251342
1629013204.072945595 -1.2371993266995016 -1.2274753893002677 0.0 0.0 0.0 -0.9341936691765026 0.35676629391037384
1629013204.573929071 -1.2370165939839435 -1.227813154685437 0.0 0.0 0.0 -0.9341936601182905 0.35676631762932975
1629013205.475691319 -1.237077309868509 -1.2284849228283123 0.0 0.0 0.0 -0.9341936474632845 0.356766350766499
1629013205.676188707 -1.2377176602783346 -1.2286832763378523 0.0 0.0 0.0 -0.9341936505170512 0.3567663427702025
1629013205.878082752 -1.2371068676037893 -1.2283408871144217 0.0 0.0 0.0 -0.9341936481699898 0.3567663489159889
1629013206.076845169 -1.2381521096341686 -1.228844424007558 0.0 0.0 0.0 -0.9341936508388586 0.3567663419275488
1629013206.076845169 -1.2374645699812623 -1.2285051226267418 0.0 0.0 0.0 -0.9341936491511571 0.3567663463468
1629013206.377456665 -1.2380206696124667 -1.228899082137761 0.0 0.0 0.0 -0.9341936447916251 0.35676635776224613
1629013206.477707386 -1.237400715275797 -1.2286320940691213 0.0 0.0 0.0 -0.9341936196674254 0.356766423550022
1629013207.078907251 -1.2367648830332456 -1.2293675444655148 0.0 0.0 0.0 -0.9341936135787887 0.3567664394931293
1629013207.078907251 -1.2373233479487662 -1.229760097211811 0.0 0.0 0.0 -0.9341936041367731 0.3567664642170647
1629013207.379912376 -1.2383106252949065 -1.2298952801493606 0.0 0.0 0.0 -0.9341935896521716 0.35676650214501654
1629013207.580000401 -1.2369608319272969 -1.2288623181109357 0.0 0.0 0.0 -0.9341935919418486 0.3567664961494941
1629013208.080886364 -1.2364074710306154 -1.2288915227096304 0.0 0.0 0.0 -0.9341935889969593 0.3567665038606909
1629013208.481552601 -1.236521926016359 -1.2285520697031942 0.0 0.0 0.0 -0.9341935846016479 0.3567665153698195
1629013209.383306265 -1.2372371115626046 -1.2287915863187573 0.0 0.0 0.0 -0.9341936016886142 0.3567664706275729
1629013209.483502388 -1.2379807390337145 -1.2293643487944244 0.0 0.0 0.0 -0.934193606467386 0.35676645811435054
1629013209.483502388 -1.2378594512514334 -1.2281747977892012 0.0 0.0 0.0 -0.9341936042297098 0.3567664639737097
1629013209.784077168 -1.2383170769772667 -1.2284397018832869 0.0 0.0 0.0 -0.9341936040260747 0.35676646450692884
1629013209.986763000 -1.237447884438909 -1.2296266582634179 0.0 0.0 0.0 -0.9341935996096887 0.3567664760712428
1629013209.986763000 -1.2373310867498344 -1.2298974738912358 0.0 0.0 0.0 -0.9341936057572987 0.3567664599737154
1629013210.385328293 -1.2373647888025991 -1.2292116215453375 0.0 0.0 0.0 -0.9341936029582425 0.35676646730304895
1629013210.786072731 -1.2370142220649705 -1.2293686173564424 0.0 0.0 0.0 -0.9341936137137207 0.35676643913980993
1629013211.487395525 -1.238049406561252 -1.2298635603518044 0.0 0.0 0.0 -0.9341935938703142 0.3567664910998039
1629013211.687815666 -1.2382084492879482 -1.2292125164610979 0.0 0.0 0.0 -0.9341935994131184 0.35676647658596244
1629013211.687815666 -1.2392437941661394 -1.2295888994854662 0.0 0.0 0.0 -0.9341936043633606 0.3567664636237447
1629013212.089605808 -1.2376997214878545 -1.2294754743695453 0.0 0.0 0.0 -0.9341936130348466 0.3567664409174428
1629013212.389182568 -1.2381541574135162 -1.2289883400689023 0.0 0.0 0.0 -0.9341936056496488 0.3567664602555969
1629013212.489371300 -1.2390559525474276 -1.2301102779896027 0.0 0.0 0.0 -0.9341936141044856 0.35676643811659087
1629013212.790127516 -1.2407128869475115 -1.2305944347098987 0.0 0.0 0.0 -0.9341936174812285 0.356766429274583
1629013213.491334200 -1.240538684506039 -1.231299870200496 0.0 0.0 0.0 -0.9341936003126443 0.35676647423055247
1629013213.691732168 -1.2424130687178632 -1.2305308181201848 0.0 0.0 0.0 -0.9341935800283585 0.3567665273449837
1629013213.892106056 -1.2426928456821174 -1.22993994482881 0.0 0.0 0.0 -0.9341935940034404 0.3567664907512129
1629013213.992370605 -1.2425744210267617 -1.2296520466421086 0.0 0.0 0.0 -0.9341936017616413 0.3567664704363513
1629013214.192687035 -1.2431129082480334 -1.2300675073859968 0.0 0.0 0.0 -0.934193594475065 0.3567664895162631
1629013214.394271851 -1.2439766523214075 -1.2304847034934538 0.0 0.0 0.0 -0.9341935877373424 0.3567665071589992
1629013214.394271851 -1.2438350433628789 -1.2302406865202473 0.0 0.0 0.0 -0.9341935857507937 0.35676651236077983
1629013214.793873310 -1.2430347727764506 -1.2304489187680914 0.0 0.0 0.0 -0.9341935904583828 0.3567665000339513
1629013214.793873310 -1.2414301350758663 -1.2297309560900405 0.0 0.0 0.0 -0.9341935787419623 0.3567665307134136
1629013215.094453812 -1.2414922910162087 -1.2307415163085764 0.0 0.0 0.0 -0.9341935809210947 0.3567665250073526
1629013215.595432520 -1.241783285027595 -1.2308804951459258 0.0 0.0 0.0 -0.9341935764445134 0.3567665367292861
1629013215.695641518 -1.24133409425564 -1.231305698064606 0.0 0.0 0.0 -0.9341935753891817 0.3567665394926735
1629013215.795802355 -1.2414837097978335 -1.231805249649853 0.0 0.0 0.0 -0.9341935809813765 0.3567665248495047
1629013215.795802355 -1.2421070609181222 -1.2323324361179444 0.0 0.0 0.0 -0.9341935642687146 0.3567665686116274
1629013215.996199131 -1.2416193048335007 -1.2324566071407717 0.0 0.0 0.0 -0.934193551924808 0.35676660093415574
1629013216.196589470 -1.2413463492504024 -1.2325685243081965 0.0 0.0 0.0 -0.9341935475258402 0.35676661245285524
1629013216.497184753 -1.240567587071375 -1.233516636113619 0.0 0.0 0.0 -0.9341935545164691 0.3567665941478895
1629013216.597385406 -1.2405488844706267 -1.2331490675560859 0.0 0.0 0.0 -0.9341935663810039 0.35676656308059596
1629013216.597385406 -1.2403967786825343 -1.233447800575646 0.0 0.0 0.0 -0.9341935934904791 0.3567664920944026
1629013217.098364115 -1.2401987433281025 -1.2340651549780624 0.0 0.0 0.0 -0.9341936009473681 0.356766472568527
1629013217.499140263 -1.2393234108609863 -1.2332143484683653 0.0 0.0 0.0 -0.934193608376141 0.3567664531162724
1629013217.599331856 -1.2395298358204174 -1.231555015462658 0.0 0.0 0.0 -0.9341936167544218 0.35676643117772805
1629013217.599331856 -1.2388007190831143 -1.2320759215954005 0.0 0.0 0.0 -0.9341936094201438 0.35676645038254884
1629013217.799716949 -1.2382663068633781 -1.2325619793788702 0.0 0.0 0.0 -0.9341936078058638 0.3567664546095442
1629013217.799716949 -1.2387349408523722 -1.2325769580525796 0.0 0.0 0.0 -0.9341935950224315 0.35676648808298317
1629013218.100379467 -1.2383600805523474 -1.2314835701281561 0.0 0.0 0.0 -0.9341936123833373 0.3567664426234212
1629013218.200509548 -1.2379987751962214 -1.2311762373570854 0.0 0.0 0.0 -0.9341936218386796 0.35676641786458835
1629013218.200509548 -1.238487726971796 -1.231603695199321 0.0 0.0 0.0 -0.934193609950236 0.35676644899450166
1629013219.406359673 -1.2385458317143103 -1.2318810001200926 0.0 0.0 0.0 -0.9341936047936206 0.35676646249710847
1629013219.503051281 -1.2385543474336063 -1.232370657361805 0.0 0.0 0.0 -0.9341936049893533 0.35676646198458184
1629013219.804655790 -1.2383794501058147 -1.2325869109435705 0.0 0.0 0.0 -0.9341936058208852 0.35676645980721416
1629013220.204417229 -1.2389532668518428 -1.2326567216146882 0.0 0.0 0.0 -0.9341936207976662 0.3567664205904841
1629013220.806005239 -1.2394606403839135 -1.2339044317904713 0.0 0.0 0.0 -0.9341936372928167 0.3567663773978952
1629013221.106210232 -1.2403689608839858 -1.2325435879637552 0.0 0.0 0.0 -0.9341936267846066 0.3567664049136679
1629013221.406772852 -1.2387636616977342 -1.2329908814195676 0.0 0.0 0.0 -0.9341936200338686 0.3567664225904896
1629013221.607167244 -1.2393793966493858 -1.2337378879702743 0.0 0.0 0.0 -0.9341936211484355 0.35676641967199385
1629013221.707352638 -1.2401940548450292 -1.2332392613338905 0.0 0.0 0.0 -0.9341936226692141 0.35676641568983186
1629013221.807577133 -1.2406467486948802 -1.2332790490945156 0.0 0.0 0.0 -0.9341936286429261 0.356766400047654
1629013221.907737732 -1.2415320638846592 -1.2339158462887672 0.0 0.0 0.0 -0.9341936253605457 0.3567664086425742
1629013223.711259842 -1.2417282462779973 -1.2330922312424892 0.0 0.0 0.0 -0.9341936400025644 0.35676637030241365
1629013223.911646843 -1.2419935638689137 -1.2330672115986892 0.0 0.0 0.0 -0.9341936361298725 0.35676638044306713
1629013224.012077093 -1.2410597599915927 -1.2326556650362033 0.0 0.0 0.0 -0.9341936358640731 0.35676638113906345
1629013224.012077093 -1.2420749147941494 -1.2324876536356901 0.0 0.0 0.0 -0.9341936066656898 0.35676645759509185
1629013224.212237358 -1.2424317877980549 -1.2331410148001212 0.0 0.0 0.0 -0.9341936069893539 0.3567664567475768
1629013224.813429356 -1.2424514487436975 -1.2331668327754726 0.0 0.0 0.0 -0.9341936192916163 0.356766424534079
1629013225.014685154 -1.2418686152633487 -1.231838067274726 0.0 0.0 0.0 -0.9341936272512535 0.35676640369175183
1629013225.314388275 -1.2423460325986593 -1.2315345805218862 0.0 0.0 0.0 -0.9341936270647684 0.35676640418006367
1629013225.314388275 -1.243120516701578 -1.2310013902917205 0.0 0.0 0.0 -0.9341936187577131 0.35676642593210556
1629013225.514781952 -1.2438063782651176 -1.2315316412690331 0.0 0.0 0.0 -0.9341936126005637 0.3567664420546137
1629013225.614995480 -1.243655890789311 -1.2314805507471362 0.0 0.0 0.0 -0.9341936096452844 0.3567664497930178
1629013225.715173721 -1.2440967199646518 -1.2316158680589153 0.0 0.0 0.0 -0.9341935929012724 0.3567664936372414
1629013225.816148996 -1.2433622833952451 -1.230936417455258 0.0 0.0 0.0 -0.9341935851105713 0.35676651403720316
1629013225.915573120 -1.2436471232384492 -1.2322459904098908 0.0 0.0 0.0 -0.9341935871143117 0.35676650879040617
1629013226.015756130 -1.2419811079603762 -1.233302534523026 0.0 0.0 0.0 -0.9341935724250854 0.3567665472541626
1629013226.015756130 -1.2418818690796998 -1.233859790402623 0.0 0.0 0.0 -0.9341935828070876 0.35676652006887793
1629013226.416540146 -1.2422674176696216 -1.2338007028343712 0.0 0.0 0.0 -0.9341935725962173 0.3567665468060538
1629013226.618190289 -1.2420813663639358 -1.2332465091275226 0.0 0.0 0.0 -0.9341935679102675 0.35676655907621774
1629013226.817325592 -1.2425400964722662 -1.2337744778660351 0.0 0.0 0.0 -0.934193574661658 0.35676654139769504
1629013226.917517185 -1.2420346862189011 -1.234683216434134 0.0 0.0 0.0 -0.9341935710342802 0.35676655089598747
1629013227.318311214 -1.2420383336233691 -1.2343616365689027 0.0 0.0 0.0 -0.9341935639168027 0.35676656953310876
1629013227.418504953 -1.2413217769374325 -1.2344442307831611 0.0 0.0 0.0 -0.9341935594824042 0.35676658114458476
1629013227.418504953 -1.242021682112919 -1.2340496381853818 0.0 0.0 0.0 -0.934193573854726 0.3567665435106473
1629013227.618903399 -1.2417533692731377 -1.2335547291100557 0.0 0.0 0.0 -0.9341935759640135 0.35676653798747565
1629013227.819284201 -1.2426751669338778 -1.2342353902425318 0.0 0.0 0.0 -0.9341935792279664 0.35676652944081116
1629013228.220059395 -1.2426347793550399 -1.2340821190295146 0.0 0.0 0.0 -0.9341935531440543 0.35676659774155856
1629013228.420449734 -1.2418843500513153 -1.2345569919746997 0.0 0.0 0.0 -0.9341935542144647 0.3567665949386883
1629013228.620867252 -1.2413936427017558 -1.2349082579540014 0.0 0.0 0.0 -0.9341935403628697 0.35676663120909635
1629013228.821250439 -1.2422796158101632 -1.235861098361673 0.0 0.0 0.0 -0.9341935321302853 0.3567666527661205
1629013229.021659851 -1.2420971664433094 -1.2356127858132604 0.0 0.0 0.0 -0.9341935545776072 0.3567665939877992
1629013229.121829271 -1.2416015395145663 -1.2360868852941618 0.0 0.0 0.0 -0.9341935587968121 0.35676658293980845
1629013229.222027302 -1.2415842810100384 -1.236958318504393 0.0 0.0 0.0 -0.9341935518425024 0.35676660114967285
1629013229.222027302 -1.2415034990763474 -1.2371621686429046 0.0 0.0 0.0 -0.9341935656143969 0.3567665650879569
1629013229.422421217 -1.2422611484803738 -1.2375201238925222 0.0 0.0 0.0 -0.9341935722345108 0.3567665477531825
1629013230.023580551 -1.2414456514568333 -1.2379762855761436 0.0 0.0 0.0 -0.9341935796089371 0.356766528443239
1629013230.123798370 -1.2407604143053494 -1.2382403927802457 0.0 0.0 0.0 -0.9341935821304471 0.35676652184066204
1629013230.223979473 -1.2403397407293897 -1.2386399615439592 0.0 0.0 0.0 -0.9341935868628048 0.35676650944897703
1629013230.223979473 -1.2403479114897784 -1.2380152510141074 0.0 0.0 0.0 -0.9341936053343375 0.3567664610812402
1629013230.424386501 -1.2406349451482137 -1.2375699100467616 0.0 0.0 0.0 -0.9341936234059358 0.35676641376072454
1629013230.624771357 -1.2386911943589067 -1.2381815953223025 0.0 0.0 0.0 -0.9341936206502659 0.35676642097645217
1629013230.724998474 -1.2392157489502524 -1.2382683389678781 0.0 0.0 0.0 -0.9341936036876614 0.3567664653930645
1629013231.125766754 -1.2397637398472414 -1.237422703205335 0.0 0.0 0.0 -0.9341935892532838 0.3567665031895048
1629013231.225924015 -1.2404249709739221 -1.2382361329376659 0.0 0.0 0.0 -0.934193582749915 0.3567665202185844
1629013231.426332474 -1.2403532151550567 -1.238993023843803 0.0 0.0 0.0 -0.9341935868459761 0.3567665094930434
1629013231.726910353 -1.2407023890096156 -1.2381929519060104 0.0 0.0 0.0 -0.9341935818301667 0.35676652262694686
1629013230.724998474 4.8159081930184655 4.146351122598876 0.0 0.0 0.0 0.3439686872383998 0.9389811191922295
1629013231.125766754 4.929364394010855 4.223950023641897 0.0 0.0 0.0 0.33655982807001056 0.9416620848953646
1629013231.225924015 4.953128691224924 4.23700897951509 0.0 0.0 0.0 0.3332782102976564 0.942828528705401
1629013231.426332474 4.949003400129343 4.237512753985619 0.0 0.0 0.0 0.3349455503576573 0.9422374850830368
1629013231.726910353 4.890726280821593 4.1850682743577385 0.0 0.0 0.0 0.3550610636562249 0.9348431104069336
1629013231.927503109 4.812160641634226 4.125183188339366 0.0 0.0 0.0 0.38475516103418433 0.9230186704815666
1629013232.027493000 4.7671209308205515 4.092598612658503 0.0 0.0 0.0 0.4038661152983978 0.9148181026377764
1629013232.227927685 4.678839855586687 3.9999295701147677 0.0 0.0 0.0 0.4447647277396394 0.8956474401005591
1629013232.328094959 4.62922753504595 3.9501718000800494 0.0 0.0 0.0 0.4676219268739566 0.8839285794150384
1629013232.428275108 4.580156137990436 3.8888182872696495 0.0 0.0 0.0 0.49155329158321337 0.8708474961402303
1629013232.528468847 4.5800875833281465 3.889038228611529 0.0 0.0 0.0 0.49155328025430345 0.8708475025348779
1629013232.628664970 4.580048681739865 3.8884955877063128 0.0 0.0 0.0 0.4915532186565548 0.8708475373039652
1629013232.728875399 4.57962615086342 3.888308282079193 0.0 0.0 0.0 0.4915531930420657 0.870847551762161
1629013233.129659176 4.5792595775463205 3.8892315165471256 0.0 0.0 0.0 0.4915532117295452 0.8708475412139423
1629013233.430244684 4.580030057949631 3.889831900115063 0.0 0.0 0.0 0.49155317417127625 0.8708475624138492
1629013233.530465126 4.578952179669894 3.890250614390859 0.0 0.0 0.0 0.49155318348597743 0.870847557156131
1629013233.530465126 4.580453375091815 3.8885432059555716 0.0 0.0 0.0 0.49155318428469813 0.8708475567052902
1629013233.730814695 4.5795319237082 3.888155596806422 0.0 0.0 0.0 0.49155318200482945 0.8708475579921706
1629013234.632601976 4.578731328269606 3.8884827194514866 0.0 0.0 0.0 0.4915531868588528 0.8708475552522988
1629013234.632601976 4.320959254998597 2.884199004745521 0.0 0.0 0.0 0.7447196405521483 0.6673774471585618
1629013235.033603668 4.320994161731669 2.885123212023657 0.0 0.0 0.0 0.7447196690391349 0.6673774153702247
1629013235.133549213 4.320148274504628 2.8850578324512104 0.0 0.0 0.0 0.7447196456504057 0.6673774414694688
1629013235.133549213 4.319951268050611 2.885275121836368 0.0 0.0 0.0 0.7447196608217433 0.6673774245399282
1629013235.534484386 4.320527675922524 2.886120183842256 0.0 0.0 0.0 0.7447196293242673 0.6673774596876387
1629013236.035361052 4.32089356207862 2.886502633487406 0.0 0.0 0.0 0.744719635475863 0.6673774528231365
1629013236.035361052 4.354483936373493 2.270253276859079 0.0 0.0 0.0 0.658312284577123 0.7527449342073642
1629013236.335923672 4.354574653662379 2.270389117738003 0.0 0.0 0.0 0.6583123254472352 0.7527448984644489
1629013236.536616802 4.354860564193934 2.2715460306131567 0.0 0.0 0.0 0.6583123326035974 0.7527448922058592
1629013236.736684799 4.355418856035405 2.272547543319285 0.0 0.0 0.0 0.6583123623562206 0.7527448661857298
1629013237.037281513 4.355200369953185 2.272329281631712 0.0 0.0 0.0 0.6583123693771726 0.7527448600455622
1629013237.137472868 4.354297275885319 2.2725943901024515 0.0 0.0 0.0 0.6583123798408823 0.7527448508945338
1629013237.237663746 4.353849062672326 2.2721940766900093 0.0 0.0 0.0 0.6583123786036145 0.7527448519765854
1629013237.337888718 4.353884172963236 2.272631859397664 0.0 0.0 0.0 0.6583123814534464 0.7527448494842671
1629013237.337888718 4.353455308112791 2.273462137553837 0.0 0.0 0.0 0.6583124388429563 0.7527447992943153
1629013237.337888718 4.352910261871652 2.2746403442607215 0.0 0.0 0.0 0.6583124250050807 0.7527448113962194
1629013237.738643646 4.3527629753170345 2.27410732476556 0.0 0.0 0.0 0.6583124622037327 0.7527447788641638
1629013238.239623070 4.353327395404883 2.2743492898438857 0.0 0.0 0.0 0.6583124469612454 0.7527447921944712
1629013238.441780090 4.353170843483049 2.2749521306502873 0.0 0.0 0.0 0.6583124757644867 0.752744767004615
1629013238.640418053 4.353227868237249 2.2760304296997895 0.0 0.0 0.0 0.6583124721423778 0.7527447701723281
1629013238.941011429 4.353666743555508 2.275918888621991 0.0 0.0 0.0 0.6583124442284711 0.752744794584417
1629013239.041179180 4.353663492045262 2.276341195565195 0.0 0.0 0.0 0.6583124334933805 0.7527448039727829
1629013239.141399860 4.353333131768428 2.275050962052687 0.0 0.0 0.0 0.6583124178797246 0.7527448176276944
1629013239.141399860 4.352934953897361 2.275635583697472 0.0 0.0 0.0 0.6583124220756452 0.7527448139581551
1629013239.141399860 4.353824339698593 2.2754062236892367 0.0 0.0 0.0 0.658312414592272 0.7527448205027336
1629013239.542208195 4.3541144913991685 2.2752836797232665 0.0 0.0 0.0 0.6583123949814296 0.7527448376533806
1629013239.942944527 4.353202509581447 2.2752498523381988 0.0 0.0 0.0 0.6583123787554658 0.7527448518437838
1629013240.043147087 4.354534470612223 2.2753770955224475 0.0 0.0 0.0 0.6583123672412863 0.7527448619134998
1629013240.143421173 4.355599678627016 2.276753286994183 0.0 0.0 0.0 0.6583123415809936 0.7527448843546857
1629013240.143421173 4.355910483184874 2.276840202308276 0.0 0.0 0.0 0.6583123730823977 0.7527448568051608
1629013240.443916321 4.357484982705814 2.2773299228593284 0.0 0.0 0.0 0.6583123655938455 0.7527448633542677
1629013240.544137478 4.357028487832858 2.277521544682356 0.0 0.0 0.0 0.6583123783240645 0.7527448522210655
1629013240.644346952 4.3564903155232075 2.2785265300943975 0.0 0.0 0.0 0.6583123636623738 0.7527448650434345
1629013240.644346952 4.356743734934245 2.2779693551918654 0.0 0.0 0.0 0.6583123620068502 0.7527448664912713
1629013241.045111418 4.357299650976103 2.278378021198705 0.0 0.0 0.0 0.6583123706800462 0.7527448589061352
1629013241.245482445 4.3588892622662945 2.2780755681813223 0.0 0.0 0.0 0.658312380792067 0.752744850062676
1629013241.646275520 4.359256722178654 2.2784081901299245 0.0 0.0 0.0 0.6583123920562428 0.7527448402116003
1629013241.746649981 4.359284364939611 2.278300276215941 0.0 0.0 0.0 0.6583123827395796 0.7527448483594804
1629013241.846660614 4.359245042965984 2.278357043930318 0.0 0.0 0.0 0.6583123741895495 0.7527448558369022
1629013242.247446537 4.358486483729306 2.2797585819299386 0.0 0.0 0.0 0.6583123725349174 0.7527448572839592
1629013242.347635746 4.357911186438752 2.2797742117249933 0.0 0.0 0.0 0.6583124038379049 0.752744829907957
1629013242.748418331 4.358307574874416 2.2807989765154737 0.0 0.0 0.0 0.6583124132485431 0.7527448216778907
1629013242.948856115 4.358407509374009 2.280335288418374 0.0 0.0 0.0 0.6583124161296968 0.7527448191581798
1629013243.049047709 4.358087978118131 2.280018658733907 0.0 0.0 0.0 0.6583124127005503 0.7527448221571373
1629013243.049047709 4.356978007188547 2.279729738472902 0.0 0.0 0.0 0.6583123804554606 0.7527448503570549
1629013243.550235271 4.355835427478149 2.280249406840278 0.0 0.0 0.0 0.6583123500203238 0.7527448769740772
1629013243.750394821 4.355543995036944 2.279954654221646 0.0 0.0 0.0 0.6583123160504414 0.7527449066824058
1629013243.850748301 4.355245339955238 2.280219969033071 0.0 0.0 0.0 0.6583123308950393 0.752744893700077
1629013244.051008224 4.356106215610878 2.279278892519095 0.0 0.0 0.0 0.6583123173377232 0.7527449055566148
1629013244.051008224 4.355641968628941 2.2796058369252705 0.0 0.0 0.0 0.6583123204441801 0.7527449028398658
1629013244.351556540 4.354785751038592 2.2792064507023775 0.0 0.0 0.0 0.6583123424893397 0.7527448835602925
1629013244.551958561 4.353372056632072 2.279868520370956 0.0 0.0 0.0 0.6583123622898369 0.7527448662437854
1629013244.752338409 4.353452856956739 2.2800287116352136 0.0 0.0 0.0 0.6583123805671168 0.752744850259406
1629013245.052947521 4.354125361407162 2.2797224779650866 0.0 0.0 0.0 0.6583123854142157 0.7527448460203797
1629013245.253318071 4.354244838579171 2.27914235128149 0.0 0.0 0.0 0.6583123468057281 0.752744879785399
1629013245.654092550 4.354821389523234 2.279542291320039 0.0 0.0 0.0 0.6583123334180707 0.7527448914935624
1629013245.858057976 4.35501768765948 2.278611069797978 0.0 0.0 0.0 0.6583123138655814 0.7527449085931729
1629013245.954675913 4.3563459849330215 2.277969388569128 0.0 0.0 0.0 0.6583123217935359 0.752744901659788
1629013246.255266666 4.357562489059943 2.2778782065897336 0.0 0.0 0.0 0.6583123152570747 0.7527449073762439
1629013246.555862904 4.357898747781814 2.2778196936881456 0.0 0.0 0.0 0.6583123295842435 0.7527448948464323
1629013246.956682920 4.357338869679479 2.2785258517816667 0.0 0.0 0.0 0.6583122981266972 0.7527449223575982
1629013247.057110310 4.35685269001544 2.2808115865572143 0.0 0.0 0.0 0.6583122985518711 0.7527449219857627
1629013247.157055855 4.357521806092824 2.2800950795552444 0.0 0.0 0.0 0.6583122640155598 0.752744952189457
1629013247.157055855 4.35831814061991 2.2799883657524664 0.0 0.0 0.0 0.6583123076050675 0.752744914068299
1629013247.358104467 4.360026662739845 2.280538664016671 0.0 0.0 0.0 0.6583122659022327 0.7527449505394693
1629013247.358104467 4.359419552347789 2.279521216008708 0.0 0.0 0.0 0.6583122663385135 0.7527449501579204
1629013247.557822704 4.359497334940669 2.2794916273307715 0.0 0.0 0.0 0.6583122724065283 0.7527449448511447
1629013247.958601952 4.358889437639009 2.2800837398039047 0.0 0.0 0.0 0.6583122772076974 0.7527449406522875
1629013248.259931803 4.358414860056502 2.279223943928467 0.0 0.0 0.0 0.6583123124668688 0.7527449098164156
1629013248.359395504 4.3580598638384975 2.279241111612887 0.0 0.0 0.0 0.6583123409050365 0.7527448849458434
1629013248.459567547 4.356616915271195 2.278938880542267 0.0 0.0 0.0 0.658312361911273 0.7527448665748583
1629013248.559775829 4.357043972102326 2.278054734543505 0.0 0.0 0.0 0.6583123503138822 0.7527448767173459
1629013248.559775829 4.3596390333715735 2.278213901023295 0.0 0.0 0.0 0.6583123982969811 0.7527448347537676
1629013248.960558414 4.360631584026631 2.278203045976582 0.0 0.0 0.0 0.6583124220671153 0.752744813965615
1629013249.261137486 4.361110931646366 2.279060402639773 0.0 0.0 0.0 0.6583123984535952 0.7527448346168009
1629013249.461553097 4.361576696358631 2.278843353588873 0.0 0.0 0.0 0.6583124281692366 0.7527448086290092
1629013249.661929369 4.362223755492097 2.279451232395833 0.0 0.0 0.0 0.6583124542475671 0.7527447858222234
1629013250.263106346 4.363171681512928 2.279724314104651 0.0 0.0 0.0 0.6583124771367489 0.752744765804504
1629013250.363283634 4.362550894640907 2.279143244408628 0.0 0.0 0.0 0.6583124474884888 0.7527447917333707
1629013250.463474512 4.361367260658693 2.278842191367399 0.0 0.0 0.0 0.6583124610375147 0.7527447798840791
1629013250.666935921 4.361438151429214 2.2787298250710335 0.0 0.0 0.0 0.6583124328309615 0.752744804552101
1629013250.864261150 4.361051843706898 2.277942501529245 0.0 0.0 0.0 0.6583124512886481 0.752744788409944
1629013251.365235329 4.3605255525948605 2.2784083407354667 0.0 0.0 0.0 0.6583124698877166 0.7527447721441406
1629013251.465437651 4.360198089711421 2.2787049016137706 0.0 0.0 0.0 0.6583124622481742 0.7527447788252977
1629013251.565629005 4.360806791830864 2.278127660503349 0.0 0.0 0.0 0.6583124652823955 0.7527447761717213
1629013251.565629005 4.361229273750033 2.2788880612933333 0.0 0.0 0.0 0.6583124736276832 0.7527447688733552
1629013252.166831970 4.361169386470352 2.2792222877362507 0.0 0.0 0.0 0.6583124823375316 0.7527447612561625
1629013252.367221832 4.360456391319523 2.279315134321105 0.0 0.0 0.0 0.658312517924269 0.752744730133801
1629013252.467393875 4.359874514959165 2.279095520173317 0.0 0.0 0.0 0.6583124882496992 0.7527447560856798
1629013252.467393875 4.359842622021794 2.279050930374743 0.0 0.0 0.0 0.6583125123569603 0.752744735002688
1629013252.567692995 4.3603702319207525 2.2788085357533587 0.0 0.0 0.0 0.6583125111851128 0.7527447360275266
1629013252.667804718 4.361252786041164 2.278014577539593 0.0 0.0 0.0 0.6583125329273153 0.7527447170128944
1629013252.868175983 4.361906207676858 2.2794193011118082 0.0 0.0 0.0 0.6583125318334018 0.7527447179695759
1629013253.068570137 4.3613010183993035 2.2793902751918935 0.0 0.0 0.0 0.6583125349497752 0.7527447152441531
1629013253.168779850 4.361321312380376 2.2791793920921464 0.0 0.0 0.0 0.6583125321679758 0.7527447176769743
1629013253.168779850 4.361015383833813 2.279275816328293 0.0 0.0 0.0 0.658312509570656 0.7527447374394489
1629013253.769940376 4.361559486988199 2.27890091741937 0.0 0.0 0.0 0.6583125175537462 0.7527447304578416
1629013253.970323563 4.361523336905805 2.2779758423693823 0.0 0.0 0.0 0.6583125197219758 0.7527447285616176
1629013254.070553541 4.361927656741236 2.2789151161279784 0.0 0.0 0.0 0.6583125240944334 0.7527447247376869
1629013254.170717239 4.3634363628994 2.2784807827024545 0.0 0.0 0.0 0.6583125337961475 0.7527447162530575
1629013254.170717239 4.3645252800235115 2.2785538936566145 0.0 0.0 0.0 0.6583125464749274 0.7527447051648364
1629013254.771917343 4.364723930273049 2.2792014537276994 0.0 0.0 0.0 0.6583125616173315 0.7527446919220534
1629013254.972341061 4.365550289727843 2.279112133968479 0.0 0.0 0.0 0.6583125532965729 0.7527446991989694
1629013255.573482752 4.365986949138298 2.2796899247716595 0.0 0.0 0.0 0.6583125175752979 0.7527447304389936
1629013255.974318027 4.365587672010208 2.2799486097115693 0.0 0.0 0.0 0.658312518210307 0.7527447298836467
1629013256.074461937 4.365057557024471 2.2797964809934226 0.0 0.0 0.0 0.6583125361046077 0.7527447142341948
1629013256.074461937 4.365163147644322 2.2796124022149575 0.0 0.0 0.0 0.6583125371025775 0.7527447133614207
1629013256.174642801 4.365112791617113 2.2790790757661434 0.0 0.0 0.0 0.658312527825658 0.7527447214745463
1629013256.876011133 4.364888818151462 2.279802758293172 0.0 0.0 0.0 0.6583125524381095 0.7527446999497381
1629013257.076419830 4.365826497305839 2.2790036347621827 0.0 0.0 0.0 0.6583125268408565 0.7527447223358039
1629013257.276793480 4.3669068262077975 2.280085573103812 0.0 0.0 0.0 0.6583125583948919 0.7527446947402366
1629013258.078352928 4.3674404162966445 2.280959824959298 0.0 0.0 0.0 0.6583125720256106 0.7527446828194971
1629013258.579374075 4.367443833003998 2.2807598975209387 0.0 0.0 0.0 0.6583125546315104 0.7527446980315003
1629013258.779723406 4.368178000210768 2.279797393308047 0.0 0.0 0.0 0.6583125305029276 0.7527447191331414
1629013258.779723406 4.368462168909698 2.2804974356908567 0.0 0.0 0.0 0.6583125132616622 0.7527447342114815
1629013258.980110645 4.3670215164465835 2.2813049928514064 0.0 0.0 0.0 0.6583124954544418 0.7527447497847763
1629013259.581286430 4.36862822977305 2.281453008127826 0.0 0.0 0.0 0.658312493520829 0.7527447514758163
1629013260.082254410 4.369152774181745 2.2818811323346293 0.0 0.0 0.0 0.6583124578871918 0.7527447826391919
1629013260.182537079 4.369655920845907 2.2821088191704533 0.0 0.0 0.0 0.658312466157072 0.7527447754067736
1629013260.182537079 4.368529651847951 2.28295975605182 0.0 0.0 0.0 0.6583124529620277 0.7527447869464909
1629013260.382846355 4.367264745984503 2.281924329407321 0.0 0.0 0.0 0.6583124314578233 0.7527448057529781
1629013260.683427811 4.36726985031601 2.28193395890235 0.0 0.0 0.0 0.6583124615654584 0.7527447794223663
1629013260.783623695 4.3667503630716515 2.2820839706097016 0.0 0.0 0.0 0.6583124303778425 0.7527448066974746
1629013260.783623695 4.366044049111043 2.282006734246905 0.0 0.0 0.0 0.6583123995905036 0.7527448336225185
1629013260.984056950 4.365168071442981 2.2817403608650486 0.0 0.0 0.0 0.658312359644281 0.752744868557454
1629013261.184803009 4.365291939021718 2.281912943209199 0.0 0.0 0.0 0.6583124150110732 0.7527448201364713
1629013261.385650158 4.365256844763621 2.2818640666799967 0.0 0.0 0.0 0.6583124271981492 0.7527448094782729
1629013261.485024929 4.366365011484148 2.2827389422801954 0.0 0.0 0.0 0.6583124516112577 0.7527447881278059
1629013261.485024929 4.366599273968188 2.283019575594196 0.0 0.0 0.0 0.658312456155439 0.7527447841536953
1629013262.086208582 4.36536024955765 2.283016293424534 0.0 0.0 0.0 0.6583124494347289 0.7527447900312877
1629013262.186375856 4.3642243297139744 2.2833032735788032 0.0 0.0 0.0 0.6583124493320577 0.7527447901210789
1629013262.286608219 4.363502350270308 2.283098185904674 0.0 0.0 0.0 0.6583124182677489 0.7527448172883481
1629013262.687365055 4.365318789149718 2.283130748858494 0.0 0.0 0.0 0.6583124316098532 0.7527448056200204
1629013262.787581205 4.366025303219301 2.2834718128417832 0.0 0.0 0.0 0.6583124540527763 0.7527447859925775
1629013262.887779713 4.364616596162605 2.283445881261601 0.0 0.0 0.0 0.6583124732099773 0.7527447692386595
1629013263.088128090 4.365375945333404 2.2838582936687724 0.0 0.0 0.0 0.6583124393931448 0.7527447988131484
1629013263.088128090 4.365784003314981 2.2827921694771725 0.0 0.0 0.0 0.6583124479801306 0.7527447913034058
1629013263.388790369 4.365019597477494 2.282638498464038 0.0 0.0 0.0 0.6583124622706334 0.7527447788056559
1629013263.589112759 4.364631282245036 2.283169251142872 0.0 0.0 0.0 0.6583124757474832 0.7527447670194855
1629013263.689300060 4.365553732183678 2.2825316915376956 0.0 0.0 0.0 0.6583124592352331 0.7527447814602632
1629013263.689300060 4.364987269022988 2.282138140920016 0.0 0.0 0.0 0.6583124479484638 0.7527447913311
1629013264.691281557 4.364857731200623 2.2830769548596286 0.0 0.0 0.0 0.6583124247474554 0.7527448116215254
1629013265.292447567 4.365199309733606 2.283130746818577 0.0 0.0 0.0 0.6583124369667883 0.7527448009351166
1629013265.893932343 4.3650828282291805 2.2829869487041945 0.0 0.0 0.0 0.6583124640993462 0.7527447772063564
1629013266.795362473 4.364486619281526 2.282753013619318 0.0 0.0 0.0 0.6583124647225004 0.7527447766613772
1629013266.996018648 4.364528607247981 2.283016255509512 0.0 0.0 0.0 0.65831247430203 0.7527447682836056
1629013267.296465397 4.3633187643338305 2.2822017022321415 0.0 0.0 0.0 0.6583124787790886 0.7527447643681967
1629013267.396602631 4.362506660334135 2.2822330392629655 0.0 0.0 0.0 0.6583124664724709 0.7527447751309416
1629013267.396602631 4.362697712083544 2.282227132832459 0.0 0.0 0.0 0.6583124662973998 0.7527447752840499
1629013267.596940279 4.362931703664289 2.2810321878159856 0.0 0.0 0.0 0.6583124752726772 0.7527447674347266
1629013268.498708248 4.362795521963799 2.2812070706377123 0.0 0.0 0.0 0.658312467259662 0.7527447744425042
1629013269.099856377 4.363348637379326 2.2806070173798987 0.0 0.0 0.0 0.6583124818301076 0.7527447616999299
1629013269.200072765 4.363005437852855 2.2806932921157 0.0 0.0 0.0 0.6583124954678657 0.7527447497730364
1629013269.400448322 4.362256901294681 2.2820979247373163 0.0 0.0 0.0 0.6583125137443818 0.7527447337893192
1629013269.500660896 4.361509891275872 2.2816433597850883 0.0 0.0 0.0 0.6583125282703148 0.7527447210856719
1629013269.600833416 4.359902657977266 2.2821980822559054 0.0 0.0 0.0 0.6583125176958767 0.7527447303335415
1629013269.702066660 4.35925917897712 2.2826048270725403 0.0 0.0 0.0 0.6583124876115467 0.7527447566437758
1629013269.801248312 4.359634107210118 2.2831749902572 0.0 0.0 0.0 0.6583124664000247 0.7527447751942994
1629013269.801248312 4.359587519544209 2.282548365626469 0.0 0.0 0.0 0.6583124751516807 0.7527447675405442
1629013269.901425600 4.359381099603251 2.2821359561542742 0.0 0.0 0.0 0.6583124783633211 0.752744764731806
1629013270.202024698 4.359994659363705 2.282624061282845 0.0 0.0 0.0 0.6583124876394717 0.7527447566193539
1629013270.302225113 4.359751183806816 2.281865302258179 0.0 0.0 0.0 0.6583124950573433 0.7527447501320585
1629013270.403551102 4.359449191237253 2.2832997921113853 0.0 0.0 0.0 0.6583125325182817 0.7527447173706144
1629013270.602983952 4.358117922988732 2.283606669676011 0.0 0.0 0.0 0.6583124915791888 0.7527447531738767
1629013270.702999592 4.358952538301756 2.283784427862486 0.0 0.0 0.0 0.6583124998741194 0.7527447459195498
1629013270.903461933 4.35883443126887 2.283836584385139 0.0 0.0 0.0 0.6583125151547928 0.7527447325558451
1629013271.204852819 4.35945313434771 2.282602943226478 0.0 0.0 0.0 0.6583125385641323 0.7527447120832187
1629013271.404375553 4.359289176045904 2.283545468246328 0.0 0.0 0.0 0.6583125286234939 0.7527447207767993
1629013271.805147171 4.35875525850423 2.282731595072412 0.0 0.0 0.0 0.6583125196933571 0.7527447285866459
1629013271.905340433 4.358099538860149 2.2827490861430606 0.0 0.0 0.0 0.6583125366761209 0.7527447137343782
1629013271.905340433 4.35665129598472 2.2817806917602943 0.0 0.0 0.0 0.6583124897505733 0.7527447547730912
1629013272.206001997 4.357591913766626 2.282324131563944 0.0 0.0 0.0 0.6583124497509442 0.7527447897547419
1629013272.707123518 4.358147867129044 2.2819365439458505 0.0 0.0 0.0 0.6583124210261011 0.7527448148760332
1629013273.207884312 4.358335225789848 2.2817113945685654 0.0 0.0 0.0 0.6583124153467123 0.7527448198429384
1629013273.408269882 4.357519722205153 2.2810478664821794 0.0 0.0 0.0 0.6583124101076822 0.7527448244247281
1629013273.809125662 4.357067484097643 2.281938055233721 0.0 0.0 0.0 0.6583124574890205 0.7527447829874124
1629013274.009464025 4.356640583271434 2.2812164187214736 0.0 0.0 0.0 0.6583124227064837 0.7527448134064557
1629013274.009464025 4.356774312588725 2.280746318789916 0.0 0.0 0.0 0.6583124668908361 0.7527447747650606
1629013275.311985254 4.357072287840646 2.281591495189011 0.0 0.0 0.0 0.6583124354014974 0.7527448023040406
1629013275.812977314 4.356971142955209 2.281687653360425 0.0 0.0 0.0 0.65831242635869 0.7527448102124215
1629013275.913190365 4.356089834218315 2.282363314074168 0.0 0.0 0.0 0.6583124106030943 0.7527448239914659
1629013276.013378859 4.356928789397464 2.281552555049324 0.0 0.0 0.0 0.6583124118120396 0.7527448229341837
1629013276.013378859 4.357437715258911 2.282209494387889 0.0 0.0 0.0 0.6583124110589528 0.7527448235927953
1629013276.013378859 4.357089658492503 2.281793617566128 0.0 0.0 0.0 0.6583124150863463 0.7527448200706413
1629013276.313955784 4.35626980980596 2.28118942408968 0.0 0.0 0.0 0.6583124778714822 0.7527447651619433
1629013276.313955784 4.35698758055498 2.280485131402584 0.0 0.0 0.0 0.6583124734256991 0.7527447690500002
1629013276.514402390 4.35736305657743 2.28114902344004 0.0 0.0 0.0 0.6583124474768989 0.7527447917435066
1629013276.614527225 4.357473106151079 2.2803895360320308 0.0 0.0 0.0 0.658312433284189 0.7527448041557312
1629013277.015316010 4.356619651976018 2.280302668140569 0.0 0.0 0.0 0.6583124444006159 0.7527447944338679
1629013277.015316010 4.356574800155689 2.279626915268415 0.0 0.0 0.0 0.6583124750921229 0.7527447675926303
1629013277.215725422 4.355844533638173 2.2792376143498423 0.0 0.0 0.0 0.6583124788199661 0.7527447643324473
1629013277.416112423 4.356259793967062 2.2801169472750704 0.0 0.0 0.0 0.6583124635907313 0.7527447776511652
1629013277.616681337 4.3554895189472935 2.280500076965177 0.0 0.0 0.0 0.6583124834848615 0.7527447602527658
1629013278.117462635 4.35497373765128 2.2793902872643463 0.0 0.0 0.0 0.6583124906360301 0.7527447539987155
1629013278.317893028 4.355100722963187 2.27912009336307 0.0 0.0 0.0 0.6583124582596434 0.7527447823134646
1629013278.418324947 4.355181368377761 2.2791391218481616 0.0 0.0 0.0 0.658312424079389 0.7527448122057825
1629013278.518271446 4.35510772037326 2.279456421257972 0.0 0.0 0.0 0.6583124114624481 0.7527448232399186
1629013278.518271446 4.354719812964362 2.2791925439417358 0.0 0.0 0.0 0.6583124346472172 0.7527448029636958
1629013278.718654156 4.3554106686656615 2.2802097199820612 0.0 0.0 0.0 0.658312424451665 0.7527448118802087
1629013278.919036388 4.354991928317529 2.2802054477791165 0.0 0.0 0.0 0.6583124142514492 0.7527448208008
1629013279.019241810 4.355215439261237 2.2802879235664317 0.0 0.0 0.0 0.6583124007160536 0.7527448326381696
1629013279.019241810 4.354978566736638 2.2791350791419136 0.0 0.0 0.0 0.6583124014636146 0.7527448319843908
1629013279.822077751 4.355940720389333 2.280773968084057 0.0 0.0 0.0 0.6583123923331183 0.7527448399694591
1629013280.021559715 4.354355104047899 2.2799147498363883 0.0 0.0 0.0 0.6583123706987262 0.7527448588897987
1629013280.822953224 4.354981333039469 2.280065809969081 0.0 0.0 0.0 0.6583123735741956 0.7527448563750594
1629013281.023141384 4.355063177740241 2.280279118828296 0.0 0.0 0.0 0.6583124029129213 0.7527448307169008
1629013281.323719501 4.354253409617489 2.2788876988695 0.0 0.0 0.0 0.6583124452161109 0.7527447937206774
1629013281.524127960 4.35484771076198 2.2794050393371936 0.0 0.0 0.0 0.658312473498143 0.7527447689866444
1629013281.724548578 4.354634049419023 2.279837397915622 0.0 0.0 0.0 0.6583124707820722 0.7527447713619825
1629013281.824714661 4.355160521354379 2.2798075484226867 0.0 0.0 0.0 0.6583124370673876 0.7527448008471376
1629013282.125304222 4.354516063311108 2.2802953000315482 0.0 0.0 0.0 0.6583124384696876 0.7527447996207571
1629013282.225491524 4.354894552764339 2.2806083768607257 0.0 0.0 0.0 0.6583124578742837 0.7527447826504806
1629013282.526069880 4.354522054351483 2.281177562629549 0.0 0.0 0.0 0.6583124483499605 0.7527447909799713
1629013283.027065277 4.538283823878512 -2.0111970553473224 0.0 0.0 0.0 0.578125964257598 0.815947528613956
1629013283.127244234 4.531818746024519 -2.254371177492468 0.0 0.0 0.0 0.5229762961332346 0.8523472260075488
1629013283.227453947 4.50468096768481 -2.3352025680548234 0.0 0.0 0.0 0.4983091254618481 0.8669994322267162
1629013283.728429317 4.504633747673659 -2.337122234502986 0.0 0.0 0.0 0.4983091628110554 0.8669994107602064
1629013283.928811550 4.5045191004763 -2.338015499532633 0.0 0.0 0.0 0.4983091276089858 0.8669994309926458
1629013284.029018402 4.50557192226948 -2.336621768961674 0.0 0.0 0.0 0.4983091201396109 0.8669994352856794
1629013284.129204512 4.506827648311812 -2.3372458045268254 0.0 0.0 0.0 0.49830911028939806 0.8669994409471027
1629013285.031048775 4.506048368096431 -2.337634908648612 0.0 0.0 0.0 0.4983091036095563 0.8669994447863507
1629013285.131157875 4.506460083586397 -2.338106301329382 0.0 0.0 0.0 0.49830909503530035 0.8669994497144159
1629013285.331543922 4.506327668430897 -2.3369709410348665 0.0 0.0 0.0 0.49830909389597855 0.8669994503692426
1629013285.331543922 4.505318213348985 -2.3370326635531256 0.0 0.0 0.0 0.4983090850713646 0.8669994554412013
1629013285.632148743 4.505349495817903 -2.3368094577693688 0.0 0.0 0.0 0.4983090922765181 0.8669994513000296
1629013285.732345343 4.504610265223038 -2.3377705239003284 0.0 0.0 0.0 0.49830911353903323 0.8669994390793704
1629013285.932733774 4.505134827259055 -2.3384383709703775 0.0 0.0 0.0 0.4983091330679452 0.8669994278551012
1629013285.932733774 4.504754311590559 -2.3380660562470275 0.0 0.0 0.0 0.4983091020786672 0.8669994456662313
1629013286.233335018 4.504157713113754 -2.337579613696845 0.0 0.0 0.0 0.49830911759663044 0.8669994367472609
1629013287.335497141 4.50373476791894 -2.3372483274307276 0.0 0.0 0.0 0.4983090347718897 0.8669994843508891
1629013288.238262653 4.503425575455471 -2.3383750681137743 0.0 0.0 0.0 0.49830903615787847 0.8669994835542904
1629013289.139037371 4.504347968427135 -2.3379430325862978 0.0 0.0 0.0 0.49830903674515065 0.8669994832167549
1629013289.239264727 4.505285030795603 -2.3368980113609426 0.0 0.0 0.0 0.4983090540529886 0.8669994732690532
1629013289.339389801 4.504481780160398 -2.336576449043327 0.0 0.0 0.0 0.49830906321670365 0.8669994680021962
1629013289.539778709 4.504871362589621 -2.337494398202928 0.0 0.0 0.0 0.4983090228576824 0.8669994911985945
1629013289.539778709 4.505066777866017 -2.3367162526371494 0.0 0.0 0.0 0.49830896866355867 0.8669995223467315
1629013289.740151167 4.50476883232901 -2.3359354971128274 0.0 0.0 0.0 0.4983089889316228 0.8669995106976381
1629013289.940553188 4.504755398214423 -2.3366172682979474 0.0 0.0 0.0 0.4983090275472636 0.8669994885032519
1629013290.241132259 4.503593528326079 -2.336048002732126 0.0 0.0 0.0 0.49830903342025096 0.8669994851277452
1629013290.642004013 4.503320112838006 -2.336248553429771 0.0 0.0 0.0 0.4983090427001795 0.8669994797940946
1629013290.942499161 4.502151902175656 -2.3365204277910077 0.0 0.0 0.0 0.49830901964988555 0.8669994930422796
1629013291.042703152 4.502545532344294 -2.3361589896481942 0.0 0.0 0.0 0.49830901898027613 0.8669994934271386
1629013291.042703152 4.5029404929337264 -2.3353907059476136 0.0 0.0 0.0 0.49830898575934857 0.8669995125209065
1629013291.643872261 4.503158609142956 -2.3354087733667743 0.0 0.0 0.0 0.49830899578867277 0.8669995067565405
1629013291.944457531 4.501594225927665 -2.334979080745587 0.0 0.0 0.0 0.4983089873782058 0.8669995115904663
1629013292.144999266 4.500543878133999 -2.3348962279737377 0.0 0.0 0.0 0.4983090056235261 0.8669995011039469
1629013292.345243454 4.500152596833608 -2.335415055619196 0.0 0.0 0.0 0.4983090595993605 0.8669994700812689
1629013292.445479393 4.500689673642099 -2.3363082217793645 0.0 0.0 0.0 0.498309061095364 0.8669994692214389
1629013292.445479393 4.500587813512065 -2.3362054683753004 0.0 0.0 0.0 0.49830910272431894 0.8669994452951422
1629013293.047432423 4.500381654058668 -2.336326295149067 0.0 0.0 0.0 0.49830906763731225 0.8669994654614457
1629013293.247035027 4.500735332225587 -2.3350187097412474 0.0 0.0 0.0 0.4983091377990594 0.8669994251358867
1629013293.848223686 4.500510625714735 -2.335007210305292 0.0 0.0 0.0 0.4983091778355563 0.8669994021248526
1629013294.248976707 4.500872892654188 -2.335344412037229 0.0 0.0 0.0 0.4983091877105415 0.8669993964491903
1629013294.449362993 4.500151129132864 -2.3347635121988697 0.0 0.0 0.0 0.49830918070219343 0.8669994004772488
1629013294.549557686 4.500768725998928 -2.3351390974589497 0.0 0.0 0.0 0.49830916291242633 0.8669994107019433
1629013295.150742054 4.500232910893406 -2.3350219104101235 0.0 0.0 0.0 0.49830914895306727 0.8669994187251049
1629013295.250942469 4.4996947695315335 -2.334983217547232 0.0 0.0 0.0 0.4983091105439469 0.8669994408008004
1629013295.351131916 4.498805601443798 -2.3358282285201795 0.0 0.0 0.0 0.49830910513710974 0.8669994439083873
1629013295.351131916 4.498383984648035 -2.335109428848165 0.0 0.0 0.0 0.49830910499263986 0.8669994439914216
1629013295.651784420 4.4992235624148496 -2.3362872733859468 0.0 0.0 0.0 0.4983090903145398 0.8669994524276793
1629013296.152692318 4.49960839681115 -2.335263687199788 0.0 0.0 0.0 0.4983091195836333 0.8669994356052282
1629013296.252875090 4.499646968930071 -2.3349627498811927 0.0 0.0 0.0 0.4983091123234787 0.866999439778012
1629013296.453254938 4.498657050919057 -2.3356787845768547 0.0 0.0 0.0 0.49830909697740594 0.8669994485981881
1629013296.753854752 4.499018096311643 -2.335236084317543 0.0 0.0 0.0 0.4983091221640838 0.8669994341221108
1629013297.054462671 4.499962888965282 -2.3348530897359185 0.0 0.0 0.0 0.49830908864393736 0.8669994533878603
1629013297.154661655 4.49995941117578 -2.3341609479574443 0.0 0.0 0.0 0.49830909356968456 0.8669994505567805
1629013297.254834890 4.4987951677361675 -2.334078482505594 0.0 0.0 0.0 0.4983091289746247 0.866999430207743
1629013297.254834890 4.499100672218162 -2.3336586775021586 0.0 0.0 0.0 0.49830916770536854 0.8669994079471929
1629013297.555447102 4.498775887897815 -2.333710433497831 0.0 0.0 0.0 0.49830918141119374 0.8669994000697497
1629013297.755830765 4.498429337796002 -2.3336796196765017 0.0 0.0 0.0 0.49830919578206173 0.8669993918100721
1629013297.856037855 4.498459937691551 -2.334182118214426 0.0 0.0 0.0 0.4983092592471653 0.8669993553334059
1629013297.956216335 4.497602652566018 -2.33396973596446 0.0 0.0 0.0 0.49830928556739973 0.8669993402058087
1629013298.056957483 4.4980036080361785 -2.3335469777884734 0.0 0.0 0.0 0.4983092388593877 0.8669993670513132
1629013298.156583786 4.497842455731072 -2.3330176484325555 0.0 0.0 0.0 0.4983092037360403 0.866999387238511
1629013298.356981039 4.497637697214148 -2.331874474016217 0.0 0.0 0.0 0.4983092253540011 0.866999374813555
1629013298.356981039 4.497057022840275 -2.3312533278675263 0.0 0.0 0.0 0.49830922192852006 0.8669993767823556
1629013298.557417154 4.497844718045696 -2.331259007618742 0.0 0.0 0.0 0.4983092225849674 0.8669993764050614
1629013298.958150387 4.4986725967839565 -2.3310059517209165 0.0 0.0 0.0 0.4983092204395823 0.8669993776381248
1629013299.158659935 4.4993022420115265 -2.330749881997234 0.0 0.0 0.0 0.4983092488696787 0.8669993612978828
1629013299.358932257 4.499856624231556 -2.331010233151641 0.0 0.0 0.0 0.49830922704588126 0.8669993738411443
1629013299.759720087 4.501050811176941 -2.330825847044615 0.0 0.0 0.0 0.49830923994161386 0.866999366429302
1629013300.060306549 4.500735003331268 -2.3305234689355685 0.0 0.0 0.0 0.4983092812430719 0.8669993426912233
1629013300.160758972 4.5017217367562825 -2.330713002241462 0.0 0.0 0.0 0.4983092830037232 0.866999341679286
1629013300.361333370 4.5016366776633925 -2.3311429215521957 0.0 0.0 0.0 0.4983093144252398 0.8669993236197174
1629013300.461078167 4.50098852257264 -2.3320349278792234 0.0 0.0 0.0 0.49830934533918425 0.8669993058518753
1629013300.962058544 4.501232145810839 -2.331500314469759 0.0 0.0 0.0 0.4983093401057921 0.8669993088597765
1629013301.362841129 4.501443703716625 -2.331227459014256 0.0 0.0 0.0 0.4983093674553688 0.8669992931405597
1629013301.863822460 4.500670157793464 -2.3308214167440204 0.0 0.0 0.0 0.4983093909298871 0.8669992796485386
1629013302.164443970 4.500507031050373 -2.3315407485917046 0.0 0.0 0.0 0.4983093811101665 0.8669992852924406
1629013302.665424824 4.499670164430317 -2.3323322297940985 0.0 0.0 0.0 0.49830934709478303 0.8669993048428419
1629013302.865775824 4.5004910866481955 -2.331214861020211 0.0 0.0 0.0 0.49830936607055903 0.8669992939364816
1629013303.867745638 4.50137375685122 -2.3303458715480594 0.0 0.0 0.0 0.4983093726981302 0.8669992901272734
1629013304.068133831 4.500356477914155 -2.3296807825683623 0.0 0.0 0.0 0.49830942027565805 0.8669992627820036
1629013304.168321133 4.501181554850578 -2.330334969432472 0.0 0.0 0.0 0.49830943542178613 0.8669992540767384
1629013304.168321133 4.501607319940703 -2.3309671006680626 0.0 0.0 0.0 0.4983094466952148 0.8669992475973142
1629013304.370109081 4.502614001280425 -2.330866453343235 0.0 0.0 0.0 0.4983094631923123 0.8669992381155762
1629013304.769490957 4.501227483712382 -2.331738411675625 0.0 0.0 0.0 0.4983094608259611 0.8669992394756411
1629013305.271343708 4.501549094600186 -2.3317690633467487 0.0 0.0 0.0 0.4983094678726933 0.8669992354255183
1629013305.470873833 4.502689913650936 -2.331105474655404 0.0 0.0 0.0 0.4983094639428266 0.8669992376842166
1629013305.571066380 4.500938602092821 -2.331921151047685 0.0 0.0 0.0 0.4983094480968013 0.8669992467917497
1629013305.571066380 4.501373958612057 -2.3316615453622496 0.0 0.0 0.0 0.49830941141421625 0.8669992678751334
1629013306.072058678 4.500583111083958 -2.3312444738895186 0.0 0.0 0.0 0.4983094132382181 0.8669992668267851
1629013306.172584057 4.499398590095068 -2.33043302644177 0.0 0.0 0.0 0.49830935772932106 0.8669992987306226
1629013306.272438526 4.499210148014149 -2.3289343292816023 0.0 0.0 0.0 0.4983093867531172 0.8669992820491447
1629013306.272438526 4.498020664507562 -2.3291990786657557 0.0 0.0 0.0 0.49830942640422193 0.8669992592596001
1629013306.272438526 4.498896636245175 -2.3296208198588984 0.0 0.0 0.0 0.49830946848618657 0.8669992350729119
1629013306.575726032 4.497853172830776 -2.3292438080597475 0.0 0.0 0.0 0.49830950276231956 0.8669992153726379
1629013307.374596596 4.497364265954625 -2.3282970245484638 0.0 0.0 0.0 0.49830947493510136 0.8669992313663857
1629013307.975763083 4.497202124273349 -2.327949040328641 0.0 0.0 0.0 0.4983094969703574 0.8669992187015795
1629013308.075963020 4.497324160738081 -2.3284186663614745 0.0 0.0 0.0 0.4983094691984147 0.8669992346635573
1629013308.476742268 4.497873593870087 -2.3269888750415366 0.0 0.0 0.0 0.4983094675106717 0.8669992356335908
1629013308.075963020 4.545881908947408 -1.8684451971700393 0.0 0.0 0.0 0.6829517125282049 0.7304635229460759
1629013308.777350664 4.546584893241019 -1.868507643938247 0.0 0.0 0.0 0.6829516687594068 0.7304635638680013
1629013308.777350664 4.5467011721119075 -1.868846614117442 0.0 0.0 0.0 0.6829516615240485 0.7304635706327466
1629013308.777350664 4.54609312520172 -1.8689517359237986 0.0 0.0 0.0 0.6829517014259924 0.7304635333261628
