1629013127.723922968 0.0005293531179709093 0.0007621186845778396 0.0 0.0 0.0 -1.724077169248778e-08 0.9999999999999999
1629013127.723922968 0.0013012027988561995 -0.00015279846504103367 0.0 0.0 0.0 -3.3958885580417806e-08 0.9999999999999994
1629013127.723922968 0.0010525255139518868 -0.0012883265153372009 0.0 0.0 0.0 -1.5475672051764007e-08 0.9999999999999999
1629013127.723922968 0.0016905355965638653 -0.0009495933568191891 0.0 0.0 0.0 -1.9916395403990132e-08 0.9999999999999998
1629013127.723922968 0.0014132514799712812 -0.0015374218680599076 0.0 0.0 0.0 -4.441341866162317e-08 0.999999999999999
1629013128.224887848 0.002569311318650591 -0.0008277351685768017 0.0 0.0 0.0 -5.6181963947462525e-09 1.0
1629013128.224887848 0.002990198811451534 0.00024019943401787033 0.0 0.0 0.0 1.2136357533192363e-08 0.9999999999999999
1629013128.325093031 0.0025619722522942125 0.000928038153325011 0.0 0.0 0.0 1.7762065047446095e-08 0.9999999999999999
1629013128.425327301 -0.00022982990276756608 -0.0003926773933738535 0.0 0.0 0.0 1.5104574907306118e-07 0.9999999999999886
1629013128.525490284 -0.00027407969318275093 -0.0007662780673207155 0.0 0.0 0.0 1.8305607106404142e-07 0.9999999999999832
1629013128.625700474 -0.0010150931692309135 0.0005818039268838497 0.0 0.0 0.0 1.1244954848324135e-07 0.9999999999999937
1629013128.625700474 -0.0006562206221466746 0.002336373049353193 0.0 0.0 0.0 6.927208511343017e-08 0.9999999999999976
1629013128.926275730 -0.000930504739915514 0.003220536567315481 0.0 0.0 0.0 4.448692924254424e-08 0.999999999999999
1629013128.926275730 -0.0003339616257730148 0.002237243476173603 0.0 0.0 0.0 5.320517024545416e-08 0.9999999999999986
1629013128.926275730 -0.00021639261557140126 0.0025273164007393357 0.0 0.0 0.0 6.79776711623534e-08 0.9999999999999977
1629013128.926275730 0.00011021162452064479 0.002164799609501571 0.0 0.0 0.0 1.0119543602775303e-07 0.9999999999999949
1629013129.327075481 -0.00355398252934038 0.008600536410209568 0.0 0.0 0.0 6.105325559097593e-08 0.9999999999999981
1629013129.327075481 0.0001850377359254808 0.0017323827566934637 0.0 0.0 0.0 1.7904712981932673e-07 0.999999999999984
1629013129.327075481 -0.00014708449111955953 -0.0017959059045067269 0.0 0.0 0.0 -4.966197184925366e-08 0.9999999999999988
1629013129.327075481 0.0002608145182090993 0.005671603402874554 0.0 0.0 0.0 5.7940460532427344e-08 0.9999999999999983
1629013129.727863789 -0.0066562198026629054 -0.0008437254223539366 0.0 0.0 0.0 -5.072879198787422e-09 1.0
1629013129.727863789 0.007406347846714075 0.004896066252257367 0.0 0.0 0.0 5.5935411216150393e-08 0.9999999999999984
1629013129.928267002 0.00767980740373822 0.006312936368358135 0.0 0.0 0.0 4.8340065134365014e-08 0.9999999999999988
1629013129.928267002 0.005556897079253697 0.007185457272001409 0.0 0.0 0.0 4.349904313260218e-08 0.999999999999999
1629013130.830001831 -0.0027900042927377668 0.004428613106044802 0.0 0.0 0.0 -8.332130608494337e-08 0.9999999999999966
1629013130.830001831 -0.004116897681131206 0.004385890251067966 0.0 0.0 0.0 -4.964623445241095e-08 0.9999999999999988
1629013135.038238049 -0.004843986751514684 0.004616391319324415 0.0 0.0 0.0 -9.390629006704574e-08 0.9999999999999956
1629013135.243909359 -0.005193355941766614 0.004839208009941313 0.0 0.0 0.0 -3.974801497828254e-08 0.9999999999999992
1629013135.739579201 -0.005400030454609309 0.005749644702171024 0.0 0.0 0.0 -4.032011759755724e-08 0.9999999999999992
1629013138.044185638 -0.005315429393216803 0.006149244765765946 0.0 0.0 0.0 -3.047173305157783e-08 0.9999999999999996
1629013138.545035839 -0.004267602001003816 0.00584539315745591 0.0 0.0 0.0 -4.725887693686668e-08 0.9999999999999989
1629013138.945878506 -0.005791469910332517 0.0047671645987023056 0.0 0.0 0.0 -1.3204080051848822e-07 0.9999999999999912
1629013138.945878506 0.005842472261787172 0.0011474684075868766 0.0 0.0 0.0 1.631724525797799e-07 0.9999999999999867
1629013143.454634190 0.001977525463675133 -0.004941848642631668 0.0 0.0 0.0 4.342434150450907e-07 0.9999999999999057
1629013144.357876301 0.0016693794498649935 -0.004408492954243904 0.0 0.0 0.0 4.2817807929977283e-07 0.9999999999999083
1629013147.963420868 0.00215770978821162 -0.004959477595777796 0.0 0.0 0.0 4.536914509946898e-07 0.9999999999998971
