1629013127.723922968 -0.00028311578943654447 -0.0005289185257448635 0.0 0.0 0.0 1.8852073710724824e-08 0.9999999999999998
1629013127.723922968 0.0003776582925838015 -0.0008555274988594891 0.0 0.0 0.0 6.101135406677068e-08 0.9999999999999981
1629013127.723922968 -0.00015933629204995903 -0.0010300907294569217 0.0 0.0 0.0 9.143597178293495e-08 0.9999999999999958
1629013127.723922968 -0.0018452339465329082 -0.00147145482423636 0.0 0.0 0.0 1.4588167422080486e-07 0.9999999999999893
1629013127.723922968 -0.00430436535952167 0.003409767635184657 0.0 0.0 0.0 7.253284660760748e-09 1.0
1629013128.224887848 0.0022046718764178555 0.006404243253361619 0.0 0.0 0.0 3.141071628133236e-09 1.0
1629013128.325093031 -0.0068482590561641035 -0.0019666471890566685 0.0 0.0 0.0 1.9025009222195695e-07 0.9999999999999819
1629013128.425327301 -0.006088926349092791 0.0062976081655139226 0.0 0.0 0.0 5.186410255638796e-08 0.9999999999999987
1629013128.525490284 0.003313178732180285 0.008597273881977759 0.0 0.0 0.0 7.860224888511469e-08 0.9999999999999969
1629013128.224887848 -0.001008361677366197 0.0013529377794003676 0.0 0.0 0.0 -4.748577569371439e-10 1.0
1629013128.325093031 -0.0015509759435208621 0.0001705950901178182 0.0 0.0 0.0 0.00051787641682265 0.9999998659019994
1629013128.425327301 -0.0010903843055002273 0.0025984711734039294 0.0 0.0 0.0 -0.0003956274023743267 0.9999999217394762
1629013128.525490284 -0.0009320717904100884 0.0025658660918470044 0.0 0.0 0.0 0.00012228543598365573 0.9999999925231361
1629013128.625700474 -0.0009655256021370488 0.0003519432899553836 0.0 0.0 0.0 0.000812856182430255 0.9999996696323588
1629013128.625700474 0.00411630676432583 -0.00538581174289867 0.0 0.0 0.0 0.0008128509648783108 0.9999996696365999
1629013128.625700474 -0.001246269511427842 -0.006514421576784983 0.0 0.0 0.0 0.0008127952184263706 0.9999996696819119
1629013128.625700474 0.006159649435728346 -0.005429709817856288 0.0 0.0 0.0 0.0008129520298609822 0.999999669554444
1629013128.926275730 0.0014298834716137496 0.007879689845674415 0.0 0.0 0.0 0.0008129360889691181 0.999999669567403
1629013128.926275730 0.0005386583676755377 0.006752499826913056 0.0 0.0 0.0 0.00029507841893084194 0.9999999564643623
1629013128.926275730 0.0003274771680023597 0.006717467659246336 0.0 0.0 0.0 0.00029508639133286787 0.9999999564620099
1629013128.926275730 0.00015172600277904948 0.006669508719143507 0.0 0.0 0.0 0.0002950937798704983 0.9999999564598296
1629013128.926275730 0.006423153674730907 0.00658947920728178 0.0 0.0 0.0 0.00029503131608070253 0.9999999564782603
1629013128.926275730 0.007377625733802346 0.007633346829818833 0.0 0.0 0.0 0.00029503289953541033 0.9999999564777932
1629013129.327075481 0.00961774481167376 -0.005574752299071427 0.0 0.0 0.0 0.0007178230106889524 0.9999997423650294
1629013129.327075481 0.008033589899265956 0.008933248809479115 0.0 0.0 0.0 0.0007179350688433286 0.9999997422845852
1629013129.327075481 0.00956272658093113 0.009605348556792036 0.0 0.0 0.0 0.0007179270903511566 0.9999997422903133
1629013129.327075481 0.0089357729973501 0.009765915603992563 0.0 0.0 0.0 0.0007178784222567423 0.9999997423252522
1629013129.727863789 0.00936389630249592 0.010272785306212754 0.0 0.0 0.0 0.0007178644751935838 0.9999997423352645
1629013129.727863789 0.009951905980229856 0.01012203580801554 0.0 0.0 0.0 0.0007178591543463061 0.9999997423390841
1629013129.727863789 0.010140258016327829 0.009892760100278281 0.0 0.0 0.0 0.0007178692105930705 0.9999997423318651
1629013129.928267002 0.010564496639534493 0.009829473881367986 0.0 0.0 0.0 0.0007179025524096852 0.9999997423079294
1629013129.928267002 0.010972047334181405 0.009626037522765248 0.0 0.0 0.0 0.0007179198111974031 0.9999997422955391
1629013129.928267002 0.01085036208134415 0.01019732459071355 0.0 0.0 0.0 0.0007179291071878868 0.9999997422888653
1629013130.128615141 0.01011362337674614 0.010770730515136167 0.0 0.0 0.0 0.0007179803417459025 0.9999997422520812
1629013130.128615141 0.008975118337932193 0.009373842976358342 0.0 0.0 0.0 0.0007179802475533627 0.9999997422521488
1629013129.928267002 0.008104845172517057 0.008813618641931763 0.0 0.0 0.0 0.0007179953424474646 0.9999997422413109
1629013130.128615141 0.0077409521283478885 0.009034941510237472 0.0 0.0 0.0 0.0007179672084618222 0.9999997422615106
1629013130.128615141 0.006885961760040981 0.008694848680939907 0.0 0.0 0.0 0.0007179690070694593 0.9999997422602193
1629013130.128615141 -0.015973622485430817 0.0014585817570318938 0.0 0.0 0.0 0.0007173629977905966 0.9999997426951316
1629013130.128615141 -0.013974274290565794 0.0014877822741823326 0.0 0.0 0.0 0.0007173522832194524 0.9999997427028178
1629013130.729794502 -0.010537624779832333 0.012748520341774563 0.0 0.0 0.0 0.0007181842505677679 0.9999997421056579
1629013130.830001831 -0.0031740836035414367 -0.018395522052233406 0.0 0.0 0.0 0.0007178602077923475 0.9999997423383279
1629013130.830001831 0.014049178369928372 -0.0010417463987579861 0.0 0.0 0.0 0.0007179996495356654 0.9999997422382184
1629013130.830001831 0.01457600049159068 -7.271996108022339e-06 0.0 0.0 0.0 0.0007180435576938467 0.9999997422066914
1629013130.830001831 -0.010330788492707332 0.01549730152596073 0.0 0.0 0.0 0.0007180584154421832 0.9999997421960227
1629013131.230769873 -0.010927473246275294 0.015650764411935164 0.0 0.0 0.0 0.0007181265143086541 0.9999997421471215
1629013131.230769873 0.016101564268000957 0.008545985433224546 0.0 0.0 0.0 0.0007178474024112605 0.9999997423475202
1629013131.230769873 0.016091115308258713 0.008364025986205727 0.0 0.0 0.0 0.0007179032229855178 0.999999742307448
1629013130.729794502 0.016690074564479677 0.005744749079540078 0.0 0.0 0.0 0.0014296540883041381 0.9999989780440717
1629013130.830001831 0.017519735542097674 0.002469402449688924 0.0 0.0 0.0 0.00260056178867651 0.9999966185334744
1629013131.230769873 0.06440475973403102 -0.004476008371922416 0.0 0.0 0.0 0.007141784801174328 0.9999744971297286
1629013131.230769873 -0.05353676580126034 -0.01778414222196219 0.0 0.0 0.0 0.007141310202273708 0.9999745005191857
1629013131.230769873 0.04828656705985031 0.005787591967561316 0.0 0.0 0.0 0.007141897452537453 0.99997449632517
1629013131.731744289 0.06323587264918584 -0.01447670474516479 0.0 0.0 0.0 0.007141865869824629 0.9999744965507358
1629013131.831948757 0.06288037905598239 -0.015613118905992356 0.0 0.0 0.0 0.0071419067167652 0.9999744962590041
1629013131.831948757 0.03314760937053116 -0.013740648094944075 0.0 0.0 0.0 0.0071414884355382015 0.9999744992463183
1629013131.831948757 0.0314188740125552 -0.003605306855590052 0.0 0.0 0.0 0.007141589328126811 0.9999744985257716
1629013131.831948757 0.030685530435741827 -0.0037637218335788815 0.0 0.0 0.0 0.007141608271688725 0.9999744983904808
1629013131.831948757 0.04825803049857544 -0.028245526752421604 0.0 0.0 0.0 0.007141711611148281 0.9999744976524467
1629013131.831948757 0.04295063521773935 0.008626915497175909 0.0 0.0 0.0 0.007141247048426975 0.9999745009701964
1629013132.533311367 0.06291994994594823 -0.012319097389446384 0.0 0.0 0.0 0.007141842895514332 0.9999744967148191
1629013132.533311367 0.06112700194009826 -0.013222957472274567 0.0 0.0 0.0 0.007141820301701371 0.9999744968761844
1629013132.533311367 0.054983088834235284 -0.02433890405521164 0.0 0.0 0.0 0.007141640013943063 0.9999744981637838
1629013132.533311367 0.03611573574501955 -0.024945525805352663 0.0 0.0 0.0 0.007141392307364892 0.9999744999328295
1629013133.134488583 0.06295266859545627 0.0034339611768468056 0.0 0.0 0.0 0.0071415711509875855 0.9999744986555884
1629013136.541119576 -4.565880418683138 0.20112940287219558 0.0 0.0 0.0 0.007141708823452092 0.9999744976723561
1629013138.945878506 -4.56551820774604 0.20221229866806392 0.0 0.0 0.0 0.00714173862832876 0.9999744974594925
1629013159.886710405 0.06530483848422186 -0.010601267949829922 0.0 0.0 0.0 0.007141980912384417 0.9999744957290897
1629013159.886710405 0.05600867319860794 -0.024161975875224416 0.0 0.0 0.0 0.007141620074096834 0.9999744983061905
1629013160.187287807 0.06597585744903559 -0.005860662302794306 0.0 0.0 0.0 0.007141933446179131 0.9999744960680998
1629013160.588062286 0.033726903024019976 -0.028318935943672095 0.0 0.0 0.0 0.007141541601377497 0.999974498866624
1629013182.330725193 0.03554086165048496 -0.02968790751315992 0.0 0.0 0.0 0.007141499878713032 0.9999744991645949
1629013182.531440973 0.03541375838227451 -0.02880756351863458 0.0 0.0 0.0 0.007141497257753206 0.9999744991833129
1629013182.531440973 0.03420854684342982 -0.0287591593167347 0.0 0.0 0.0 0.007141493840864838 0.9999744992077152
1629013182.531440973 0.025548292136215844 -0.018509450077327915 0.0 0.0 0.0 0.007141574284862801 0.9999744986332071
1629013191.548486233 0.04996854755829667 -0.029734443704504544 0.0 0.0 0.0 0.0071415185380459545 0.9999744990313356
1629013191.949263096 0.06908072019510679 0.003560654259859953 0.0 0.0 0.0 0.007141861719657774 0.9999744965803764
