1629013127.723922968 -0.00017359697027568316 0.00014769551769222897 0.0 0.0 0.0 2.3743590489145846e-08 0.9999999999999997
1629013128.224887848 0.0008919726282896709 -2.3956050524833665e-05 0.0 0.0 0.0 6.578259941839419e-08 0.9999999999999979
1629013128.425327301 0.0012006019313132482 -0.0011804061787020702 0.0 0.0 0.0 3.9667329217815213e-08 0.9999999999999992
1629013128.625700474 0.0007435427939143345 -0.0025597548832345758 0.0 0.0 0.0 7.618236188498283e-08 0.9999999999999971
1629013128.926275730 0.0006848986601778509 -0.0031390975867854444 0.0 0.0 0.0 5.5359581061337047e-08 0.9999999999999984
1629013128.325093031 0.00024115386810293 -0.0009531784634754115 0.0 0.0 0.0 0.0005178826236126277 0.9999998658987851
1629013128.425327301 0.0006142038720783151 0.0021034711643261456 0.0 0.0 0.0 -0.000395558304157823 0.999999921766811
1629013128.525490284 0.0008764037946093867 0.00174953508281276 0.0 0.0 0.0 0.00012235756940350256 0.9999999925143126
1629013128.625700474 0.0014978019559722343 0.0004239139175822992 0.0 0.0 0.0 0.000812877424467536 0.9999996696150918
1629013128.926275730 0.0018654425190893153 0.0006768842961395794 0.0 0.0 0.0 0.0002949937806608157 0.9999999564893337
1629013129.727863789 0.0008597895677879253 0.00035587243936165147 0.0 0.0 0.0 0.0002949585668729903 0.999999956499721
1629013130.729794502 -1.0454314470983994e-06 -0.0003021098584960987 0.0 0.0 0.0 0.00029495187415283145 0.999999956501695
1629013131.230769873 -0.0009931377974727353 -1.8423905361651205e-05 0.0 0.0 0.0 0.0002949365765497298 0.999999956506207
1629013131.731744289 -0.0002799822444762741 0.0006838535777940748 0.0 0.0 0.0 0.00029493170680014723 0.9999999565076432
1629013132.533311367 -7.098322872602138e-05 0.0002284606644895091 0.0 0.0 0.0 0.00029484125608760425 0.999999956534316
1629013133.134488583 0.0002265874407473913 0.00024104452232591867 0.0 0.0 0.0 0.00029483008527206897 0.9999999565376094
1629013133.635461807 0.0012925161787111104 -0.00870268818184049 0.0 0.0 0.0 0.00029499616262580443 0.999999956488631
1629013135.038238049 0.0016360442644563246 0.00733335671847163 0.0 0.0 0.0 0.00029494653383779084 0.9999999565032701
1629013135.243909359 0.001816124836358988 0.0067628171464677 0.0 0.0 0.0 0.00029500998068359194 0.9999999564845548
1629013135.639563084 0.0016325005903480756 0.007124293355791413 0.0 0.0 0.0 0.0002950233654418575 0.999999956480606
1629013136.140389442 0.0022412093041795653 0.00705393278522943 0.0 0.0 0.0 0.0002950109344085944 0.9999999564842733
1629013136.541119576 0.0015363047174050235 0.0066141642525121055 0.0 0.0 0.0 0.0002950048988123964 0.9999999564860539
1629013137.242624760 -0.0009996012799273867 0.010052134403892032 0.0 0.0 0.0 0.0002950686930400571 0.9999999564672323
1629013137.342700481 -0.009461118334239946 0.003314193369486137 0.0 0.0 0.0 0.0002946815665192716 0.9999999565813862
1629013138.044185638 -0.008449819083489851 0.00398577965983754 0.0 0.0 0.0 0.00029465710669148646 0.9999999565885938
1629013138.545035839 -0.00911061575250025 0.004629963220251443 0.0 0.0 0.0 0.00029462188201116507 0.9999999565989723
1629013139.446808338 0.009050413932332083 -0.009131793484759586 0.0 0.0 0.0 0.0002950140483427151 0.9999999564833547
1629013140.047982454 0.008887133678897893 -0.008887653366899178 0.0 0.0 0.0 0.0002950549116983579 0.9999999564712986
1629013140.248363495 0.0018131362720745939 0.01308934029656853 0.0 0.0 0.0 0.00029504167579882403 0.9999999564752038
1629013140.649135590 0.0025976174455517942 0.014172295936498701 0.0 0.0 0.0 0.0002950055631385221 0.9999999564858579
1629013141.250308990 0.0032447553870195455 0.01422729876167983 0.0 0.0 0.0 0.0002950298769675588 0.9999999564786849
1629013141.751293659 0.0028495065432623083 0.013936641459768103 0.0 0.0 0.0 0.00029500855885423327 0.9999999564849742
1629013142.853490353 -0.007960596085224016 0.009123919221892755 0.0 0.0 0.0 0.00029489904842583165 0.9999999565172747
1629013143.354449272 0.006726745155855404 0.009736931273164565 0.0 0.0 0.0 0.00029487146318384684 0.9999999565254092
1629013144.055785656 -0.0009634814419539164 0.014936889524430766 0.0 0.0 0.0 0.00029525906642912823 0.9999999564110409
1629013144.656959772 -0.013793462301600593 0.007738383513500217 0.0 0.0 0.0 0.00029511576335655286 0.9999999564533422
1629013145.157940865 -0.014841326537695175 0.008168591927674778 0.0 0.0 0.0 0.00029513003526630735 0.9999999564491302
1629013145.658915520 0.006988101880839055 -0.01089240244435069 0.0 0.0 0.0 0.00029472971837720546 0.9999999565671956
1629013146.260293722 0.015571116920226157 -0.003345364234052859 0.0 0.0 0.0 0.0002952592678945831 0.9999999564109814
1629013146.360308409 -0.0161646087196162 0.008480327529927641 0.0 0.0 0.0 0.00029514824875553523 0.9999999564437547
1629013146.761072397 -0.014468724246670428 0.009091319164579774 0.0 0.0 0.0 0.0002951033164617914 0.9999999564570153
1629013146.861275196 -0.015331930443643765 0.00910501888664432 0.0 0.0 0.0 0.0002951253110439475 0.9999999564505244
1629013146.961471319 -0.016378489159446712 -0.0008181107745555084 0.0 0.0 0.0 0.00029485878140164836 0.9999999565291485
1629013147.363122463 -0.017428656588228206 -0.0014204802506027222 0.0 0.0 0.0 0.00029491820735196174 0.9999999565116245
1629013147.662840843 -0.017081722572480827 -0.0015729894093963923 0.0 0.0 0.0 0.00029487400798779373 0.9999999565246588
1629013147.963420868 0.02063452263515396 -0.0012636732718499476 0.0 0.0 0.0 0.0002947613753624697 0.9999999565578649
1629013148.163911819 0.020839444050162886 -0.0006987863517929262 0.0 0.0 0.0 0.00029472874017951226 0.9999999565674839
1629013148.464430809 0.01324868071755383 -0.004510149281747234 0.0 0.0 0.0 0.00029449961294150537 0.9999999566349881
1629013148.564584255 -0.013171944491606948 -0.015284789444712257 0.0 0.0 0.0 0.0002946660100793943 0.9999999565859703
1629013148.967636585 -0.01387221660847249 -0.014028724995644457 0.0 0.0 0.0 0.00029469165782394227 0.9999999565784125
1629013149.566569805 -0.012840234806416743 -0.014222404516589661 0.0 0.0 0.0 0.00029466909981181556 0.9999999565850599
1629013150.267954588 0.022032351276208586 -0.0006292586278095473 0.0 0.0 0.0 0.00029473507071555745 0.9999999565656181
1629013150.368111134 -0.018663573342936064 -0.0038787057243862425 0.0 0.0 0.0 0.0002946551132748242 0.9999999565891812
1629013150.468353271 0.016234624181187 0.010521535075796881 0.0 0.0 0.0 0.0002949418640444893 0.9999999565046475
1629013150.571737289 0.0074491617884167955 0.023071054695037743 0.0 0.0 0.0 0.000294876894838785 0.9999999565238075
1629013150.668736935 -0.008155636479512698 0.015153961565125593 0.0 0.0 0.0 0.0002947081889567467 0.9999999565735407
1629013150.768898010 -0.0019108057147154442 0.022528431192368362 0.0 0.0 0.0 0.00029467845619810364 0.9999999565823028
1629013150.869095564 0.006192662427873833 0.02402369061076185 0.0 0.0 0.0 0.0002947845563275509 0.9999999565510317
1629013151.470263958 -0.006261692409135455 -0.015054701778649595 0.0 0.0 0.0 0.00029506815678064847 0.9999999564673905
1629013151.570468903 -0.006057304795010131 -0.016531694988020477 0.0 0.0 0.0 0.00029511860671906375 0.9999999564525031
1629013151.770849705 3.612667249892395 -0.630978479042678 0.0 0.0 0.0 0.24154999964678206 0.9703883746576107
1629013151.971232891 3.6129000167162264 -0.630502945597779 0.0 0.0 0.0 0.24155003004047942 0.9703883670919822
1629013152.171621323 3.602967789176337 -0.6140735269832477 0.0 0.0 0.0 0.24154984230396218 0.970388413823522
1629013152.672604084 3.610279942919363 -0.6309648578020465 0.0 0.0 0.0 0.24154998844302494 0.9703883774464606
1629013152.772806168 3.6319044137657706 -0.6293072536566426 0.0 0.0 0.0 0.2415499938111851 0.9703883761102131
1629013153.574472904 3.6321122411628717 -0.6308385274914664 0.0 0.0 0.0 0.2415499725499026 0.9703883814025914
1629013153.975163460 3.63185431651913 -0.6313163530558038 0.0 0.0 0.0 0.24155000741819463 0.9703883727231433
1629013154.278061152 3.6045361227078976 -0.6089879406976063 0.0 0.0 0.0 0.24155002203697123 0.9703883690842232
1629013154.878062725 3.601431947458623 -0.6100502316351515 0.0 0.0 0.0 0.24154998882642995 0.9703883773510231
1629013155.578306198 3.609188681584613 -0.6226339712076214 0.0 0.0 0.0 0.24154996942465093 0.970388382180532
1629013156.079273701 3.628340287863803 -0.6326356035509132 0.0 0.0 0.0 0.2415500942878571 0.9703883510994592
1629013156.581030369 3.634906703947677 -0.6272486667360917 0.0 0.0 0.0 0.2415500011254947 0.9703883742895282
1629013157.181401730 3.6297326591982757 -0.6351491718398949 0.0 0.0 0.0 0.24155008329944436 0.9703883538347065
1629013157.686052322 3.6304891375424404 -0.6351128283948664 0.0 0.0 0.0 0.2415500368695137 0.9703883653920922
1629013157.982985973 3.607575356506076 -0.6289989598317647 0.0 0.0 0.0 0.2415503171980587 0.9703882956123889
1629013158.684444427 3.6368626794724452 -0.634707835083961 0.0 0.0 0.0 0.24154996688579175 0.9703883828125072
1629013157.982985973 4.024067671307554 1.6304574251699673 0.0 0.0 0.0 0.829711696096998 0.5581921724279576
1629013158.684444427 3.9891312607953746 1.9430305372847958 0.0 0.0 0.0 0.8806895736848963 0.4736938619010337
1629013158.784572601 3.9913399611870846 2.027169493779842 0.0 0.0 0.0 0.8932432867555697 0.4495736098417109
1629013158.984942913 3.981568721796787 2.1109550071243204 0.0 0.0 0.0 0.9037921314017138 0.4279717084298299
1629013159.085130692 3.9788122165494815 2.139268182080542 0.0 0.0 0.0 0.9066145138621297 0.4219598597669383
1629013159.485904694 3.9789594346155246 2.1397039120685215 0.0 0.0 0.0 0.906614506517219 0.42195987554806613
1629013159.686296701 3.9795489285130112 2.140584368145902 0.0 0.0 0.0 0.9066145187495356 0.4219598492659556
1629013159.886710405 3.9797921100640625 2.1419062328908067 0.0 0.0 0.0 0.9066145159485031 0.4219598552841982
1629013160.187287807 3.9798588794646443 2.1425657238979725 0.0 0.0 0.0 0.9066145060676569 0.42195987651398625
1629013160.287604094 3.9806640609101676 2.1420308754672286 0.0 0.0 0.0 0.9066145305526595 0.421959823905998
1629013160.490854502 3.9810819615030253 2.14116557758471 0.0 0.0 0.0 0.9066145233816536 0.42195983931347913
1629013160.588062286 3.9707363912628866 2.1793721844496106 0.0 0.0 0.0 0.9066143321442919 0.4219602502020298
1629013161.089177847 3.9796695624655416 2.179334916800222 0.0 0.0 0.0 0.9066144963716046 0.4219598973467287
1629013161.590049744 3.9422836997148747 2.162580506737696 0.0 0.0 0.0 0.9066146198704839 0.4219596319994342
1629013162.391571283 3.9797891075255576 2.181423380428385 0.0 0.0 0.0 0.9066145000994908 0.4219598893370675
1629013162.792377234 3.9862441708109495 2.1723132707864417 0.0 0.0 0.0 0.9066145961143501 0.42195968304141773
1629013162.992767334 3.956945298310019 2.13913009531496 0.0 0.0 0.0 0.9066145488707252 0.42195978454816213
1629013163.794341564 3.9716647214459946 2.142949899499395 0.0 0.0 0.0 0.9066146048281355 0.42195966431914284
1629013164.297129869 3.983697842025724 2.181561148688034 0.0 0.0 0.0 0.9066144276156733 0.42196004507429963
1629013164.395480871 3.9823782046288656 2.182662763808031 0.0 0.0 0.0 0.9066143939525558 0.4219601174021543
1629013164.395480871 3.9823927748315437 2.1836409392412492 0.0 0.0 0.0 0.9066144189649172 0.42196006366113065
1629013164.796288013 3.989868758477697 2.1823214273423717 0.0 0.0 0.0 0.9066144329031297 0.4219600337137825
1629013165.197075605 3.962760333502941 2.136900591060835 0.0 0.0 0.0 0.9066145593045292 0.421959762130294
1629013165.597881317 3.962771489202376 2.1360624052667925 0.0 0.0 0.0 0.9066145433820169 0.4219597963410934
1629013165.898430824 3.9847810159357535 2.141469813561014 0.0 0.0 0.0 0.9066144377646776 0.421960023268363
1629013166.299229145 3.9694213791854644 2.137834970458816 0.0 0.0 0.0 0.9066145780167214 0.42195972192563846
1629013165.998615742 3.8179508630034893 1.8209989833242004 0.0 0.0 0.0 0.9998904548163897 0.014801296128152484
1629013166.299229145 3.7626451583348106 1.8314612459131536 0.0 0.0 0.0 -0.9999579806853267 0.009167162250321412
1629013167.200989485 3.765767374989461 1.8293321676123884 0.0 0.0 0.0 -0.999957980474982 0.009167185194789701
1629013167.902340412 3.7869639370062593 1.8735656139290688 0.0 0.0 0.0 -0.9999579817415143 0.009167047040202145
1629013168.102773190 3.7874229207121672 1.8740141919786009 0.0 0.0 0.0 -0.9999579820268213 0.009167015918348722
1629013168.206339836 3.7869785810779524 1.873385016590239 0.0 0.0 0.0 -0.9999579819543958 0.009167023818677766
1629013168.102773190 3.40191229519347 1.7420389063729442 0.0 0.0 0.0 -0.9770164572609894 0.2131638858746605
1629013168.206339836 3.3995157370148132 1.7262809877958951 0.0 0.0 0.0 -0.9741952198172118 0.2257070528036163
1629013168.403431416 3.38822091605857 1.6955404848884503 0.0 0.0 0.0 -0.968288191292215 0.24983590335268235
1629013168.804109335 3.388931148537263 1.695465640428201 0.0 0.0 0.0 -0.9682881856334103 0.24983592528449183
1629013169.305072069 3.3882421843329493 1.6954883336155786 0.0 0.0 0.0 -0.968288185209686 0.24983592692671913
1629013169.605694056 3.3053886378919737 1.4478952740611837 0.0 0.0 0.0 -0.9216546239683762 0.3880112809155309
1629013169.705881596 3.300381273448376 1.4248156925107514 0.0 0.0 0.0 -0.9180025272559305 0.39657453265650405
1629013169.806046009 3.2994898532514365 1.424802125882311 0.0 0.0 0.0 -0.9180025193557638 0.3965745509440443
1629013170.307057381 3.2963265094681473 1.43117870865069 0.0 0.0 0.0 -0.9180025344974464 0.39657451589362724
1629013170.407232761 3.285909409847809 1.2421869496391449 0.0 0.0 0.0 -0.9058082663505591 0.42368783863948056
1629013171.009956837 3.2861006100460557 1.2431422930710865 0.0 0.0 0.0 -0.9058082656209304 0.4236878401993642
1629013171.709802628 3.2862752004009605 1.2442952528807962 0.0 0.0 0.0 -0.9058082547602098 0.42368786341865283
1629013172.310935020 3.286013372653942 1.2452136955449018 0.0 0.0 0.0 -0.9058082216892508 0.42368793412151484
1629013172.811977863 3.2856325657230148 1.2463128034724218 0.0 0.0 0.0 -0.9058082470027836 0.42368788000336305
1629013173.112493277 3.2846180804597243 1.2456211416235223 0.0 0.0 0.0 -0.9058082658155804 0.4236878397832193
1629013173.212690830 3.285341990010398 1.2466013963331901 0.0 0.0 0.0 -0.9058082799933204 0.42368780947242585
1629013173.312892914 3.2854579777285036 1.2467342152018401 0.0 0.0 0.0 -0.9058082909944228 0.4236877859530094
1629013173.413134813 3.2852876626312053 1.2468234186679454 0.0 0.0 0.0 -0.9058082939441476 0.42368777964674964
1629013174.114495277 3.2855109249679555 1.2464856860839721 0.0 0.0 0.0 -0.9058082950889444 0.42368777719927175
1629013174.314868450 3.2859711630749437 1.2478547929420107 0.0 0.0 0.0 -0.9058082724670456 0.4236878255629567
1629013174.415051937 3.2864732072647658 1.2482794729124793 0.0 0.0 0.0 -0.9058082652432699 0.42368784100677015
1629013174.415051937 3.285350885898536 1.2475217604634545 0.0 0.0 0.0 -0.9058082797106892 0.42368781007666695
1629013174.916043282 3.284263590452618 1.2458304530083473 0.0 0.0 0.0 -0.9058082510428965 0.42368787136594893
1629013175.116446972 2.1224006702294216 -0.025223753961444103 0.0 0.0 0.0 -0.9972335561716186 0.07433192076966226
1629013175.216599941 2.071473166421951 -0.03511130847075882 0.0 0.0 0.0 -0.997960210236933 0.06383900675806665
1629013175.517198086 2.0715963954672407 -0.034227107407212645 0.0 0.0 0.0 -0.9979602108047068 0.06383899788236988
1629013176.018274307 2.070753723867592 -0.0345133056568999 0.0 0.0 0.0 -0.997960210277649 0.06383900612157602
1629013176.218912125 2.070334620264703 -0.03388112985872595 0.0 0.0 0.0 -0.9979602101283497 0.06383900845549083
1629013176.420287848 2.070826067661444 -0.034394112045411096 0.0 0.0 0.0 -0.997960213304018 0.06383895881198945
1629013176.619600296 2.0703068930522197 -0.03433497311515628 0.0 0.0 0.0 -0.9979602150522425 0.0638389314829276
1629013176.820007801 2.071512350475832 -0.03426657967025873 0.0 0.0 0.0 -0.9979602163488797 0.06383891121328189
1629013177.621303797 2.070409237702082 -0.03419617074952874 0.0 0.0 0.0 -0.9979602167173078 0.06383890545383686
1629013177.721537590 2.0715185660472324 -0.03393949619145962 0.0 0.0 0.0 -0.9979602145257296 0.06383893971362443
1629013177.921918392 2.072630723090127 -0.03462237311433075 0.0 0.0 0.0 -0.9979602157829817 0.06383892005966768
1629013178.122301817 2.07339794361213 -0.035056111556616004 0.0 0.0 0.0 -0.9979602178647841 0.06383888751593834
1629013178.523101568 2.0728592300872224 -0.036588396955390956 0.0 0.0 0.0 -0.997960217596312 0.06383889171282298
1629013178.723504305 0.4447114050205462 0.38716200578421867 0.0 0.0 0.0 0.9925432024680079 0.12189336009213572
1629013179.925849915 0.44656614123732197 0.38741737825369194 0.0 0.0 0.0 0.992543202570426 0.1218933592581739
1629013180.627175808 0.4453894538058166 0.38696468309302595 0.0 0.0 0.0 0.9925432071507386 0.12189332196197608
1629013180.828376532 0.4460731310433656 0.38698084026879387 0.0 0.0 0.0 0.992543202933601 0.1218933563009428
1629013181.328547478 0.44556110953984013 0.38643437572402095 0.0 0.0 0.0 0.9925431994251539 0.12189338486923375
1629013181.832266808 0.44711031068777196 0.3858860800189926 0.0 0.0 0.0 0.9925432078893459 0.12189331594770347
1629013182.531440973 0.4470296194760686 0.3858462792366215 0.0 0.0 0.0 0.992543212526114 0.12189327819179124
1629013182.734062195 0.4472032262089676 0.3857409589213832 0.0 0.0 0.0 0.9925432137721486 0.12189326804567521
1629013182.734062195 -1.0198307067558872 -0.4808202132514589 0.0 0.0 0.0 -0.8611307715894737 0.5083835109656072
1629013182.831467628 -1.025412299798737 -0.5433904412111797 0.0 0.0 0.0 -0.8661734382582683 0.49974350906825177
1629013183.634452820 -1.024355357389637 -0.5431070369688646 0.0 0.0 0.0 -0.8661734412597504 0.49974350386597494
1629013184.033816814 -1.2306656509408214 -1.2200578881535737 0.0 0.0 0.0 -0.9341935644647499 0.3567665680983088
1629013184.635001659 -1.2313851501550899 -1.2196209327154661 0.0 0.0 0.0 -0.9341935724986155 0.3567665470616243
1629013185.737141132 -1.2322065677768894 -1.2204546984127769 0.0 0.0 0.0 -0.9341935723481196 0.3567665474556978
1629013186.238120079 -1.2325047391628536 -1.2192237853096095 0.0 0.0 0.0 -0.934193557180826 0.3567665871712692
1629013186.538707733 -1.2316933421937253 -1.2189908223999582 0.0 0.0 0.0 -0.9341935599208292 0.3567665799965687
1629013186.638895512 -1.2305563877643948 -1.2185075833755419 0.0 0.0 0.0 -0.934193566804806 0.3567665619708697
1629013186.638895512 -1.2307834815824696 -1.2200513009638487 0.0 0.0 0.0 -0.9341935709875194 0.3567665510184306
1629013188.142455101 -1.2307911159746245 -1.2198581630274463 0.0 0.0 0.0 -0.9341935693147272 0.35676655539863883
1629013188.642812967 -1.2307381013154124 -1.2200839332141407 0.0 0.0 0.0 -0.9341935603186993 0.35676657895474573
1629013188.642812967 -1.2303187931892365 -1.2199179252174277 0.0 0.0 0.0 -0.9341935928456916 0.3567664937827797
1629013189.150118589 -1.2306568532003421 -1.2196159738658305 0.0 0.0 0.0 -0.934193611956411 0.35676644374132843
1629013189.346075773 -1.231373095009381 -1.2193318619261897 0.0 0.0 0.0 -0.9341936139176881 0.3567664386057208
1629013189.945374012 -1.2314169316853723 -1.2200399954101717 0.0 0.0 0.0 -0.9341936087960863 0.356766452016645
1629013190.145747185 -1.2323318396030494 -1.2198643297850569 0.0 0.0 0.0 -0.9341935933510993 0.3567664924593689
1629013190.446377039 -1.2321913771238664 -1.221890131975687 0.0 0.0 0.0 -0.9341935755194322 0.3567665391516123
1629013191.448290825 -1.2323782100223406 -1.2212049409584347 0.0 0.0 0.0 -0.9341935765031948 0.3567665365756289
1629013191.949263096 -1.2320526732677768 -1.2205423743698696 0.0 0.0 0.0 -0.9341935880424342 0.356766506360116
1629013192.049455166 -1.2323413738576838 -1.221311037297699 0.0 0.0 0.0 -0.9341935899007615 0.35676650149408334
1629013192.851044893 -1.2319343589018785 -1.22174054127843 0.0 0.0 0.0 -0.9341936012129528 0.35676647187309307
1629013193.354059696 -1.2326001770380168 -1.2222305368003672 0.0 0.0 0.0 -0.9341936107777025 0.356766446827779
1629013194.253760338 -1.2322775824462144 -1.2225081875053634 0.0 0.0 0.0 -0.9341936170240495 0.35676643047170736
1629013194.854950905 -1.2327896156420433 -1.2227965155381664 0.0 0.0 0.0 -0.9341936206201046 0.35676642105542966
1629013195.957142353 -1.2331088905406162 -1.2235269232004593 0.0 0.0 0.0 -0.9341936206849346 0.3567664208856722
1629013196.458153248 -1.2336148694144269 -1.22349235973728 0.0 0.0 0.0 -0.9341936286633249 0.35676639999423965
1629013197.259631634 -1.2330938978110393 -1.2233160550244702 0.0 0.0 0.0 -0.9341936422903991 0.3567663643117128
1629013197.760605812 -1.2328954200557578 -1.2231905088204758 0.0 0.0 0.0 -0.9341936387561078 0.3567663735662634
1629013198.562168837 -1.2330009181396349 -1.2225693141360965 0.0 0.0 0.0 -0.9341936347259645 0.35676638411920364
1629013199.066054821 -1.233381455868757 -1.2221527417372724 0.0 0.0 0.0 -0.9341936409413722 0.3567663678441431
1629013199.865200996 -1.2333784697280588 -1.2235929756609423 0.0 0.0 0.0 -0.9341936434093536 0.35676636138172757
1629013200.767469406 -1.2336500879756045 -1.223294993856985 0.0 0.0 0.0 -0.9341936483221399 0.3567663485175838
1629013201.467884541 -1.2336397738862253 -1.2224869707460726 0.0 0.0 0.0 -0.9341936408819018 0.35676636799986655
1629013201.568065166 -1.234174654557464 -1.2227804701292802 0.0 0.0 0.0 -0.9341936639259112 0.3567663076590637
1629013202.074606419 -1.233914040675858 -1.2223181335561921 0.0 0.0 0.0 -0.934193678509891 0.35676626947086587
1629013201.568065166 0.8383919759493818 0.9842803329434534 0.0 0.0 0.0 -0.004938339674691693 0.9999878063262858
1629013201.768421173 0.8845939448892929 0.9676850489832297 0.0 0.0 0.0 0.014642388950946224 0.9998927944763925
1629013201.868645191 0.9017246729527116 0.9541636973953759 0.0 0.0 0.0 0.025602179739374634 0.9996722104733095
1629013202.670295238 0.9010923123093969 0.9543701302338763 0.0 0.0 0.0 0.025602220162862496 0.9996722094380399
1629013203.171209335 0.9007315741982849 0.9532246222858193 0.0 0.0 0.0 0.025602233769204518 0.999672209089573
1629013203.677692413 0.9020719925509766 0.9529948737093651 0.0 0.0 0.0 0.025602203063073127 0.9996722098759758
1629013204.573929071 0.902070385151872 0.953952866545645 0.0 0.0 0.0 0.025602271319924555 0.9996722081278747
1629013205.475691319 0.9016703927342495 0.9548250575463454 0.0 0.0 0.0 0.025602281344809626 0.9996722078711308
1629013205.676188707 0.9003935456519717 0.9538986822765202 0.0 0.0 0.0 0.02560224320766153 0.9996722088478481
1629013205.878082752 0.901156511222838 0.9545713873305537 0.0 0.0 0.0 0.025602310040304326 0.9996722071362193
1629013206.076845169 0.9011482052095464 0.9544882455238616 0.0 0.0 0.0 0.02560232736011366 0.9996722066926467
1629013206.076845169 0.8997345428238086 0.9535066723733376 0.0 0.0 0.0 0.025602308393807987 0.9996722071783872
1629013206.377456665 0.900167092782763 0.953848824768031 0.0 0.0 0.0 0.025602301727719365 0.9996722073491104
1629013206.477707386 0.9006519154261552 0.9537324991950096 0.0 0.0 0.0 0.025602341072531086 0.9996722063414616
1629013207.078907251 0.9019843218625051 0.9519263520550324 0.0 0.0 0.0 0.02560241612515264 0.9996722044193059
1629013207.078907251 0.9021857847313042 0.9521591345444292 0.0 0.0 0.0 0.025602412751437226 0.9996722045057095
1629013207.580000401 0.9020864056259061 0.9521984928962605 0.0 0.0 0.0 0.02560240970255569 0.9996722045837938
1629013208.080886364 0.9023201688999984 0.9525265219163331 0.0 0.0 0.0 0.025602433800518968 0.9996722039666253
1629013208.481552601 0.9015740712684164 0.9517427338655817 0.0 0.0 0.0 0.025602442838788268 0.9996722037351476
1629013209.383306265 0.9018089961227265 0.9516618283002914 0.0 0.0 0.0 0.025602483022662118 0.9996722027060042
1629013209.483502388 0.9012094927972801 0.9512882213590539 0.0 0.0 0.0 0.02560250257927558 0.999672202205142
1629013209.784077168 0.902078013057301 0.9518075664293311 0.0 0.0 0.0 0.02560249471844109 0.9996722024064649
1629013209.986763000 0.901701889889434 0.9523200398423008 0.0 0.0 0.0 0.025602493210188586 0.9996722024450926
1629013210.786072731 0.9017992541976312 0.9519560002874393 0.0 0.0 0.0 0.025602511134089765 0.9996722019860455
1629013211.487395525 0.901363253106337 0.9517052132426744 0.0 0.0 0.0 0.02560247224792847 0.9996722029819545
1629013211.687815666 0.9008742187438932 0.9512531610383428 0.0 0.0 0.0 0.02560246287967576 0.9996722032218835
1629013212.389182568 0.9013685730483978 0.9510043755373928 0.0 0.0 0.0 0.02560247306405383 0.9996722029610529
1629013213.491334200 0.9005617502051434 0.9519998640967294 0.0 0.0 0.0 0.0256025034291467 0.9996722021833759
1629013213.691732168 0.9021788669919215 0.9525182191695808 0.0 0.0 0.0 0.025602527826844218 0.9996722015585288
1629013213.992370605 0.9023014516980865 0.9517944296481775 0.0 0.0 0.0 0.025602540514223372 0.9996722012335931
1629013214.192687035 0.9019904443068592 0.9504653520906076 0.0 0.0 0.0 0.025602464575190532 0.99967220317846
1629013214.394271851 0.9018687812323501 0.950450165164667 0.0 0.0 0.0 0.02560251088058846 0.9996722019925378
1629013214.394271851 0.9019923913873618 0.9505329533615612 0.0 0.0 0.0 0.025602540473635707 0.9996722012346326
1629013215.094453812 0.9021286237225565 0.9498522398751484 0.0 0.0 0.0 0.0256025402845991 0.9996722012394741
1629013215.094453812 0.9022109700159394 0.948397719034831 0.0 0.0 0.0 0.025602508819768527 0.9996722020453173
1629013215.595432520 0.9009121296686582 0.9488277916717383 0.0 0.0 0.0 0.02560254772217722 0.9996722010489907
1629013215.695641518 0.9023376743358109 0.9487748123778265 0.0 0.0 0.0 0.025602521959714266 0.9996722017087913
1629013215.795802355 0.9023343941432632 0.9486534784097757 0.0 0.0 0.0 0.025602530072706235 0.9996722015010101
1629013215.996199131 0.9024294163285215 0.9490766715083754 0.0 0.0 0.0 0.025602539003884088 0.9996722012722743
1629013216.196589470 0.9024919562194895 0.9498403518666361 0.0 0.0 0.0 0.025602557796991093 0.9996722007909652
1629013216.497184753 0.9028497730214937 0.9498059987065504 0.0 0.0 0.0 0.025602655651981422 0.9996721982848008
1629013217.098364115 0.9028000424474759 0.9498966587468123 0.0 0.0 0.0 0.025602716173850393 0.9996721967347703
1629013217.599331856 0.9036027144992651 0.9493819863215607 0.0 0.0 0.0 0.025602710250340575 0.9996721968864779
1629013218.100379467 0.9029646277092463 0.9492129134655386 0.0 0.0 0.0 0.02560275662095112 0.9996721956988742
1629013219.406359673 0.9039486207840084 0.9491637590734189 0.0 0.0 0.0 0.025602738794888544 0.9996721961554201
1629013220.204417229 0.9033740537460485 0.9499777483163941 0.0 0.0 0.0 0.025602711583439155 0.9996721968523358
1629013220.806005239 0.9025048172735207 0.9492370312465307 0.0 0.0 0.0 0.025602698342105462 0.9996721971914609
1629013221.406772852 0.9022299291585663 0.9493583370212569 0.0 0.0 0.0 0.02560269762846357 0.9996721972097381
1629013221.907737732 0.9013712470254389 0.9496640976687976 0.0 0.0 0.0 0.025602692472121706 0.9996721973417976
1629013223.711259842 0.9009422049808246 0.948555031029345 0.0 0.0 0.0 0.025602668035639237 0.9996721979676422
1629013224.012077093 0.9022839759333154 0.9488677195005738 0.0 0.0 0.0 0.025602697035068674 0.9996721972249356
1629013224.012077093 0.9022336960589313 0.9479150130916613 0.0 0.0 0.0 0.02560265546751413 0.9996721982895251
1629013224.212237358 0.9018040489919104 0.9481844150909888 0.0 0.0 0.0 0.02560262747553951 0.9996721990064287
1629013224.813429356 0.9022581230189785 0.9480335669829432 0.0 0.0 0.0 0.02560265914833192 0.9996721981952555
1629013225.014685154 0.901414956717534 0.9484882148816739 0.0 0.0 0.0 0.02560266221004576 0.9996721981168418
1629013225.114006281 0.9029851518350965 0.9491291225995111 0.0 0.0 0.0 0.025602681401798597 0.9996721976253206
1629013225.314388275 0.9034532922682618 0.9488492023552856 0.0 0.0 0.0 0.025602701191368513 0.9996721971184882
1629013225.816148996 0.9035416653369964 0.9481509390964922 0.0 0.0 0.0 0.025602707091610298 0.9996721969673765
1629013226.416540146 0.9024813884914895 0.9476923832053697 0.0 0.0 0.0 0.02560269129078412 0.9996721973720529
1629013226.917517185 0.9019328265494551 0.9475831682303575 0.0 0.0 0.0 0.025602647910125252 0.9996721984830779
1629013227.418504953 0.9030694386373869 0.9476444157185505 0.0 0.0 0.0 0.025602649121426305 0.9996721984520551
1629013228.220059395 0.9021218918103611 0.9471109977119512 0.0 0.0 0.0 0.02560264686787701 0.9996721985097708
1629013228.821250439 0.9023050542367597 0.9470693433895409 0.0 0.0 0.0 0.025602632374662967 0.9996721988809572
1629013229.422421217 0.9033938441052833 0.9465387213807382 0.0 0.0 0.0 0.025602694818621038 0.9996721972817012
1629013230.023580551 0.9041586480908017 0.9464629543804127 0.0 0.0 0.0 0.02560273083468353 0.9996721963592899
1629013230.223979473 0.9047851773487233 0.946090068455255 0.0 0.0 0.0 0.02560271246468332 0.9996721968297662
1629013230.424386501 0.9050666802478401 0.9460301705696916 0.0 0.0 0.0 0.02560269214625351 0.9996721973501435
1629013230.624771357 0.9048282669541405 0.9468474542131238 0.0 0.0 0.0 0.02560263678359124 0.9996721987680399
1629013230.724998474 0.9050298830387112 0.9475886254423759 0.0 0.0 0.0 0.025602616811923 0.9996721992795348
1629013230.724998474 4.82499197843236 4.156265508332224 0.0 0.0 0.0 0.34396874972744457 0.9389810963011654
1629013231.125766754 4.936487406322981 4.23376093272717 0.0 0.0 0.0 0.3365598452560506 0.9416620787528949
1629013231.225924015 4.93816813714556 4.233141103252692 0.0 0.0 0.0 0.33655984872443556 0.9416620775132579
1629013231.726910353 4.937929640667721 4.23319670415139 0.0 0.0 0.0 0.3365598371818001 0.9416620816387162
1629013232.227927685 4.9371742514446995 4.232780710399438 0.0 0.0 0.0 0.336559796261143 0.9416620962641843
1629013232.328094959 4.937324639477607 4.233581123809744 0.0 0.0 0.0 0.3365597547232186 0.9416621111102681
1629013232.428275108 4.935897723311667 4.231568833669353 0.0 0.0 0.0 0.33655978747094384 0.9416620994058926
1629013232.528468847 4.935416685792075 4.2306391321056065 0.0 0.0 0.0 0.3365597452464199 0.9416621144973737
1629013232.628664970 4.935096741329642 4.230051748834093 0.0 0.0 0.0 0.33655976768206963 0.9416621064786409
1629013232.728875399 4.934230480098578 4.2297663941074655 0.0 0.0 0.0 0.33655974490810275 0.9416621146182917
1629013233.430244684 4.934272161990732 4.2297094183515345 0.0 0.0 0.0 0.3365597017955378 0.9416621300271657
1629013233.530465126 4.935414112923472 4.229020036785087 0.0 0.0 0.0 0.33655969391563745 0.9416621328435228
1629013233.530465126 4.320966926393525 3.2112206541557984 0.0 0.0 0.0 0.6934090345792898 0.7205441768301353
1629013233.730814695 4.32384925969459 3.1183730721038088 0.0 0.0 0.0 0.7153695797889621 0.6987462803568716
1629013234.632601976 4.322728875970825 3.118006438932206 0.0 0.0 0.0 0.7153695755854528 0.6987462846603831
1629013235.033603668 4.322477089052931 3.1186051403065322 0.0 0.0 0.0 0.7153695816528371 0.6987462784486547
1629013235.133549213 4.321418198181743 3.1200952213748137 0.0 0.0 0.0 0.7153695947363312 0.6987462650539016
1629013235.133549213 4.320914466116631 3.119611155873548 0.0 0.0 0.0 0.7153696151599529 0.6987462441443968
1629013236.035361052 4.3210837182395565 3.1201773674589783 0.0 0.0 0.0 0.7153695834888565 0.698746276568956
1629013236.536616802 4.320267660726904 3.120129189983706 0.0 0.0 0.0 0.7153695798155651 0.6987462803296357
1629013237.037281513 4.321016858248697 3.1216041083617885 0.0 0.0 0.0 0.7153695512718661 0.6987463095523933
1629013237.738643646 4.321494173732372 3.120400921811096 0.0 0.0 0.0 0.71536957638879 0.6987462838379344
1629013238.239623070 4.321506331414391 3.12080537661329 0.0 0.0 0.0 0.7153695126229471 0.6987463491207715
1629013238.941011429 4.321764013624605 3.12102454589877 0.0 0.0 0.0 0.7153695017866176 0.698746360214897
1629013239.542208195 4.321312963717067 3.122134679551467 0.0 0.0 0.0 0.7153694923633297 0.6987463698623643
1629013239.942944527 4.320801770384074 3.1229073311267954 0.0 0.0 0.0 0.7153694783298272 0.6987463842297224
1629013240.143421173 4.3214484255196695 3.120781045857483 0.0 0.0 0.0 0.7153695117708926 0.6987463499930964
1629013240.443916321 4.321572921022416 3.12053494964713 0.0 0.0 0.0 0.7153695167285656 0.6987463449174803
1629013240.544137478 4.323342945665322 3.120787553329174 0.0 0.0 0.0 0.7153695292188073 0.6987463321300957
1629013240.544137478 4.323901074994007 3.1204913923259787 0.0 0.0 0.0 0.7153695433192326 0.6987463176942206
1629013240.644346952 4.324062522168421 3.120002584214633 0.0 0.0 0.0 0.7153695752074324 0.6987462850473967
1629013241.045111418 4.322605950905603 3.120752899906427 0.0 0.0 0.0 0.7153695765066292 0.6987462837172917
1629013241.245482445 4.321217938234577 3.120794417989904 0.0 0.0 0.0 0.7153695333210153 0.698746327930296
1629013241.746649981 4.320940130302981 3.1205663361257208 0.0 0.0 0.0 0.7153694973703693 0.6987463647362077
1629013242.247446537 4.320963405680868 3.12084653491816 0.0 0.0 0.0 0.7153695149444502 0.6987463467440399
1629013242.347635746 4.321273021742992 3.1218298685669605 0.0 0.0 0.0 0.7153695215248703 0.6987463400070716
1629013242.347635746 4.321744831188719 3.122688125676555 0.0 0.0 0.0 0.7153695219398276 0.6987463395822424
1629013242.748418331 4.321681864114901 3.1232441345970567 0.0 0.0 0.0 0.7153695411011346 0.6987463199650872
1629013242.948856115 4.320662305138998 3.122513745510266 0.0 0.0 0.0 0.7153695535882156 0.6987463071809376
1629013243.049047709 4.320408003244981 3.1227234311711687 0.0 0.0 0.0 0.7153695940806988 0.6987462657251317
1629013243.049047709 4.319014556257283 3.12372321308495 0.0 0.0 0.0 0.7153695797913179 0.6987462803544598
1629013243.550235271 4.318194711611837 3.123937469820885 0.0 0.0 0.0 0.7153695550632596 0.6987463056708021
1629013243.750394821 4.319245868974034 3.1245810987597693 0.0 0.0 0.0 0.715369581303055 0.6987462788067582
1629013243.850748301 4.3202853218748745 3.1239057457286625 0.0 0.0 0.0 0.7153695916596146 0.6987462682038139
1629013244.051008224 4.320169816720932 3.1244025177175976 0.0 0.0 0.0 0.715369556421993 0.6987463042797443
1629013244.551958561 4.319816486160306 3.124344262529783 0.0 0.0 0.0 0.7153695302823716 0.6987463310412292
1629013244.752338409 4.3196665673760135 3.1248110712799866 0.0 0.0 0.0 0.7153695272391951 0.6987463341568029
1629013245.052947521 4.320082214730555 3.124945436687349 0.0 0.0 0.0 0.7153695182549601 0.698746343354773
1629013245.654092550 4.3205682776773315 3.126201192018113 0.0 0.0 0.0 0.7153695542684302 0.6987463064845406
1629013246.255266666 4.321575795689964 3.1254346568303286 0.0 0.0 0.0 0.7153695600652673 0.698746300549796
1629013246.555862904 4.322449383265368 3.125397925579257 0.0 0.0 0.0 0.7153695315205931 0.6987463297735503
1629013246.956682920 4.3228032155286185 3.124662871541063 0.0 0.0 0.0 0.7153695371907938 0.6987463239684554
1629013247.557822704 4.322667633649845 3.1244514681325914 0.0 0.0 0.0 0.7153695346230421 0.698746326597294
1629013248.259931803 4.3226209985100255 3.124326627369689 0.0 0.0 0.0 0.7153695416990922 0.6987463193529042
1629013248.960558414 4.322725285451936 3.1242288307301416 0.0 0.0 0.0 0.7153695419715684 0.6987463190739457
1629013249.461553097 4.322789757735695 3.1235470484291286 0.0 0.0 0.0 0.7153695453634639 0.6987463156013568
1629013250.263106346 4.322852940632499 3.1239867564985024 0.0 0.0 0.0 0.7153695615828581 0.6987462989961015
1629013250.864261150 4.323915162705966 3.123384813281107 0.0 0.0 0.0 0.7153695635128479 0.6987462970201971
1629013251.365235329 4.323372408217509 3.1249837164217253 0.0 0.0 0.0 0.715369555912888 0.698746304800961
1629013252.166831970 4.323147427414917 3.1249955482311336 0.0 0.0 0.0 0.7153695519293768 0.6987463088792404
1629013252.367221832 4.322010943643382 3.124861507480005 0.0 0.0 0.0 0.7153695740587626 0.6987462862233935
1629013252.868175983 4.322699608659449 3.125196758020742 0.0 0.0 0.0 0.7153695794099703 0.6987462807448798
1629013253.068570137 4.322033575362991 3.1250116300727715 0.0 0.0 0.0 0.7153695885471821 0.6987462713902918
1629013253.769940376 4.322108172226451 3.125511077025638 0.0 0.0 0.0 0.715369578291376 0.6987462818900855
1629013253.068570137 7.184430181873254 -2.7504450041096566 0.0 0.0 0.0 0.8791352380127195 0.4765723799008069
1629013253.168779850 7.201723473207561 -2.7612448520627884 0.0 0.0 0.0 0.877595915483584 0.47940109420664667
1629013253.769940376 7.31852675440969 -2.8214085808523337 0.0 0.0 0.0 0.8699134531937663 0.4932044038251249
1629013253.970323563 7.356644426195201 -2.844323391059585 0.0 0.0 0.0 0.867720852662247 0.4970518301496366
1629013254.070553541 7.367509887104353 -2.8487788811545807 0.0 0.0 0.0 0.8665293719858255 0.49912608375624984
1629013254.771917343 7.3679132199630075 -2.849137712400433 0.0 0.0 0.0 0.8665293607374924 0.4991261032844031
1629013254.972341061 7.367902420164428 -2.8487055327973487 0.0 0.0 0.0 0.8665293573109302 0.4991261092332341
1629013255.573482752 7.3690661479237605 -2.84812254394144 0.0 0.0 0.0 0.8665293541128731 0.49912611478535857
1629013255.974318027 7.368705086804062 -2.8484582030258285 0.0 0.0 0.0 0.8665293347027488 0.4991261484831379
1629013255.974318027 7.606056137469111 -3.023839327684849 0.0 0.0 0.0 0.858541343575079 0.5127443430914651
1629013256.876011133 7.606119753173365 -3.0233138829166175 0.0 0.0 0.0 0.8585413702779596 0.5127442983800438
1629013258.078352928 7.60630798294509 -3.024129707367729 0.0 0.0 0.0 0.8585413656984539 0.5127443060479889
1629013258.579374075 7.607479256688613 -3.0253868925353133 0.0 0.0 0.0 0.8585413495945474 0.5127443330124412
1629013259.581286430 7.606993682822247 -3.024303944156267 0.0 0.0 0.0 0.8585413401334663 0.5127443488541163
1629013260.082254410 7.607549201700562 -3.02444227707314 0.0 0.0 0.0 0.8585413286425815 0.5127443680945027
1629013260.683427811 7.608906065057104 -3.024667026353661 0.0 0.0 0.0 0.8585413551152103 0.5127443237686189
1629013261.184803009 7.608988075690314 -3.024317355674806 0.0 0.0 0.0 0.8585413280695134 0.5127443690540503
1629013262.086208582 7.608870060400647 -3.024390230754494 0.0 0.0 0.0 0.8585413603036999 0.512744315080989
1629013262.687365055 7.608645036765499 -3.0249802111230495 0.0 0.0 0.0 0.8585413462975278 0.5127443385329852
1629013263.388790369 7.6086813366858435 -3.024558163526206 0.0 0.0 0.0 0.8585413702231749 0.5127442984717756
1629013264.691281557 7.6097950435488535 -3.0238457725941994 0.0 0.0 0.0 0.8585413968994667 0.5127442538048694
1629013265.292447567 7.610828308806393 -3.0230891907688933 0.0 0.0 0.0 0.8585413870533811 0.5127442702912012
1629013265.893932343 7.611247128973143 -3.023993721508891 0.0 0.0 0.0 0.8585413832895912 0.5127442765933086
1629013265.292447567 8.522535633523436 -1.3491917429763776 0.0 0.0 0.0 0.46240535279109474 0.8866686470774431
1629013265.893932343 8.672828329489946 -1.1762892189562881 0.0 0.0 0.0 0.5795619771620677 0.8149281653176523
1629013266.795362473 8.73698445688954 -0.8655909839109425 0.0 0.0 0.0 0.737343300862653 0.6755182134280077
1629013266.996018648 8.77128134244129 -0.5442564652764416 0.0 0.0 0.0 0.8284541370467469 0.5600569103315574
1629013267.296465397 8.771405983934176 -0.5447645439096227 0.0 0.0 0.0 0.8284541148410769 0.5600569431788948
1629013268.498708248 8.771466438236082 -0.5455035614016969 0.0 0.0 0.0 0.828454098246731 0.5600569677257804
1629013269.099856377 8.771073197662187 -0.5449195367905763 0.0 0.0 0.0 0.8284540896204402 0.5600569804860642
1629013269.600833416 8.770858898239839 -0.5454840690061881 0.0 0.0 0.0 0.8284540948294279 0.5600569727807638
1629013270.202024698 8.770823033951407 -0.5440279020030303 0.0 0.0 0.0 0.8284540982505909 0.5600569677200706
1629013270.302225113 8.770535701971108 -0.5442044840436037 0.0 0.0 0.0 0.8284541094995238 0.5600569510802906
1629013270.903461933 8.770723839214414 -0.5440228855569993 0.0 0.0 0.0 0.8284540936555914 0.5600569745171401
1629013271.404375553 8.770440795615961 -0.543622847512924 0.0 0.0 0.0 0.8284540600865538 0.5600570241735254
1629013271.905340433 8.770858708972515 -0.544900514961606 0.0 0.0 0.0 0.8284540493134376 0.5600570401094592
1629013272.707123518 8.771518062968383 -0.5456858238344389 0.0 0.0 0.0 0.828454043369057 0.5600570489025744
1629013273.207884312 8.771113676156833 -0.5466274201054231 0.0 0.0 0.0 0.8284540433656099 0.5600570489076735
1629013273.809125662 8.771896387376716 -0.5470379413291685 0.0 0.0 0.0 0.8284540154851413 0.5600570901493394
1629013275.311985254 8.771632407178357 -0.547302808539355 0.0 0.0 0.0 0.8284540227351413 0.5600570794249117
1629013275.812977314 8.771535413774272 -0.5476297553430597 0.0 0.0 0.0 0.8284540276711994 0.5600570721233395
1629013276.313955784 8.770515072144896 -0.5480632521430495 0.0 0.0 0.0 0.8284540453954318 0.560057045905097
1629013276.514402390 8.771296510865563 -0.5481535919874747 0.0 0.0 0.0 0.8284540217427907 0.560057080892828
1629013276.614527225 8.77312940475307 -0.548512695889449 0.0 0.0 0.0 0.828454005595907 0.5600571047778047
1629013277.015316010 8.772548538067122 -0.5483933342118487 0.0 0.0 0.0 0.828454014974172 0.5600570909051812
1629013277.015316010 8.773088473255877 -0.5481583348943121 0.0 0.0 0.0 0.8284539859188296 0.5600571338847525
1629013277.215725422 8.773591053864227 -0.5477993577890721 0.0 0.0 0.0 0.8284539827531211 0.5600571385675674
1629013277.616681337 8.773563608074522 -0.5468353949361008 0.0 0.0 0.0 0.8284539760605055 0.5600571484674929
1629013278.117462635 8.773389159066783 -0.5472622031628219 0.0 0.0 0.0 0.828453963856748 0.5600571665196706
1629013278.718654156 8.773121686576808 -0.5482410709751808 0.0 0.0 0.0 0.8284539709909631 0.5600571559665178
1629013278.919036388 8.774589427863692 -0.5487878561735521 0.0 0.0 0.0 0.8284539727827843 0.5600571533160001
1629013279.822077751 8.775348339037507 -0.5493563432406411 0.0 0.0 0.0 0.8284539813009024 0.5600571407157344
1629013280.021559715 8.774986055081222 -0.5497097952321479 0.0 0.0 0.0 0.8284539710320357 0.560057155905762
1629013280.822953224 8.774566006230689 -0.5486597522979559 0.0 0.0 0.0 0.8284539655438972 0.5600571640239872
1629013281.323719501 8.774916176341264 -0.5488942177771124 0.0 0.0 0.0 0.8284539747634866 0.5600571503860836
1629013280.021559715 4.261487899304079 -0.029586403724646684 0.0 0.0 0.0 0.6227306388363008 0.7824362922657235
1629013280.822953224 4.2160708496581085 -0.147443733228074 0.0 0.0 0.0 0.694505821062806 0.7194870843245748
1629013281.023141384 4.2127269824799365 -0.32966216216836874 0.0 0.0 0.0 0.7345099723716451 0.6785978930755717
1629013281.323719501 4.21311990580144 -0.3294740546512357 0.0 0.0 0.0 0.7345099602913009 0.678597906151258
1629013281.824714661 4.213711329350721 -0.3288976496627224 0.0 0.0 0.0 0.7345099817967732 0.6785978828738739
1629013281.824714661 4.21271789688462 -0.32800557528728447 0.0 0.0 0.0 0.7345099536219636 0.6785979133701052
1629013282.526069880 4.2120165358348265 -0.3284434075516017 0.0 0.0 0.0 0.7345099661828712 0.6785978997742605
1629013283.027065277 4.212182789524169 -0.3274005059917131 0.0 0.0 0.0 0.7345099717788369 0.6785978937172236
1629013283.728429317 4.21233978325194 -0.3281805704078585 0.0 0.0 0.0 0.7345099671500961 0.6785978987273427
1629013285.031048775 4.211357076026177 -0.32763021140080256 0.0 0.0 0.0 0.7345099408039745 0.6785979272442128
1629013285.632148743 4.210821552978727 -0.32687669964882776 0.0 0.0 0.0 0.7345099566881849 0.6785979100512474
1629013286.233335018 4.2114015339897675 -0.3268848442752596 0.0 0.0 0.0 0.7345099416457997 0.6785979263330266
1629013287.335497141 4.211287108692559 -0.3266863556961596 0.0 0.0 0.0 0.7345099301775135 0.6785979387462241
1629013288.238262653 4.210700715803855 -0.3276754599334432 0.0 0.0 0.0 0.7345098827922005 0.6785979900357707
1629013289.139037371 4.2108660140308 -0.327738170824347 0.0 0.0 0.0 0.7345098576104998 0.6785980172922724
1629013289.740151167 4.2113335684039965 -0.3272538973469933 0.0 0.0 0.0 0.734509825131839 0.6785980524469513
1629013289.740151167 4.21146490978703 -0.3265797844786223 0.0 0.0 0.0 0.7345098338173415 0.6785980430458235
1629013290.241132259 4.21104712190005 -0.325861323739473 0.0 0.0 0.0 0.7345098481957613 0.678598027482721
1629013290.942499161 4.210754694863744 -0.32623201013304387 0.0 0.0 0.0 0.7345098441644317 0.6785980318462045
1629013291.643872261 4.210278787794661 -0.32562959709482875 0.0 0.0 0.0 0.7345098420919438 0.6785980340894511
1629013291.944457531 4.210184398115204 -0.32591124158490803 0.0 0.0 0.0 0.7345098340189442 0.6785980428276102
1629013292.445479393 4.210662903030354 -0.3254868832898644 0.0 0.0 0.0 0.7345098427408032 0.6785980333871301
1629013293.047432423 4.21121471064372 -0.32494142785388846 0.0 0.0 0.0 0.7345098520531316 0.6785980233075298
1629013293.848223686 4.212135232862217 -0.3255369286685192 0.0 0.0 0.0 0.7345098566236833 0.6785980183603959
1629013294.449362993 4.210974785320676 -0.32591363180926086 0.0 0.0 0.0 0.7345098714362837 0.6785980023273382
1629013295.150742054 4.211482268588516 -0.32642854799973586 0.0 0.0 0.0 0.734509878740878 0.6785979944208947
1629013295.351131916 4.211943990952911 -0.32657726311285884 0.0 0.0 0.0 0.7345098870934073 0.6785979853801735
1629013295.651784420 4.211463387844421 -0.3275248931499739 0.0 0.0 0.0 0.7345098580570243 0.6785980168089574
1629013296.152692318 4.210612118155619 -0.3271644710843514 0.0 0.0 0.0 0.7345098608291375 0.678598013808441
1629013296.252875090 4.2111369608886084 -0.32647022888275373 0.0 0.0 0.0 0.7345098405523407 0.6785980357559069
1629013296.753854752 4.210247143115731 -0.3251261814094954 0.0 0.0 0.0 0.734509857917927 0.6785980169595153
1629013297.254834890 4.210351920400551 -0.32507128351149667 0.0 0.0 0.0 0.7345098801023509 0.6785979929472457
1629013297.755830765 4.2099021382269495 -0.32550189970126975 0.0 0.0 0.0 0.7345098405195438 0.6785980357914059
1629013298.356981039 4.209898015779226 -0.3271791030093691 0.0 0.0 0.0 0.7345098122111707 0.6785980664321927
1629013298.958150387 4.211006767903705 -0.32719840965788405 0.0 0.0 0.0 0.7345098485667151 0.6785980270812031
1629013299.759720087 4.210731115537863 -0.32715795968963457 0.0 0.0 0.0 0.7345098592601186 0.6785980155067363
1629013300.361333370 4.21108186270674 -0.3267650081424522 0.0 0.0 0.0 0.7345098909807967 0.6785979811724893
1629013300.461078167 4.210376959606166 -0.32549756601272223 0.0 0.0 0.0 0.7345098791183705 0.6785979940122995
1629013300.962058544 4.210692016470463 -0.3246857020273391 0.0 0.0 0.0 0.7345098467299981 0.6785980290692529
1629013301.362841129 4.209608975929433 -0.32419714600491784 0.0 0.0 0.0 0.7345098593671051 0.6785980153909349
1629013301.863822460 4.209604663016023 -0.32407357574856993 0.0 0.0 0.0 0.7345098412847509 0.6785980349631511
1629013302.164443970 4.209082674259816 -0.3241871009059835 0.0 0.0 0.0 0.7345098050721102 0.678598074159462
1629013302.665424824 4.209481437161335 -0.3237506381236748 0.0 0.0 0.0 0.7345097635337744 0.6785981191202631
1629013303.867745638 4.209595317328239 -0.32415421109411086 0.0 0.0 0.0 0.7345097340588325 0.6785981510237287
1629013304.068133831 4.2092308783337025 -0.323001483065246 0.0 0.0 0.0 0.734509738140183 0.6785981466061043
1629013304.370109081 4.560339427024642 -1.8777485568098673 0.0 0.0 0.0 0.6843652594325397 0.7291393499749088
1629013304.769490957 4.56069305269157 -1.8774118971694806 0.0 0.0 0.0 0.6843652494684647 0.7291393593271221
1629013305.271343708 4.559418436496265 -1.8767305161572727 0.0 0.0 0.0 0.6843652696054038 0.7291393404267273
1629013306.072058678 4.559379700063126 -1.877114586497518 0.0 0.0 0.0 0.6843652723893807 0.7291393378137053
1629013306.575726032 4.5587903584140275 -1.8765248781450121 0.0 0.0 0.0 0.6843652640193169 0.7291393456697909
1629013307.374596596 4.558939832590208 -1.8764019902360474 0.0 0.0 0.0 0.6843652750538184 0.729139335312882
1629013307.975763083 4.55928405022653 -1.8770762737396782 0.0 0.0 0.0 0.68436525051604 0.729139358343875
1629013308.476742268 4.559064981791958 -1.8778873330755788 0.0 0.0 0.0 0.6843652659498317 0.7291393438578226
