1629013127.723922968 -0.0006741589506601776 -0.00048180362237060557 0.0 0.0 0.0 -3.0163601069387873e-08 0.9999999999999996
1629013128.224887848 -0.0006155178388621955 0.0008849746110316853 0.0 0.0 0.0 -3.6381975785000532e-09 1.0
1629013128.325093031 -0.0008658200838875339 0.000589441726111539 0.0 0.0 0.0 -1.7662173138688442e-08 0.9999999999999999
1629013128.425327301 -0.00020884073130875754 0.0010890161884960737 0.0 0.0 0.0 8.26268377281969e-09 1.0
1629013128.525490284 -0.0008874185072051085 -0.0014379662512062023 0.0 0.0 0.0 3.829494659479871e-08 0.9999999999999992
1629013128.425327301 0.00024211270023181437 0.002165984436517281 0.0 0.0 0.0 -0.00039558943706367606 0.9999999217544956
1629013128.625700474 -0.0004869688217081645 0.0034031232249581876 0.0 0.0 0.0 -0.00039560224337427266 0.9999999217494294
1629013128.625700474 -0.001235494957997876 6.0674579573938466e-05 0.0 0.0 0.0 0.0008127824087696785 0.9999996696923235
1629013128.926275730 -0.0010616043531397675 -1.589005437703903e-05 0.0 0.0 0.0 0.0008128145337262683 0.9999996696662123
1629013129.327075481 -0.0009907680067098312 0.0004105788909164257 0.0 0.0 0.0 0.000812820359844947 0.9999996696614768
1629013129.727863789 0.0013969558553717188 -0.0026528360082563197 0.0 0.0 0.0 0.0008128641611262437 0.9999996696258732
1629013129.928267002 0.0007825343213561009 -0.0017139277927935492 0.0 0.0 0.0 0.0008128448434133989 0.9999996696415757
1629013129.727863789 -0.00028954310840548236 -0.0020637741440571187 0.0 0.0 0.0 0.0007178513909688696 0.999999742344657
1629013129.928267002 0.0009050668188660471 -0.002088341693971852 0.0 0.0 0.0 0.0007178101532790945 0.9999997423742587
1629013130.128615141 0.001009532594033982 -0.0013373063612852616 0.0 0.0 0.0 0.0007177799564678045 0.9999997423959339
1629013130.729794502 0.002215490841934098 -0.0017402722022134471 0.0 0.0 0.0 0.0007177925713209473 0.999999742386879
1629013130.830001831 0.0015315692560901191 -0.0020264399296863835 0.0 0.0 0.0 0.0007178386212201701 0.9999997423538237
1629013131.230769873 0.0015494135922453625 -0.003965962570611292 0.0 0.0 0.0 0.000717884351245445 0.9999997423209959
1629013131.631546736 -0.0019248575617496337 -0.0009568250674592306 0.0 0.0 0.0 0.0007176317243050487 0.9999997425023209
1629013131.731744289 -0.00016274902274610918 -0.0018463975503016344 0.0 0.0 0.0 0.0007179809741945088 0.9999997422516271
1629013131.831948757 -0.00011570611743378994 -0.002071825447940965 0.0 0.0 0.0 0.0007179394091885229 0.9999997422814692
1629013132.533311367 -0.00043054085833049114 -0.001774752117974095 0.0 0.0 0.0 0.0007179615929459984 0.9999997422655423
1629013132.934135914 -0.000999222210495413 -0.0011766924452651269 0.0 0.0 0.0 0.0007180116341264656 0.9999997422296134
1629013133.134488583 0.000967459873747705 -0.00530327789472258 0.0 0.0 0.0 0.0007179085405236556 0.9999997423036305
1629013133.635461807 0.004068318681994422 0.0024313446390549233 0.0 0.0 0.0 0.0007179646802232716 0.9999997422633258
1629013135.038238049 0.0017757279534302355 -0.0021025923996396798 0.0 0.0 0.0 0.0007181103382468058 0.9999997421587378
1629013135.243909359 0.0011637593467936614 -0.0022020647755252244 0.0 0.0 0.0 0.0007180954081504374 0.9999997421694592
1629013135.639563084 0.0015808677940626456 -0.0028485453762903973 0.0 0.0 0.0 0.0007181413733548579 0.9999997421364507
1629013135.739579201 0.0028530518822652657 -0.006317062119129141 0.0 0.0 0.0 0.0007178647251631926 0.999999742335085
1629013136.140389442 0.006113365097333554 -0.0040816584791453 0.0 0.0 0.0 0.0007179161798380407 0.9999997422981461
1629013136.240868092 0.004252927536331142 0.003380789561601395 0.0 0.0 0.0 0.0007178210645057324 0.9999997423664265
1629013136.340748310 0.0041632737639303915 0.0036037236941355087 0.0 0.0 0.0 0.0007178420698358799 0.9999997423513481
1629013135.739579201 0.18373740185599902 -0.09741057740810131 0.0 0.0 0.0 -0.05823268943583413 0.9983030370989912
1629013136.140389442 0.19329927158422383 -0.12750051702201587 0.0 0.0 0.0 -0.07539252667799014 0.9971539334130456
1629013136.240868092 0.19371297485107786 -0.1356490118517307 0.0 0.0 0.0 -0.07963645534945611 0.996823973918853
1629013136.340748310 0.1947167397625215 -0.14093558846509008 0.0 0.0 0.0 -0.08446619477132851 0.9964263454670657
1629013136.541119576 0.20305691254266775 -0.1673472120828504 0.0 0.0 0.0 -0.09637658437540608 0.9953449422105536
1629013137.242624760 0.20342110564672358 -0.16729753432812178 0.0 0.0 0.0 -0.09637658915248544 0.9953449417480018
1629013137.342700481 0.2026148262974506 -0.16731530887886276 0.0 0.0 0.0 -0.09637659230741365 0.9953449414425185
1629013137.342700481 0.2025497500167924 -0.16650567023130036 0.0 0.0 0.0 -0.09637659753055466 0.9953449409367757
1629013137.552075386 0.20148564626702448 -0.16708704358757048 0.0 0.0 0.0 -0.09637664804721595 0.9953449360453808
1629013138.044185638 0.19774001155484117 -0.17235392676097294 0.0 0.0 0.0 -0.0963766276147374 0.995344938023804
1629013138.545035839 0.20086106017563116 -0.16658822358708453 0.0 0.0 0.0 -0.0963765884133666 0.9953449418195687
1629013138.945878506 0.210520482666188 -0.16751964534279848 0.0 0.0 0.0 -0.09637689262771917 0.9953449123632597
1629013139.446808338 0.1920722134839849 -0.169006637607117 0.0 0.0 0.0 -0.09637637191245144 0.9953449627827494
1629013139.847644329 0.20046762544061292 -0.16991598645002373 0.0 0.0 0.0 -0.09637669099117413 0.9953449318872286
1629013140.047982454 0.2004323972971898 -0.17126708510504857 0.0 0.0 0.0 -0.09637661497307673 0.9953449392478626
1629013140.248363495 0.20416794818790282 -0.17529926156496098 0.0 0.0 0.0 -0.09637665231869286 0.9953449356317848
1629013140.649135590 0.19323510227230956 -0.17041225002745544 0.0 0.0 0.0 -0.09637666474815938 0.9953449344282719
1629013141.250308990 0.20150053942708973 -0.16897830353765003 0.0 0.0 0.0 -0.09637651951767658 0.9953449484905517
1629013141.751293659 0.20593485654753074 -0.1670046371147921 0.0 0.0 0.0 -0.09637626623329515 0.9953449730153506
1629013142.853490353 0.19930118816958853 -0.17999756829518632 0.0 0.0 0.0 -0.09637671018619716 0.9953449300286237
1629013143.053889513 0.19458995842307147 -0.17956610157336758 0.0 0.0 0.0 -0.09637665644197313 0.9953449352325383
1629013143.154386997 0.2031502316442835 -0.17348788384740016 0.0 0.0 0.0 -0.09637648458364727 0.9953449518731172
1629013143.254235268 0.19714493584994833 -0.1657096082855753 0.0 0.0 0.0 -0.0963768869021638 0.9953449129176516
1629013143.354449272 0.19367452250719575 -0.1736418010335318 0.0 0.0 0.0 -0.09637661028295144 0.995344939701995
1629013143.454634190 0.20149790379850985 -0.16701919487899228 0.0 0.0 0.0 -0.09637657797016581 0.9953449428307558
1629013144.055785656 0.20679011978004253 -0.17609802969714264 0.0 0.0 0.0 -0.09637681931537347 0.9953449194619179
1629013144.256221533 0.19838106300382793 -0.16479379121657262 0.0 0.0 0.0 -0.09637655425118372 0.9953449451274009
1629013144.357876301 0.1994385812102111 -0.1710733063660165 0.0 0.0 0.0 -0.09637677889781276 0.9953449233754509
1629013144.656959772 0.19616444937435248 -0.172582630670123 0.0 0.0 0.0 -0.09637658034077622 0.995344942601216
1629013144.757164955 0.20022246742596733 -0.16196067283038193 0.0 0.0 0.0 -0.09637702392740331 0.9953448996498132
1629013144.757164955 0.1991482027783449 -0.18209598276529235 0.0 0.0 0.0 -0.09637680346291026 0.9953449209968731
1629013144.957559347 0.19778034471231165 -0.15593610077953923 0.0 0.0 0.0 -0.09637685383926044 0.9953449161190536
1629013145.057746887 0.1948917751111546 -0.1557672159262992 0.0 0.0 0.0 -0.0963768463118355 0.995344916847916
1629013145.157940865 0.19966833729315073 -0.16236159544662407 0.0 0.0 0.0 -0.09637643819085272 0.9953449563652015
1629013145.258138657 0.1972033951486204 -0.1641377223960102 0.0 0.0 0.0 -0.0963770768076524 0.9953448945295353
1629013145.258138657 0.20270922661852442 -0.17869592061093215 0.0 0.0 0.0 -0.09637685999200411 0.9953449155232982
1629013145.658915520 0.1963583371867683 -0.1682841436807272 0.0 0.0 0.0 -0.0963768768034443 0.9953449138954866
1629013145.859305143 0.19496990624270183 -0.16702335744737912 0.0 0.0 0.0 -0.09637661654247762 0.9953449390959017
1629013145.959497690 0.19959587235314685 -0.17791528878579704 0.0 0.0 0.0 -0.09637649740567422 0.9953449506315959
1629013146.260293722 0.2001941810256286 -0.16899708747992925 0.0 0.0 0.0 -0.09637686202135792 0.9953449153268007
1629013146.360308409 0.20109994877435122 -0.16612065418490096 0.0 0.0 0.0 -0.09637699054260149 0.9953449028823884
1629013146.761072397 0.19519145867005394 -0.16740664841127983 0.0 0.0 0.0 -0.0963771391924994 0.9953448884889446
1629013146.861275196 0.19791559065088335 -0.168760744684966 0.0 0.0 0.0 -0.09637746337494284 0.9953448570989913
1629013146.961471319 0.20685492921118953 -0.16592711837298207 0.0 0.0 0.0 -0.0963763930597923 0.9953449607351134
1629013147.363122463 0.19208985968595937 -0.1705393252416849 0.0 0.0 0.0 -0.09637678014372086 0.9953449232548126
1629013147.662840843 0.20089506011365107 -0.16356624192111466 0.0 0.0 0.0 -0.09637671172757156 0.9953449298793763
1629013147.963420868 0.19735204497078757 -0.16935050327804327 0.0 0.0 0.0 -0.09637642784551888 0.9953449573669108
1629013148.163911819 0.1996441704044501 -0.16433989308163488 0.0 0.0 0.0 -0.09637656049682694 0.9953449445226521
1629013148.464430809 0.19836950892022767 -0.16557836906621534 0.0 0.0 0.0 -0.0963760860230567 0.9953449904645506
1629013148.564584255 0.200818188592927 -0.1527902852865235 0.0 0.0 0.0 -0.0963766114082475 0.9953449395930356
1629013148.967636585 0.20049927705875484 -0.15206618019117832 0.0 0.0 0.0 -0.09637661629243365 0.9953449391201128
1629013149.566569805 0.20087574198220604 -0.1522751631418409 0.0 0.0 0.0 -0.09637658138272097 0.9953449425003272
1629013150.267954588 0.1859096997487647 -0.17755319952192639 0.0 0.0 0.0 -0.09637654843845507 0.9953449456902316
1629013150.368111134 0.19146947751606289 -0.1684964033431084 0.0 0.0 0.0 -0.09637661138741208 0.995344939595053
1629013150.468353271 0.20374849555312588 -0.16478661464578045 0.0 0.0 0.0 -0.09637637631619723 0.9953449623563475
1629013150.571737289 0.1872111932378119 -0.16601765140139355 0.0 0.0 0.0 -0.09637684774516632 0.9953449167091301
1629013150.668736935 0.19569445508435043 -0.1667318219499869 0.0 0.0 0.0 -0.09637662673314129 0.9953449381091667
1629013150.768898010 0.18636040801422846 -0.16643295037190248 0.0 0.0 0.0 -0.09637652049970878 0.9953449483954642
1629013150.869095564 0.1970418717482393 -0.1812346275864815 0.0 0.0 0.0 -0.09637635838743928 0.9953449640923371
1629013151.470263958 0.197373550477656 -0.17982407728599578 0.0 0.0 0.0 -0.0963763735090297 0.9953449626281574
1629013151.570468903 0.19676148368107313 -0.17938172025056434 0.0 0.0 0.0 -0.09637634286628512 0.9953449655952052
1629013151.570468903 0.1989679029833397 -0.16818338972298566 0.0 0.0 0.0 -0.09637587868403602 0.995345010540506
1629013151.770849705 3.619827271565012 -0.610872230524837 0.0 0.0 0.0 0.24155062670625024 0.9703882185691548
1629013151.971232891 3.6205008994878365 -0.6111879615570514 0.0 0.0 0.0 0.24155063628479653 0.9703882161848473
1629013152.171621323 3.6205984901440247 -0.6110632090182129 0.0 0.0 0.0 0.24155064961504513 0.9703882128666598
1629013152.672604084 3.6200665206178395 -0.6123484685364426 0.0 0.0 0.0 0.24155061930794458 0.9703882204107531
1629013152.772806168 3.6208032756910407 -0.6122167218255693 0.0 0.0 0.0 0.2415506294605931 0.9703882178835392
1629013152.872993946 3.6213564573093437 -0.6136960376009842 0.0 0.0 0.0 0.24155063748252706 0.9703882158867062
1629013152.872993946 3.62192089038245 -0.6140470998465439 0.0 0.0 0.0 0.24155067587648735 0.9703882063296174
1629013153.073383331 3.6230620841170698 -0.6136629719862325 0.0 0.0 0.0 0.2415506895819634 0.970388202918027
1629013153.574472904 3.623135497947182 -0.6126771688413087 0.0 0.0 0.0 0.24155069508348403 0.9703882015485791
1629013153.874973774 3.624185094156769 -0.6114156022630817 0.0 0.0 0.0 0.24155069163494733 0.9703882024069947
1629013153.975163460 3.6245137665383456 -0.6116720167586513 0.0 0.0 0.0 0.2415506733554762 0.9703882069571518
1629013153.975163460 3.6236278707689147 -0.6110134366758037 0.0 0.0 0.0 0.2415506774841022 0.9703882059294472
1629013154.278061152 3.6235868313908246 -0.6114375246994789 0.0 0.0 0.0 0.241550669956164 0.9703882078033144
1629013154.375954628 3.6235017261315274 -0.6113964576238419 0.0 0.0 0.0 0.24155074350194056 0.9703881894961726
1629013154.576766491 3.623792527728827 -0.6105851259163952 0.0 0.0 0.0 0.24155072606385453 0.9703881938368916
1629013154.678047657 3.6229320110617405 -0.6104597289961537 0.0 0.0 0.0 0.24155072542383627 0.970388193996206
1629013154.878062725 3.622731962026242 -0.6101184064791814 0.0 0.0 0.0 0.24155071997005867 0.9703881953537699
1629013155.377923250 3.6214927132141743 -0.610706488003803 0.0 0.0 0.0 0.24155071709714346 0.9703881960689009
1629013155.578306198 3.6209628833736556 -0.6104595828422341 0.0 0.0 0.0 0.24155071392239083 0.9703881968591659
1629013155.778695822 3.6203690130819237 -0.6091561832360818 0.0 0.0 0.0 0.2415507238344205 0.9703881943918462
1629013155.878878117 3.6204914573227645 -0.6098189284374212 0.0 0.0 0.0 0.24155075677182242 0.97038818619301
1629013155.979108810 3.6199266281994706 -0.6100533985968917 0.0 0.0 0.0 0.2415507409118146 0.9703881901409113
1629013156.079273701 3.6205578892580883 -0.6095140319290143 0.0 0.0 0.0 0.24155069032111917 0.9703882027340351
1629013156.279649734 3.6210435232723883 -0.6105849679377919 0.0 0.0 0.0 0.24155068954661357 0.9703882029268264
1629013156.379860163 3.6210042453205133 -0.611447774740589 0.0 0.0 0.0 0.241550689098881 0.9703882030382767
1629013156.480060577 3.6210718489025178 -0.6106226535124414 0.0 0.0 0.0 0.24155068313009664 0.9703882045240367
1629013156.581030369 3.6212364318101407 -0.609823064757554 0.0 0.0 0.0 0.24155074227061193 0.970388189802677
1629013156.680430412 3.621167868636155 -0.6101397270248365 0.0 0.0 0.0 0.24155078197348506 0.9703881799197669
1629013156.780653477 3.622288226875385 -0.6101235087727885 0.0 0.0 0.0 0.2415507924394783 0.9703881773145528
1629013157.181401730 3.62139812310334 -0.6109154105968244 0.0 0.0 0.0 0.24155082839442454 0.9703881683645814
1629013157.686052322 3.621132036712928 -0.6096392055279614 0.0 0.0 0.0 0.24155083106203976 0.9703881677005537
1629013157.982985973 3.6210109266213 -0.6089474391530753 0.0 0.0 0.0 0.24155086648545931 0.9703881588828894
1629013158.684444427 3.621101213220272 -0.6092971637121648 0.0 0.0 0.0 0.24155089174929553 0.9703881525941669
1629013158.784572601 3.62177145747801 -0.6092876000101886 0.0 0.0 0.0 0.2415508538105113 0.9703881620379615
1629013158.984942913 3.6220465169531715 -0.6092521086242038 0.0 0.0 0.0 0.24155090983663946 0.9703881480918302
1629013159.085130692 3.622401536933073 -0.6094942193941933 0.0 0.0 0.0 0.24155089722096176 0.9703881512321492
1629013159.485904694 3.6234676636880225 -0.6089418055584729 0.0 0.0 0.0 0.24155085367934317 0.9703881620706121
1629013159.686296701 3.62495434122634 -0.6093775025476074 0.0 0.0 0.0 0.2415508557375663 0.9703881615582753
1629013159.886710405 3.6249231016925823 -0.6096138134503285 0.0 0.0 0.0 0.24155086257287117 0.9703881598568183
1629013160.187287807 3.6246989605875366 -0.6092945403769452 0.0 0.0 0.0 0.2415508951903873 0.9703881517376036
1629013160.287604094 3.62483220772187 -0.6091871681366592 0.0 0.0 0.0 0.2415509390134217 0.9703881408290882
1629013160.490854502 3.9521329795034474 2.2836434213947405 0.0 0.0 0.0 0.9119938606143237 0.4102038495696761
1629013160.588062286 3.9538496192316335 2.283928146321107 0.0 0.0 0.0 0.9119938621085791 0.41020384624754314
1629013160.788452625 3.952983535884152 2.2844100754925094 0.0 0.0 0.0 0.9119938468168538 0.4102038802451739
1629013161.089177847 3.9531186700022785 2.283972508636282 0.0 0.0 0.0 0.9119938288967321 0.41020392008643475
1629013161.590049744 3.953153306399999 2.2852016036540026 0.0 0.0 0.0 0.9119938331450773 0.4102039106412187
1629013161.790414810 3.9542992789658378 2.2847438183511226 0.0 0.0 0.0 0.911993819633494 0.4102039406811079
1629013161.990804672 3.9532441676876195 2.2840500156708075 0.0 0.0 0.0 0.9119938306287318 0.41020391623573266
1629013162.391571283 3.9532960370316506 2.283560944669277 0.0 0.0 0.0 0.9119938210982322 0.4102039374246006
1629013161.990804672 4.168649358661161 1.6404980873667485 0.0 0.0 0.0 0.9690133761838803 0.24700825244658894
1629013162.391571283 4.28616347202028 1.5376537267152526 0.0 0.0 0.0 0.9609605590940787 0.276685387878716
1629013162.792377234 4.2858321346973565 1.5373024912860407 0.0 0.0 0.0 0.9609605680406509 0.27668535680622774
1629013162.992767334 4.284942859386066 1.5368816250614894 0.0 0.0 0.0 0.9609605685031826 0.27668535519980114
1629013163.794341564 4.285178756313434 1.5366577124170144 0.0 0.0 0.0 0.9609605622341603 0.2766853769728472
1629013163.994716644 4.2848776588715 1.5366567932809103 0.0 0.0 0.0 0.9609605659725514 0.27668536398897886
1629013164.297129869 4.2843861050147884 1.5359212290360789 0.0 0.0 0.0 0.9609605645831729 0.2766853688144522
1629013164.395480871 4.284079756013655 1.5355865670650468 0.0 0.0 0.0 0.9609605625983245 0.27668537570806245
1629013164.395480871 4.284447188124228 1.5343538225051523 0.0 0.0 0.0 0.9609605710442942 0.27668534637422343
1629013164.796288013 4.284688084189026 1.5342617964207408 0.0 0.0 0.0 0.9609605687525741 0.2766853543336354
1629013165.197075605 4.283582290616197 1.5349241783093406 0.0 0.0 0.0 0.9609605708196254 0.2766853471545245
1629013165.597881317 4.284424505834576 1.5352428367918944 0.0 0.0 0.0 0.9609605657976635 0.27668536459638465
1629013165.898430824 4.284236219314843 1.5356264916549902 0.0 0.0 0.0 0.9609605819120391 0.2766853086292715
1629013165.998615742 4.28483944496808 1.535615509411951 0.0 0.0 0.0 0.9609605697221038 0.27668535096634533
1629013166.299229145 4.285447308958106 1.5355989189739803 0.0 0.0 0.0 0.9609605695580683 0.27668535153605994
1629013167.200989485 4.2849958925663625 1.5353170001063121 0.0 0.0 0.0 0.9609605665718062 0.27668536190769694
1629013167.902340412 4.28374694275867 1.5342616592938858 0.0 0.0 0.0 0.9609605744202178 0.2766853346492456
1629013168.102773190 4.282856257603728 1.534489331067814 0.0 0.0 0.0 0.960960577514082 0.2766853239038926
1629013168.206339836 4.281841408832548 1.535038965317648 0.0 0.0 0.0 0.9609605776117358 0.2766853235647294
1629013168.206339836 4.281968172542447 1.5349543110845867 0.0 0.0 0.0 0.9609605859287369 0.27668529467880754
1629013168.403431416 4.281235843909456 1.535614078474818 0.0 0.0 0.0 0.9609605820043189 0.2766853083087731
1629013168.403431416 4.281905209770522 1.534971086623816 0.0 0.0 0.0 0.9609605770020386 0.27668532568227927
1629013168.603710651 4.281095769830428 1.5348400208060398 0.0 0.0 0.0 0.9609605714396224 0.2766853450012021
1629013168.603710651 4.281329795253256 1.5345493035219557 0.0 0.0 0.0 0.9609605693728678 0.27668535217928286
1629013168.804109335 4.280495287427994 1.5346104717700144 0.0 0.0 0.0 0.9609605650058082 0.27668536734659105
1629013169.004486561 4.280808224146883 1.5341211955902534 0.0 0.0 0.0 0.9609605579964603 0.27668539169087286
1629013169.305072069 4.279967971634457 1.5343245117550983 0.0 0.0 0.0 0.9609605657169157 0.2766853648768315
1629013169.605694056 4.2796976104251145 1.5333613754843127 0.0 0.0 0.0 0.9609605715598956 0.27668534458347976
1629013169.705881596 4.280135487653435 1.5352365649478064 0.0 0.0 0.0 0.9609605723519776 0.276685341832486
1629013169.806046009 4.2806209578604575 1.5361254996921498 0.0 0.0 0.0 0.9609605815866242 0.27668530975947564
1629013170.010056734 4.2795512500888355 1.5367033173697922 0.0 0.0 0.0 0.9609605921783242 0.2766852729732546
1629013170.106631994 4.2803317376543815 1.5372236918439062 0.0 0.0 0.0 0.9609605780485726 0.27668532204754415
1629013170.206834793 4.281536215048382 1.5376060114054189 0.0 0.0 0.0 0.9609605797372542 0.27668531618255454
1629013170.307057381 4.280752573908295 1.5368437907944377 0.0 0.0 0.0 0.960960573622501 0.2766853374198096
1629013170.407232761 4.2813880284307215 1.5364573355064144 0.0 0.0 0.0 0.9609605786225179 0.2766853200541647
1629013170.507467270 4.281587370779857 1.5367116403221173 0.0 0.0 0.0 0.9609605787913656 0.2766853194677367
1629013170.507467270 4.281266530763669 1.536883411035149 0.0 0.0 0.0 0.9609605785412212 0.2766853203365176
1629013170.707806826 4.281656628032168 1.5355016014709264 0.0 0.0 0.0 0.960960561308746 0.2766853801869189
1629013171.009956837 4.28231565754768 1.5349104301606087 0.0 0.0 0.0 0.9609605502880243 0.27668541846316635
1629013171.108597279 4.281284732947618 1.535622275642838 0.0 0.0 0.0 0.9609605497097844 0.2766854204714608
1629013171.108597279 4.282333533405818 1.5366733050376127 0.0 0.0 0.0 0.960960534232053 0.2766854742274112
1629013171.309024096 4.282457633145128 1.5361958516629972 0.0 0.0 0.0 0.9609605211245983 0.27668551975110756
1629013171.509395123 4.282292295169499 1.5358466085444638 0.0 0.0 0.0 0.9609605217054749 0.2766855177336564
1629013171.709802628 4.282364973551949 1.5362338500409556 0.0 0.0 0.0 0.960960528592384 0.27668549381463065
1629013172.310935020 4.281473945753133 1.5348917811105813 0.0 0.0 0.0 0.9609605282005251 0.2766854951756012
1629013172.411147356 4.2812799899218925 1.5351297299783624 0.0 0.0 0.0 0.9609605233911023 0.27668551187927937
1629013172.611762047 4.280726094111777 1.536032922140265 0.0 0.0 0.0 0.9609605091381233 0.27668556138150546
1629013172.811977863 4.279966914207788 1.536077886111865 0.0 0.0 0.0 0.9609605071017324 0.2766855684541231
1629013173.112493277 4.280280709612476 1.535203040160923 0.0 0.0 0.0 0.9609605049232812 0.27668557602013244
1629013173.212690830 4.280669450926429 1.5349143664383702 0.0 0.0 0.0 0.9609604912160901 0.2766856236267634
1629013173.312892914 4.279591972200523 1.5347229868518404 0.0 0.0 0.0 0.9609604784440368 0.2766856679855461
1629013173.413134813 4.278519200660359 1.5335164542827493 0.0 0.0 0.0 0.9609604821002922 0.2766856552869591
1629013174.114495277 4.2787969787553815 1.5324167544455394 0.0 0.0 0.0 0.9609604714322285 0.2766856923383448
1629013174.314868450 4.27895605264735 1.5321778565043038 0.0 0.0 0.0 0.9609604723746837 0.276685689065092
1629013174.415051937 4.278433959665688 1.532013817685577 0.0 0.0 0.0 0.9609604743449587 0.2766856822221057
1629013174.916043282 4.278077438691878 1.5314855349547716 0.0 0.0 0.0 0.9609604781659385 0.27668566895141283
1629013175.116446972 4.277240903277601 1.5307409831087802 0.0 0.0 0.0 0.9609604826864797 0.27668565325106376
1629013175.216599941 4.276289280955689 1.5303300903034633 0.0 0.0 0.0 0.9609604993990611 0.2766855952063768
1629013175.517198086 4.276654283063203 1.530414620880559 0.0 0.0 0.0 0.9609604987854095 0.27668559733765896
1629013175.817921162 4.276639803345906 1.5301062607690064 0.0 0.0 0.0 0.9609605033924787 0.27668558133678367
1629013176.018274307 4.277311693366302 1.5304885566929136 0.0 0.0 0.0 0.960960514826553 0.27668554162493986
1629013176.218912125 4.277627479529826 1.5319664393545378 0.0 0.0 0.0 0.9609605228345324 0.27668551381231044
1629013176.420287848 4.277850740521196 1.532761174579889 0.0 0.0 0.0 0.9609605200105561 0.2766855236203035
1629013176.619600296 4.2776837301629715 1.5327688579097567 0.0 0.0 0.0 0.9609605223093526 0.27668551563632
1629013176.820007801 4.27858558313778 1.5326108364289062 0.0 0.0 0.0 0.9609605139482451 0.2766855446754034
1629013177.621303797 4.279144184220622 1.5330505088793107 0.0 0.0 0.0 0.9609605204297665 0.27668552216433767
1629013177.721537590 4.27914211051455 1.5323870721438988 0.0 0.0 0.0 0.9609605290865311 0.276685492098401
1629013177.721537590 4.279239622982991 1.5312353242140115 0.0 0.0 0.0 0.9609605332198312 0.2766854777429737
1629013177.921918392 4.278624830825699 1.5312938147100503 0.0 0.0 0.0 0.9609605353137356 0.2766854704706027
1629013178.122301817 4.279153230464513 1.5303666333127188 0.0 0.0 0.0 0.960960517840501 0.27668553115715383
1629013178.523101568 4.278239397963704 1.5313579357672027 0.0 0.0 0.0 0.960960512699222 0.27668554901340325
1629013178.723504305 4.277702507044048 1.5311444225069524 0.0 0.0 0.0 0.9609605069882113 0.276685568848395
1629013179.925849915 4.278336636806171 1.5310977436860407 0.0 0.0 0.0 0.9609604967311722 0.27668560447225804
1629013180.627175808 4.278152825081534 1.5313762778451283 0.0 0.0 0.0 0.9609604963091829 0.2766856059378746
1629013180.828376532 4.278060132619466 1.531215915169191 0.0 0.0 0.0 0.960960504456997 0.2766855776395907
1629013181.328547478 4.277594882597113 1.5317098283286847 0.0 0.0 0.0 0.960960501138913 0.2766855891636738
1629013181.428739548 4.276572509397119 1.5305390270028525 0.0 0.0 0.0 0.960960502439317 0.27668558464722265
1629013181.629146099 4.277260895937665 1.5299020825128036 0.0 0.0 0.0 0.960960516272005 0.27668553660471984
1629013181.832266808 4.277076218553016 1.530649385894757 0.0 0.0 0.0 0.9609605289596527 0.27668549253906405
1629013182.330725193 -1.0496390804307916 -0.22833483104118457 0.0 0.0 0.0 -0.8592584992354921 0.5115416224429541
1629013182.531440973 -1.0501101360904692 -0.22967309554181367 0.0 0.0 0.0 -0.8592585228581924 0.5115415827628848
1629013182.734062195 -1.050069565711228 -0.22859507743939797 0.0 0.0 0.0 -0.8592585059697467 0.5115416111311364
1629013182.831467628 -1.050531685904591 -0.2284697228456513 0.0 0.0 0.0 -0.8592585001471756 0.51154162091156
1629013183.132084608 -1.0500495515454642 -0.22913045154649553 0.0 0.0 0.0 -0.8592585097594511 0.5115416047654066
1629013183.634452820 -1.049600669931127 -0.22905559644472168 0.0 0.0 0.0 -0.8592584937920534 0.5115416315865323
1629013184.033816814 -1.049288004723248 -0.22954415274843798 0.0 0.0 0.0 -0.8592584820566891 0.5115416512989284
1629013184.033816814 -1.2670966270711854 -1.2199967332013097 0.0 0.0 0.0 -0.9341932236509326 0.35676746051830266
1629013184.635001659 -1.2668230087604164 -1.2190810240813448 0.0 0.0 0.0 -0.9341932175811237 0.3567674764120565
1629013184.835386753 -1.2654570374057919 -1.2189339463501143 0.0 0.0 0.0 -0.9341932204022024 0.35676746902508083
1629013184.835386753 -1.2655466243813742 -1.2185411399513624 0.0 0.0 0.0 -0.9341932164298442 0.3567674794266739
1629013185.035778046 -1.265891040538461 -1.2199999619694284 0.0 0.0 0.0 -0.9341932088814925 0.3567674991919811
1629013185.035778046 -1.266068172995006 -1.2200876928017972 0.0 0.0 0.0 -0.9341932058086563 0.356767507238181
1629013185.737141132 -1.26689976047392 -1.221124133403198 0.0 0.0 0.0 -0.9341931905390383 0.3567675472215659
1629013186.238120079 -1.266524078094065 -1.2218801409266953 0.0 0.0 0.0 -0.9341931976078428 0.3567675287119527
1629013186.538707733 -1.266985953301534 -1.2224924325191313 0.0 0.0 0.0 -0.9341932004686262 0.35676752122101185
1629013186.638895512 -1.266976966353419 -1.2231203914878315 0.0 0.0 0.0 -0.9341931980335704 0.35676752759718794
1629013186.638895512 -1.2670330633587383 -1.223105928546812 0.0 0.0 0.0 -0.9341932149467468 0.35676748331015457
1629013187.039713860 -1.2668553165815513 -1.2228429980918498 0.0 0.0 0.0 -0.9341932045546727 0.3567675105217281
1629013187.039713860 -1.2662367538565575 -1.2231473510582518 0.0 0.0 0.0 -0.9341932044858591 0.35676751070191626
1629013188.142455101 -1.2667748617663088 -1.223394061074031 0.0 0.0 0.0 -0.9341932196859012 0.356767470900711
1629013188.642812967 -1.2664696879156163 -1.2225111417875139 0.0 0.0 0.0 -0.934193204615467 0.35676751036253895
1629013189.150118589 -1.2661699264567348 -1.2209786255343034 0.0 0.0 0.0 -0.934193208115372 0.3567675011980622
1629013189.243979216 -1.2664461011379318 -1.2209347720832688 0.0 0.0 0.0 -0.9341932075930087 0.3567675025658667
1629013188.542624950 -1.348985872325717 -1.4020074277313113 0.0 0.0 0.0 -0.9993075755047773 0.037207116775742795
1629013188.642812967 -1.4278415611626993 -1.4184256699490418 0.0 0.0 0.0 -0.9997450839827831 0.022578021442501997
1629013189.150118589 -1.621970788426261 -1.4224325512210854 0.0 0.0 0.0 0.9984324212964787 0.055970528888431875
1629013189.346075773 -1.6214431291664064 -1.4241011522743527 0.0 0.0 0.0 0.9984324220615306 0.055970515241023006
1629013189.945374012 -1.6221343943230977 -1.424108310248007 0.0 0.0 0.0 0.9984324228555173 0.05597050107745715
1629013190.145747185 -1.6213384545407812 -1.4247687927867783 0.0 0.0 0.0 0.9984324252578137 0.055970458223962016
1629013190.446377039 -1.6216265282321776 -1.423768906797546 0.0 0.0 0.0 0.9984324264588662 0.055970436798910395
1629013191.448290825 -1.6216063249768617 -1.4239218273877723 0.0 0.0 0.0 0.9984324259054093 0.05597044667178863
1629013191.548486233 -1.6208335768220068 -1.4244032257802135 0.0 0.0 0.0 0.9984324284019095 0.05597040213778952
1629013191.548486233 -1.6217704778769786 -1.42403378366638 0.0 0.0 0.0 0.9984324265602741 0.05597043498993873
1629013191.949263096 -1.6205500288429118 -1.424339266760958 0.0 0.0 0.0 0.9984324289541381 0.05597039228681509
1629013192.049455166 -1.6200183148956728 -1.4246116737731025 0.0 0.0 0.0 0.9984324264165814 0.05597043755321023
1629013192.249902725 -1.619774600430369 -1.4259638459821682 0.0 0.0 0.0 0.998432424410813 0.055970473333232997
1629013192.249902725 -1.6187373261277302 -1.427092797250935 0.0 0.0 0.0 0.9984324249443635 0.05597046381546274
1629013192.851044893 -1.6185309514486097 -1.427152689695919 0.0 0.0 0.0 0.9984324228486393 0.05597050120014867
1629013193.051414251 -1.618003940265292 -1.4270793681026877 0.0 0.0 0.0 0.9984324230756317 0.05597049715093488
1629013193.151612282 -1.6190873106530024 -1.4277681490658303 0.0 0.0 0.0 0.9984324269550591 0.05597042794753816
1629013193.251803398 -1.6204715336175883 -1.4264409324976337 0.0 0.0 0.0 0.9984324313347929 0.0559703498192947
1629013193.251803398 -1.6214181953695466 -1.426112258217334 0.0 0.0 0.0 0.9984324291629783 0.05597038856140237
1629013193.354059696 -1.621473601212517 -1.425846427919669 0.0 0.0 0.0 0.9984324272318614 0.05597042300977928
1629013193.452210426 -1.6213546923735827 -1.4260639026668838 0.0 0.0 0.0 0.9984324271211088 0.05597042498544967
1629013193.552470684 -1.6220140047361453 -1.4259655779682425 0.0 0.0 0.0 0.9984324281930086 0.05597040586428368
1629013194.253760338 -1.6216195785307936 -1.4258194475788886 0.0 0.0 0.0 0.9984324292597164 0.0559703868357314
1629013194.554497957 -1.6223283446908008 -1.4248731345527639 0.0 0.0 0.0 0.9984324294494556 0.05597038345105139
1629013194.854950905 -1.6230267972955545 -1.4244570163621115 0.0 0.0 0.0 0.9984324279472636 0.05597041024802626
1629013195.957142353 -1.6219337254556767 -1.4234037036535316 0.0 0.0 0.0 0.9984324267316677 0.055970431932522276
1629013196.458153248 -1.6220430022935741 -1.4226335505671237 0.0 0.0 0.0 0.9984324234388703 0.05597049067128571
1629013197.259631634 -1.621981929811529 -1.4215202231128095 0.0 0.0 0.0 0.9984324250504293 0.0559704619234021
1629013197.359828949 -1.621830270430137 -1.4220423675692855 0.0 0.0 0.0 0.9984324268448002 0.05597042991440077
1629013197.760605812 -1.6227378407433999 -1.421980462763555 0.0 0.0 0.0 0.9984324253955587 0.05597045576678938
1629013198.161396980 -1.6217542028158036 -1.4221747933141708 0.0 0.0 0.0 0.9984324255662617 0.05597045272169327
1629013198.562168837 -1.620433157180478 -1.421672172674973 0.0 0.0 0.0 0.9984324262795675 0.05597043999734158
1629013199.066054821 -1.6199477366751185 -1.4207250074813418 0.0 0.0 0.0 0.9984324269527384 0.05597042798893623
1629013199.163362503 -1.6198402713240934 -1.4205712829329094 0.0 0.0 0.0 0.9984324283347484 0.05597040333584823
1629013199.263733149 -1.620364620904747 -1.4207230540662381 0.0 0.0 0.0 0.9984324285663905 0.055970399203682006
1629013199.363727808 -1.6206923003519609 -1.420367278884539 0.0 0.0 0.0 0.9984324281913227 0.05597040589435903
1629013199.865200996 -1.6206292435611631 -1.4196782094997606 0.0 0.0 0.0 0.9984324259793204 0.055970445353320325
1629013200.065204859 -1.6207138598019344 -1.419700072197399 0.0 0.0 0.0 0.9984324245963899 0.055970470022808264
1629013200.767469406 -1.6204093698648259 -1.4208062450837657 0.0 0.0 0.0 0.9984324216817101 0.0559705220164681
1629013201.067073822 -1.6193905484084417 -1.4219190461320557 0.0 0.0 0.0 0.9984324195371695 0.05597056027192734
1629013201.267458916 -1.6194654957102466 -1.4223147814285997 0.0 0.0 0.0 0.9984324177990177 0.055970591277989507
1629013200.065204859 0.07390416314707025 1.1802948184453042 0.0 0.0 0.0 -0.18721397331489603 0.9823191580111066
1629013200.767469406 0.428988663135025 1.0370796745238122 0.0 0.0 0.0 -0.09527185220725233 0.9954512917149686
1629013201.067073822 0.6082621096767055 1.0145987099400595 0.0 0.0 0.0 -0.05762848074349589 0.99833809814471
1629013201.267458916 0.6086521184846755 1.015533078650109 0.0 0.0 0.0 -0.057628496300015465 0.9983380972467188
1629013201.467884541 0.6086224293096428 1.016017995628918 0.0 0.0 0.0 -0.05762853666726109 0.9983380949165419
1629013201.568065166 0.609889338348631 1.0153799973241022 0.0 0.0 0.0 -0.05762854710432812 0.9983380943140676
1629013201.568065166 0.610291341418593 1.0148723391709804 0.0 0.0 0.0 -0.0576285479714237 0.998338094264015
1629013201.768421173 0.6101609224575725 1.0164743724682987 0.0 0.0 0.0 -0.05762861306264069 0.9983380905066562
1629013201.868645191 0.610211124552537 1.0164793895985191 0.0 0.0 0.0 -0.05762859473123674 0.998338091564828
1629013202.074606419 0.6103568556688416 1.0155263313013914 0.0 0.0 0.0 -0.05762860478975667 0.9983380909842047
1629013202.074606419 0.6094076515612064 1.014780352539723 0.0 0.0 0.0 -0.05762865155639193 0.9983380882846211
1629013202.169236660 0.6097183431884474 1.0143579072206406 0.0 0.0 0.0 -0.057628679869595106 0.9983380866502528
1629013202.369596958 0.6097100666045513 1.0145151499497513 0.0 0.0 0.0 -0.05762870841944754 0.9983380850022232
1629013202.670295238 0.6098603153480116 1.0145242202657199 0.0 0.0 0.0 -0.057628705311251846 0.9983380851816427
1629013202.770405769 0.6092286663320847 1.015431760030343 0.0 0.0 0.0 -0.05762870512908037 0.9983380851921585
1629013202.870672941 0.6091685492487925 1.0161811211462108 0.0 0.0 0.0 -0.05762874330398297 0.9983380829885253
1629013202.870672941 0.6099985007135141 1.0154176300558115 0.0 0.0 0.0 -0.05762870661363412 0.9983380851064632
1629013203.171209335 0.6110370337590724 1.0147334459597774 0.0 0.0 0.0 -0.057628767663981555 0.9983380815823519
1629013203.571948051 0.6104492957652489 1.014786184741166 0.0 0.0 0.0 -0.05762878016998046 0.9983380808604468
1629013203.677692413 0.6097700997713628 1.0151091892358644 0.0 0.0 0.0 -0.05762881192876156 0.9983380790271797
1629013203.878424644 0.609924458714679 1.0154208952094959 0.0 0.0 0.0 -0.05762877661321852 0.9983380810657599
1629013204.072945595 0.6099145397816021 1.0152453896198375 0.0 0.0 0.0 -0.05762878002877921 0.9983380808685977
1629013204.072945595 0.6104828086832362 1.0149701515918903 0.0 0.0 0.0 -0.05762873612187725 0.99833808340311
1629013204.573929071 0.6100742190627152 1.0144088159948794 0.0 0.0 0.0 -0.057628665708172856 0.9983380874677154
1629013205.475691319 0.6091088214442394 1.015983197061214 0.0 0.0 0.0 -0.05762864393456157 0.9983380887245881
1629013205.676188707 0.6094377948700878 1.0156517728374657 0.0 0.0 0.0 -0.05762864902445681 0.998338088430776
1629013205.878082752 0.6099679513555133 1.0152814183260674 0.0 0.0 0.0 -0.05762867369193957 0.9983380870068556
1629013206.076845169 0.6091477070848479 1.015437334591984 0.0 0.0 0.0 -0.057628667913562755 0.9983380873404101
1629013206.076845169 0.6095385306850214 1.0140386742582952 0.0 0.0 0.0 -0.057628646875826146 0.9983380885548049
1629013206.377456665 0.6085891635863541 1.0139686322150832 0.0 0.0 0.0 -0.05762863702509923 0.9983380891234338
1629013206.477707386 0.6084504587932353 1.0133109716272208 0.0 0.0 0.0 -0.057628642928076394 0.998338088782687
1629013207.078907251 0.6080351669270927 1.0136124801778523 0.0 0.0 0.0 -0.05762868786589439 0.9983380861886695
1629013207.379912376 0.6072039959789599 1.013992583988933 0.0 0.0 0.0 -0.05762866685393305 0.9983380874015768
1629013207.379912376 0.6080799526922359 1.0130892210136722 0.0 0.0 0.0 -0.0576286402576636 0.9983380889368355
1629013207.580000401 0.6082295582525397 1.0126309511371945 0.0 0.0 0.0 -0.05762859949747585 0.9983380912896991
1629013208.080886364 0.6077606536890137 1.0119820549338663 0.0 0.0 0.0 -0.05762858154401967 0.9983380923260537
1629013208.481552601 0.6086576117711704 1.0126654702379707 0.0 0.0 0.0 -0.0576285602121242 0.9983380935574269
1629013209.383306265 0.6092406517384903 1.01205481636744 0.0 0.0 0.0 -0.05762862908306564 0.9983380895818843
1629013209.483502388 0.6078230819602053 1.0109116318710147 0.0 0.0 0.0 -0.057628662044601126 0.9983380876791935
1629013209.483502388 0.6066073321519826 1.0120225109305723 0.0 0.0 0.0 -0.057628640995673476 0.9983380888942341
1629013209.784077168 0.6073931227833147 1.011732750741891 0.0 0.0 0.0 -0.057628624480473976 0.9983380898475669
1629013209.986763000 0.608106726782342 1.0119660680592604 0.0 0.0 0.0 -0.05762859755612548 0.9983380914017627
1629013209.986763000 0.6077224414109655 1.0118140057712328 0.0 0.0 0.0 -0.05762859658491301 0.9983380914578254
1629013210.385328293 0.607850549759199 1.0121034196926955 0.0 0.0 0.0 -0.05762852534860649 0.9983380955699052
1629013210.786072731 0.6080959980565056 1.0114050351555604 0.0 0.0 0.0 -0.05762856432740055 0.9983380933198746
1629013211.487395525 0.6077045047962798 1.0109262532966719 0.0 0.0 0.0 -0.057628598077621544 0.9983380913716595
1629013211.687815666 0.6075148617105876 1.0109927826132452 0.0 0.0 0.0 -0.05762850264566099 0.9983380968804201
1629013211.687815666 0.6069593944049174 1.010812582935177 0.0 0.0 0.0 -0.057628472212637775 0.9983380986371487
1629013212.089605808 0.6064627257010038 1.0108875021521726 0.0 0.0 0.0 -0.05762851699822208 0.9983380960519265
1629013212.389182568 0.6076834578620937 1.0118046070098656 0.0 0.0 0.0 -0.05762852790307841 0.9983380954224497
1629013212.489371300 0.6072184692740747 1.0118190031633 0.0 0.0 0.0 -0.05762857322695823 0.998338092806152
1629013212.790127516 0.6063746771607477 1.0115320271509913 0.0 0.0 0.0 -0.05762859147006105 0.9983380917530779
1629013213.491334200 0.6068273933617588 1.012322226476251 0.0 0.0 0.0 -0.0576285757432489 0.9983380926609005
1629013213.691732168 0.606048707706096 1.0133503356502453 0.0 0.0 0.0 -0.05762861277075355 0.9983380905235052
1629013213.892106056 0.6066773456512199 1.013104654165227 0.0 0.0 0.0 -0.05762863926765337 0.9983380889939834
1629013213.992370605 0.6070490144863616 1.013224338728987 0.0 0.0 0.0 -0.05762865147357146 0.9983380882894018
1629013214.192687035 0.6068669841098159 1.0138723699706185 0.0 0.0 0.0 -0.05762865252451818 0.9983380882287365
1629013214.394271851 0.6067992677385995 1.0123204089863709 0.0 0.0 0.0 -0.057628735655030676 0.9983380834300586
1629013214.793873310 0.607705187035288 1.01240982740333 0.0 0.0 0.0 -0.057628785656034485 0.9983380805437659
1629013214.793873310 0.6067237874999699 1.0126825252551699 0.0 0.0 0.0 -0.05762879511120404 0.9983380799979689
1629013215.094453812 0.6072699303095731 1.0135533249020028 0.0 0.0 0.0 -0.0576288087911679 0.9983380792082965
1629013215.094453812 0.6074859915698293 1.0143725559895993 0.0 0.0 0.0 -0.05762874637146672 0.9983380828114558
1629013215.595432520 0.607928797103563 1.0138770053642552 0.0 0.0 0.0 -0.057628756935535916 0.9983380822016482
1629013215.695641518 0.6075780010825818 1.0151504508780156 0.0 0.0 0.0 -0.057628811791413666 0.9983380790351082
1629013215.795802355 0.6081466380189265 1.0154160244715085 0.0 0.0 0.0 -0.057628808648703296 0.9983380792165203
1629013215.795802355 0.6072019823078764 1.0167297717854689 0.0 0.0 0.0 -0.05762879549096556 0.9983380799760472
1629013215.996199131 0.6090169673665052 1.0162194727737994 0.0 0.0 0.0 -0.05762881710297582 0.9983380787284996
1629013216.196589470 0.6096597962800129 1.0175530144553577 0.0 0.0 0.0 -0.05762879225679723 0.9983380801627387
1629013216.497184753 0.6095900405800225 1.0171017159862847 0.0 0.0 0.0 -0.057628827343811986 0.9983380781373498
1629013216.597385406 0.608867909106702 1.0179711730133225 0.0 0.0 0.0 -0.05762879870196555 0.9983380797906931
1629013216.597385406 0.6083772332368982 1.0186605544191105 0.0 0.0 0.0 -0.05762871987002384 0.9983380843412427
1629013217.098364115 0.607905926114491 1.0183763275241382 0.0 0.0 0.0 -0.05762869501650502 0.9983380857759032
1629013217.499140263 0.60943346822074 1.0184534003410528 0.0 0.0 0.0 -0.057628705542036696 0.9983380851683208
1629013217.599331856 0.6087992675540043 1.0195995803458813 0.0 0.0 0.0 -0.05762869907116845 0.9983380855418492
1629013217.599331856 0.6089667419972012 1.0186926843908932 0.0 0.0 0.0 -0.0576286651618236 0.9983380874992531
1629013217.799716949 0.6085473023778101 1.0200681607380746 0.0 0.0 0.0 -0.05762866165845779 0.9983380877014835
1629013217.799716949 0.6075377383890445 1.0212962096505431 0.0 0.0 0.0 -0.057628644336148824 0.9983380887014066
1629013218.100379467 0.6069416269790366 1.0218287431535285 0.0 0.0 0.0 -0.05762865331284126 0.9983380881832308
1629013218.200509548 0.6071178975959144 1.0212822042245906 0.0 0.0 0.0 -0.05762863741751847 0.9983380891007816
1629013218.200509548 0.6074861103163537 1.0217131887826911 0.0 0.0 0.0 -0.05762860133341978 0.9983380911837201
1629013219.406359673 0.6091048370184152 1.0209786549347921 0.0 0.0 0.0 -0.05762860793165028 0.9983380908028403
1629013219.503051281 0.6090224479537528 1.0203805387722555 0.0 0.0 0.0 -0.057628618347174025 0.9983380902016089
1629013219.804655790 0.6090678996463699 1.02087882595994 0.0 0.0 0.0 -0.05762860675966412 0.9983380908704926
1629013220.204417229 0.6082697850217162 1.0218514420207732 0.0 0.0 0.0 -0.0576286345469291 0.9983380892664852
1629013220.806005239 0.6083502315493836 1.0217166752706106 0.0 0.0 0.0 -0.05762864573719188 0.998338088620532
1629013221.106210232 0.6073140424767077 1.0220352842522997 0.0 0.0 0.0 -0.057628628294825936 0.9983380896273851
1629013221.406772852 0.6060934261398263 1.0211435025699422 0.0 0.0 0.0 -0.05762861978125397 0.9983380901188272
1629013221.607167244 0.6058464162889475 1.0208583610582442 0.0 0.0 0.0 -0.057628621698613824 0.9983380900081485
1629013221.707352638 0.6058066874749192 1.0198085655376643 0.0 0.0 0.0 -0.05762855991066718 0.9983380935748283
1629013221.807577133 0.6062250332175939 1.0194506789271416 0.0 0.0 0.0 -0.05762853109882841 0.9983380952379767
1629013221.907737732 0.605163155623152 1.0193473011056498 0.0 0.0 0.0 -0.05762858529038746 0.9983380921097965
1629013223.711259842 0.6051193631631584 1.0198101657074308 0.0 0.0 0.0 -0.05762860777920527 0.99833809081164
1629013223.911646843 0.6053474318042196 1.0193054737751261 0.0 0.0 0.0 -0.05762860736109517 0.9983380908357753
1629013224.012077093 0.6054563738278209 1.0193095002936932 0.0 0.0 0.0 -0.0576286209766171 0.9983380900498254
1629013224.012077093 5.730750915759761 2.9847691339817177 0.0 0.0 0.0 -0.45635163173102156 0.8897995213622191
1629013224.212237358 5.72953805112509 2.984904986883128 0.0 0.0 0.0 -0.45635162470268054 0.8897995249668454
1629013224.813429356 5.729638717887007 2.985617942881557 0.0 0.0 0.0 -0.45635162674124213 0.889799523921328
1629013225.014685154 5.729015762319108 2.9870631631800633 0.0 0.0 0.0 -0.45635158924936087 0.8897995431497943
1629013225.114006281 5.727511977871846 2.987019444664258 0.0 0.0 0.0 -0.4563516087271102 0.8897995331602386
1629013225.314388275 5.726964989276259 2.9872540775074565 0.0 0.0 0.0 -0.45635161105250155 0.8897995319676149
1629013227.618903399 5.728017802882185 2.987235955191883 0.0 0.0 0.0 -0.45635159111754126 0.8897995421916605
1629013224.813429356 5.473127341836263 3.2364109344437426 0.0 0.0 0.0 -0.49575875614284765 0.8684602787161291
1629013225.014685154 5.386106712936977 3.3688409247950633 0.0 0.0 0.0 -0.47504484135267694 0.8799615893345629
1629013225.114006281 5.3427372438720955 3.4335509967319204 0.0 0.0 0.0 -0.46304435659413473 0.8863351080862835
1629013225.314388275 5.260814612340673 3.5344990330965085 0.0 0.0 0.0 -0.4359284339939732 0.899981333381733
1629013225.514781952 5.1619005464585515 3.6503488257194947 0.0 0.0 0.0 -0.4069913251285753 0.9134320233438755
1629013225.614995480 5.114736598192695 3.702914608629594 0.0 0.0 0.0 -0.3916065091861975 0.9201327849625839
1629013225.715173721 5.068887950486385 3.7400752975510185 0.0 0.0 0.0 -0.3741395019614805 0.9273724349321665
1629013225.816148996 5.01793963238036 3.77389044619388 0.0 0.0 0.0 -0.3581129223892334 0.9336782822888422
1629013225.915573120 4.964210472769331 3.7904991054466124 0.0 0.0 0.0 -0.34014696769202263 0.9403722881762957
1629013226.015756130 4.9096327234394765 3.8244029102321115 0.0 0.0 0.0 -0.32030097463261065 0.9473158320483194
1629013227.618903399 4.9091000615548905 3.824958218007151 0.0 0.0 0.0 -0.32030098987031397 0.9473158268962347
1629013227.819284201 4.910004716483252 3.825476883409405 0.0 0.0 0.0 -0.3203009674915119 0.9473158344628266
1629013228.220059395 4.90961767309369 3.8253094341898284 0.0 0.0 0.0 -0.32030093475373245 0.9473158455319352
1629013228.420449734 4.910227254324809 3.8242384585493188 0.0 0.0 0.0 -0.32030092647113256 0.9473158483323997
1629013228.620867252 4.909239375810879 3.824236537915586 0.0 0.0 0.0 -0.3203009254509888 0.9473158486773248
1629013228.821250439 4.90931860462692 3.8244775733361593 0.0 0.0 0.0 -0.3203009485993816 0.9473158408505246
1629013228.220059395 3.710929965880357 3.9257732060122246 0.0 0.0 0.0 -0.021298564559909312 0.9997731598456159
1629013228.420449734 3.7276916666858013 3.9281522503228645 0.0 0.0 0.0 -0.016349872565465776 0.999866331899966
1629013228.620867252 3.77300895662919 3.9374280288021586 0.0 0.0 0.0 -0.004831607869005015 0.9999883277145789
1629013228.821250439 3.8454675681220896 3.938045792909138 0.0 0.0 0.0 0.015590353999875366 0.9998784630454636
1629013229.021659851 3.930031394453855 3.945782109328587 0.0 0.0 0.0 0.044014373037387505 0.9990308979036262
1629013229.121829271 3.9746178277554933 3.961449783569015 0.0 0.0 0.0 0.05982221440116925 0.9982090475767792
1629013229.222027302 4.024784029148282 3.967282329492472 0.0 0.0 0.0 0.0766275044916095 0.9970597903613345
1629013229.422421217 4.1352062392872835 3.986560002544863 0.0 0.0 0.0 0.11285614628462026 0.9936113376193855
1629013230.023580551 4.134899431342823 3.986428143383182 0.0 0.0 0.0 0.11285613898222237 0.9936113384488048
1629013230.123798370 4.134926869793324 3.987426017169052 0.0 0.0 0.0 0.11285614066923193 0.9936113382571913
1629013230.223979473 4.13524377094475 3.9874173167758804 0.0 0.0 0.0 0.11285609934299067 0.9936113429510983
1629013230.223979473 4.135262809650523 3.988063858861056 0.0 0.0 0.0 0.11285604859914032 0.9936113487146715
1629013230.424386501 4.134039350685439 3.988060743457774 0.0 0.0 0.0 0.11285606848816802 0.9936113464556421
1629013230.624771357 4.133791901673456 3.9879994604109936 0.0 0.0 0.0 0.1128561511600867 0.9936113370656213
1629013230.724998474 4.1326146117817935 3.9876687431942783 0.0 0.0 0.0 0.11285624889408363 0.9936113259648144
1629013230.624771357 4.7414378509229484 4.150005445016667 0.0 0.0 0.0 0.3374391469842161 0.9413473440141873
1629013230.724998474 4.783922156499545 4.169227289442122 0.0 0.0 0.0 0.3439698270453686 0.9389807016559921
1629013231.125766754 4.784082263685458 4.169452396666433 0.0 0.0 0.0 0.3439698758856238 0.9389806837647027
1629013231.225924015 4.784751711306972 4.171382648911733 0.0 0.0 0.0 0.343969833265107 0.9389806993775615
1629013231.426332474 4.785188698150844 4.170992546398726 0.0 0.0 0.0 0.34396980304529495 0.9389807104477604
1629013231.726910353 4.784014086594372 4.169867052886519 0.0 0.0 0.0 0.34396981193271053 0.9389807071920997
1629013231.927503109 4.783938603926557 4.170606925870456 0.0 0.0 0.0 0.3439698334329526 0.9389806993160759
1629013232.027493000 4.78577930955714 4.171389587027601 0.0 0.0 0.0 0.343969839295819 0.9389806971683755
1629013232.027493000 4.78570839644499 4.171039476370809 0.0 0.0 0.0 0.343969866379119 0.9389806872471504
1629013232.227927685 4.785616772752657 4.171312715884128 0.0 0.0 0.0 0.34396991270663213 0.9389806702763331
1629013232.328094959 4.785898935861543 4.171939033300464 0.0 0.0 0.0 0.3439699355040464 0.938980661925123
1629013232.428275108 4.785421522752803 4.171270340316716 0.0 0.0 0.0 0.34396995173584927 0.9389806559790449
1629013232.528468847 4.7859969610757735 4.171726061211791 0.0 0.0 0.0 0.3439699646197312 0.9389806512593861
1629013232.628664970 4.786261120019488 4.172160377841146 0.0 0.0 0.0 0.34396998722315336 0.9389806429792382
1629013232.728875399 4.786667982521173 4.172851520288141 0.0 0.0 0.0 0.343969977660938 0.9389806464820954
1629013233.129659176 4.786224382963471 4.173046288929545 0.0 0.0 0.0 0.3439699937873277 0.9389806405746317
1629013233.430244684 4.786724136301439 4.172929614020685 0.0 0.0 0.0 0.34396996672512437 0.9389806504881327
1629013233.530465126 4.786100340549752 4.17228499579969 0.0 0.0 0.0 0.34396997718855377 0.9389806466551405
1629013233.530465126 4.786841333104779 4.172430752130023 0.0 0.0 0.0 0.34396996987735384 0.9389806493333993
1629013233.730814695 4.787097350801206 4.171970427322707 0.0 0.0 0.0 0.343969968796593 0.9389806497293066
1629013234.632601976 4.787493477974978 4.170721753687331 0.0 0.0 0.0 0.34396995541704317 0.9389806546305399
1629013235.033603668 4.7867233887591585 4.170600845483028 0.0 0.0 0.0 0.3439699559423819 0.9389806544380964
1629013235.133549213 4.786380228383563 4.170100662374527 0.0 0.0 0.0 0.34396995397320906 0.9389806551594492
1629013235.133549213 4.786853932684228 4.16841577916587 0.0 0.0 0.0 0.34396999471633255 0.938980640234316
1629013235.534484386 4.786658411555528 4.1688022848564605 0.0 0.0 0.0 0.34396999497182185 0.9389806401407246
1629013236.035361052 4.786570259167602 4.167602451419984 0.0 0.0 0.0 0.34397003874093474 0.9389806241071005
1629013236.335923672 4.78618009280313 4.166908377734413 0.0 0.0 0.0 0.34396995377720585 0.9389806552312496
1629013236.536616802 4.786390145769138 4.1653564523343825 0.0 0.0 0.0 0.3439700140520944 0.938980633151186
1629013236.736684799 4.786166014980501 4.165527765240527 0.0 0.0 0.0 0.3439700158237033 0.9389806325022052
1629013237.037281513 4.785624984472054 4.165193289471102 0.0 0.0 0.0 0.3439700524910738 0.9389806190701104
1629013237.137472868 4.787131649026505 4.164903680174807 0.0 0.0 0.0 0.34397004792359903 0.9389806207432808
1629013237.237663746 4.786279211955907 4.165324859952515 0.0 0.0 0.0 0.34397002531833315 0.9389806290241057
1629013237.337888718 4.78603711267252 4.165003548004146 0.0 0.0 0.0 0.3439700042824624 0.9389806367300249
1629013237.337888718 4.784860023950446 4.164876787477187 0.0 0.0 0.0 0.34396999311663917 0.9389806408203202
1629013237.738643646 4.785813675348595 4.16335837182217 0.0 0.0 0.0 0.343969952604599 0.9389806556608021
1629013238.239623070 4.786966521376017 4.163127257141746 0.0 0.0 0.0 0.34396996122844864 0.93898065250169
1629013238.441780090 4.786681820469451 4.162724877400799 0.0 0.0 0.0 0.3439699530235506 0.9389806555073307
1629013238.640418053 4.788499056762382 4.162229518291814 0.0 0.0 0.0 0.3439699462807605 0.9389806579773678
1629013238.941011429 4.788433670922352 4.161464387201912 0.0 0.0 0.0 0.3439699448408484 0.9389806585048404
1629013239.041179180 4.788877045651585 4.161920315784885 0.0 0.0 0.0 0.3439699167374896 0.9389806687997386
1629013239.141399860 4.789794513149654 4.1618625015394315 0.0 0.0 0.0 0.34396997210152136 0.9389806485186362
1629013239.141399860 4.790446548774 4.161350614890833 0.0 0.0 0.0 0.3439699880819541 0.93898064266464
1629013239.542208195 4.790523031305671 4.1606009347183806 0.0 0.0 0.0 0.34396994098450007 0.9389806599175083
1629013239.942944527 4.7897360608094495 4.159320596372621 0.0 0.0 0.0 0.3439699449219099 0.9389806584751458
1629013240.043147087 4.7910399526164245 4.15897814762626 0.0 0.0 0.0 0.34396992985888697 0.9389806639930731
1629013240.143421173 4.791690007296575 4.1582505460966 0.0 0.0 0.0 0.3439699285490045 0.9389806644729127
1629013240.443916321 4.791355526999938 4.159315051995398 0.0 0.0 0.0 0.3439699334910042 0.9389806626625461
1629013240.544137478 4.7902982674639984 4.159329955970075 0.0 0.0 0.0 0.3439699039778296 0.9389806734738914
1629013240.644346952 4.790610075139 4.158783386770997 0.0 0.0 0.0 0.34396991177072017 0.9389806706191789
1629013241.045111418 4.790936558072254 4.157659963749913 0.0 0.0 0.0 0.34396990126083504 0.9389806744691881
1629013241.245482445 4.7895613164766075 4.158001030179503 0.0 0.0 0.0 0.34396989571087677 0.9389806765022636
1629013241.245482445 4.790972776631962 4.1575557161203855 0.0 0.0 0.0 0.3439698886811325 0.9389806790774181
1629013241.646275520 4.790688749261047 4.157925751784572 0.0 0.0 0.0 0.34396991220486367 0.9389806704601423
1629013241.746649981 4.789699304403123 4.156845787555189 0.0 0.0 0.0 0.3439699373506302 0.9389806612486774
1629013241.846660614 4.789692441175083 4.156650799125423 0.0 0.0 0.0 0.34396994492674415 0.9389806584733749
1629013241.846660614 4.790303448528247 4.156608895334459 0.0 0.0 0.0 0.3439699569656002 0.9389806540632684
1629013242.247446537 4.79152598164802 4.156304047084014 0.0 0.0 0.0 0.3439699200907698 0.938980667571356
1629013242.347635746 4.790455696967043 4.155745782575929 0.0 0.0 0.0 0.34396990640940023 0.938980672583152
1629013242.347635746 4.791263712220359 4.154896310909746 0.0 0.0 0.0 0.34396990998923027 0.9389806712717791
1629013242.748418331 4.791985823255996 4.155188070794241 0.0 0.0 0.0 0.34396988162729514 0.9389806816613985
1629013242.948856115 4.792642413182384 4.155885360239417 0.0 0.0 0.0 0.3439698577260495 0.9389806904169655
1629013243.049047709 4.792097370812676 4.15476129763423 0.0 0.0 0.0 0.343969858891992 0.9389806899898544
1629013243.049047709 4.791735319772846 4.154791844994852 0.0 0.0 0.0 0.3439698477642236 0.9389806940662075
1629013243.550235271 4.791832961328298 4.153595430532 0.0 0.0 0.0 0.34396987619951447 0.9389806836497174
1629013243.750394821 4.7919230546725915 4.153417393472452 0.0 0.0 0.0 0.34396990262730825 0.938980673968618
1629013243.850748301 4.791114164637461 4.1540058896127094 0.0 0.0 0.0 0.3439698795543435 0.9389806824207676
1629013244.051008224 4.792160881135929 4.15474473869732 0.0 0.0 0.0 0.34396990281355516 0.9389806739003915
1629013244.051008224 4.79040215110163 4.154442788667477 0.0 0.0 0.0 0.34396991001949706 0.9389806712606916
1629013244.351556540 4.788794921415813 4.154631453952337 0.0 0.0 0.0 0.3439699241006005 0.9389806661024641
1629013244.551958561 4.788159443730469 4.154587207716408 0.0 0.0 0.0 0.3439699321524105 0.9389806631529033
1629013244.752338409 4.787707347568972 4.155581633285344 0.0 0.0 0.0 0.343969941705624 0.9389806596533443
1629013245.052947521 4.7880026843456625 4.155124003562133 0.0 0.0 0.0 0.34396989048843635 0.9389806784153618
1629013245.253318071 4.788317457202051 4.153404064407673 0.0 0.0 0.0 0.3439699103073301 0.9389806711552519
1629013245.654092550 4.788332060256374 4.153949466307031 0.0 0.0 0.0 0.3439698940997339 0.9389806770924617
1629013245.858057976 4.787518526952876 4.154102700677439 0.0 0.0 0.0 0.3439698849167244 0.938980680456406
1629013245.954675913 4.787145002668177 4.153352516336029 0.0 0.0 0.0 0.34396986725309714 0.9389806869269925
1629013246.255266666 4.786494825760011 4.154330916901363 0.0 0.0 0.0 0.3439699107577158 0.9389806709902654
1629013246.555862904 4.786158712362343 4.1548557110568165 0.0 0.0 0.0 0.34396991164803725 0.9389806706641205
1629013246.956682920 4.787553712615142 4.154836040805035 0.0 0.0 0.0 0.34396994730597963 0.9389806576018068
1629013247.057110310 4.788458373525222 4.15592076908414 0.0 0.0 0.0 0.3439699418002181 0.9389806596186924
1629013247.157055855 4.787670093265349 4.155665055263459 0.0 0.0 0.0 0.3439699250370593 0.938980665759418
1629013247.157055855 4.787582198293405 4.155096835831893 0.0 0.0 0.0 0.34396994459765695 0.938980658593927
1629013247.358104467 4.788305623400765 4.156314381213563 0.0 0.0 0.0 0.3439699823762403 0.9389806447547728
1629013247.557822704 4.789431845146044 4.1556970009767955 0.0 0.0 0.0 0.34397000242694065 0.9389806374097447
1629013247.958601952 4.790077833121869 4.156187142223 0.0 0.0 0.0 0.3439700045520013 0.9389806366312866
1629013248.259931803 4.790562242566257 4.155900691690894 0.0 0.0 0.0 0.3439699963900355 0.9389806396212006
1629013248.359395504 4.792884323043227 4.156277357288369 0.0 0.0 0.0 0.3439700109995615 0.9389806342693983
1629013248.459567547 4.792849949349058 4.1562271844003496 0.0 0.0 0.0 0.3439700528546197 0.9389806189369353
1629013248.559775829 4.792026628249448 4.157268470062512 0.0 0.0 0.0 0.34397007344516944 0.9389806113941462
1629013248.559775829 4.79183261476597 4.15713103655896 0.0 0.0 0.0 0.34397001334762556 0.9389806334092489
1629013248.960558414 4.790825173642446 4.157343200961547 0.0 0.0 0.0 0.3439700354361384 0.9389806253177228
1629013249.261137486 4.79120513197066 4.157368099963297 0.0 0.0 0.0 0.34397003998927755 0.938980623649804
1629013249.461553097 4.790574861143943 4.1566325195789355 0.0 0.0 0.0 0.34397004583827034 0.9389806215071843
1629013249.661929369 4.790781951045102 4.156623909183372 0.0 0.0 0.0 0.34397006451064616 0.9389806146670665
1629013250.263106346 4.790929783525208 4.156833102155204 0.0 0.0 0.0 0.3439700155555102 0.9389806326004504
1629013250.363283634 4.7894306803024715 4.155825697360213 0.0 0.0 0.0 0.34397001767001534 0.938980631825859
1629013250.463474512 4.789647989039096 4.1562026467808035 0.0 0.0 0.0 0.3439699981473573 0.9389806389774535
1629013250.463474512 4.790036400595176 4.156277201513923 0.0 0.0 0.0 0.3439699838684442 0.9389806442081446
1629013250.666935921 4.790718941658821 4.156717656115646 0.0 0.0 0.0 0.34396996824230636 0.9389806499323544
1629013250.864261150 4.790923272311439 4.15704506637264 0.0 0.0 0.0 0.3439699842065089 0.9389806440843038
1629013251.365235329 4.791162562583371 4.156706266956277 0.0 0.0 0.0 0.34396998852274446 0.9389806425031685
1629013251.465437651 4.790267330256677 4.156903343212299 0.0 0.0 0.0 0.3439699798910904 0.9389806456651398
1629013251.565629005 4.790034864363044 4.156370528946433 0.0 0.0 0.0 0.343969935756202 0.9389806618327527
1629013252.166831970 4.789412616464435 4.154526754598612 0.0 0.0 0.0 0.3439699354311131 0.9389806619518402
1629013252.367221832 4.7898700793190825 4.153187425105171 0.0 0.0 0.0 0.34396994880115966 0.9389806570540884
1629013252.467393875 4.791266774445605 4.152541933798687 0.0 0.0 0.0 0.343969922862199 0.9389806665561187
1629013252.567692995 4.790019594240291 4.153734120346529 0.0 0.0 0.0 0.34396995379297224 0.938980655225474
1629013252.667804718 4.790640305838334 4.153784238815172 0.0 0.0 0.0 0.3439699510671895 0.9389806562239902
1629013252.667804718 4.790951005860024 4.153683517226264 0.0 0.0 0.0 0.3439699863083069 0.9389806433143674
1629013252.868175983 4.79028701331182 4.152949577110816 0.0 0.0 0.0 0.34397001464197724 0.9389806329350984
1629013253.068570137 4.790057964958115 4.153267020476298 0.0 0.0 0.0 0.34396998177915294 0.9389806449734995
1629013253.168779850 4.790248649501201 4.152472911103842 0.0 0.0 0.0 0.34396997094703696 0.9389806489415501
1629013253.168779850 4.790102096988329 4.152343083513023 0.0 0.0 0.0 0.3439699572851635 0.938980653946205
1629013253.769940376 4.789749932286856 4.152838721888832 0.0 0.0 0.0 0.34396993159769185 0.9389806633561094
1629013253.970323563 4.788458403139832 4.1528679533226915 0.0 0.0 0.0 0.3439699016491797 0.9389806743269287
1629013254.070553541 4.787598089288171 4.152502673329292 0.0 0.0 0.0 0.343969907395518 0.9389806722219147
1629013254.170717239 4.788579892217178 4.1527984303089704 0.0 0.0 0.0 0.34396987879247337 0.9389806826998579
1629013254.170717239 4.788372695353072 4.152715998137041 0.0 0.0 0.0 0.34396984101374173 0.9389806965390616
1629013254.771917343 4.788814877577648 4.152404236147643 0.0 0.0 0.0 0.3439698262909039 0.9389807019323695
1629013254.972341061 4.789876067284704 4.152618044188263 0.0 0.0 0.0 0.3439698420141482 0.9389806961725901
1629013255.573482752 4.7882814371150255 4.152310769086392 0.0 0.0 0.0 0.3439697834149857 0.9389807176387851
1629013255.974318027 4.7882707220921015 4.153295780959589 0.0 0.0 0.0 0.3439697759589285 0.9389807203701067
1629013256.074461937 4.78818806648876 4.1540853792674755 0.0 0.0 0.0 0.3439697807549382 0.9389807186132204
1629013256.174642801 4.7886304461424 4.1534644872786854 0.0 0.0 0.0 0.3439698002320148 0.9389807114783284
1629013256.876011133 4.789236605691683 4.15299507712069 0.0 0.0 0.0 0.3439697870949285 0.9389807162907392
1629013257.076419830 4.789687117632965 4.151782927142592 0.0 0.0 0.0 0.34396977989149946 0.9389807189295174
1629013257.276793480 4.789352726885722 4.151801109757319 0.0 0.0 0.0 0.3439697792278849 0.9389807191726144
1629013256.074461937 7.5756963234026955 -3.030951550842033 0.0 0.0 0.0 0.8587588395802462 0.5123799912592107
1629013256.174642801 7.575246189737437 -3.031593610019145 0.0 0.0 0.0 0.8584397367971208 0.5129144356397956
1629013256.876011133 7.571603776610573 -3.032275449580462 0.0 0.0 0.0 0.8576222852470069 0.5142800947418649
1629013257.076419830 7.569703700844416 -3.031921476621294 0.0 0.0 0.0 0.8571780536706632 0.5150201785419417
1629013257.276793480 7.564770749590579 -3.031456284258259 0.0 0.0 0.0 0.8558777219503979 0.5171782333673733
1629013258.078352928 7.488282988096867 -3.0356740764976315 0.0 0.0 0.0 0.8349505096480196 0.5503250370812801
1629013258.579374075 7.487523439363222 -3.0362242968974966 0.0 0.0 0.0 0.8349504854680817 0.5503250737669642
1629013258.779723406 7.487654540524787 -3.0371136722312198 0.0 0.0 0.0 0.8349504700666578 0.550325097133928
1629013258.980110645 7.486744391406944 -3.037809192345508 0.0 0.0 0.0 0.8349504768153356 0.5503250868948677
1629013259.581286430 7.487569478351835 -3.037372100088703 0.0 0.0 0.0 0.8349504925683653 0.5503250629944489
1629013258.779723406 7.387809076939725 -2.936073576233167 0.0 0.0 0.0 0.7963067508815251 0.6048930140946486
1629013258.980110645 7.381187046494621 -2.922107684407502 0.0 0.0 0.0 0.7847320092972583 0.6198351987297008
1629013259.581286430 7.37080252282427 -2.9154885662815033 0.0 0.0 0.0 0.7483496809251964 0.6633044211062947
1629013260.082254410 7.375634135085202 -2.903878207371367 0.0 0.0 0.0 0.7092636900467987 0.7049432728817253
1629013260.182537079 7.38541723603966 -2.8992270339422226 0.0 0.0 0.0 0.7008862302603381 0.7132730839106802
1629013260.382846355 7.392532221926755 -2.894701386014209 0.0 0.0 0.0 0.6836586564842593 0.7298019193001192
1629013260.683427811 7.4171958144672985 -2.880184844061206 0.0 0.0 0.0 0.6560785917474938 0.7546925741324247
1629013260.783623695 7.425602796611311 -2.8700531336656896 0.0 0.0 0.0 0.6464392802224126 0.7629654362980862
1629013260.984056950 7.4476298399578305 -2.8093524596695256 0.0 0.0 0.0 0.6269798181488634 0.7790354983144339
1629013261.184803009 7.4842427551987285 -2.692546641005516 0.0 0.0 0.0 0.6059740823699972 0.7954843879648675
1629013262.687365055 7.48386500912602 -2.692767022446673 0.0 0.0 0.0 0.6059740726329359 0.7954843953822434
1629013262.787581205 7.482432615201958 -2.6924082444183357 0.0 0.0 0.0 0.6059740995439777 0.7954843748822885
1629013262.887779713 7.480595113174282 -2.6919389985813074 0.0 0.0 0.0 0.6059741067861321 0.7954843693654511
1629013263.088128090 7.479533804407339 -2.6915096488372483 0.0 0.0 0.0 0.6059741692223981 0.7954843218035315
1629013263.088128090 7.479791506427604 -2.6917276113320026 0.0 0.0 0.0 0.6059741454860225 0.7954843398851325
1629013263.388790369 7.480044274923821 -2.6928891634661305 0.0 0.0 0.0 0.6059741484230767 0.7954843376477798
1629013263.589112759 7.479987789635548 -2.6930997825285226 0.0 0.0 0.0 0.6059741904105278 0.7954843056631007
1629013263.689300060 7.480288109725976 -2.6926605631883085 0.0 0.0 0.0 0.6059741933995654 0.7954843033861486
1629013263.689300060 7.48035976669624 -2.6933178122954544 0.0 0.0 0.0 0.6059741656119577 0.795484324553848
1629013264.691281557 7.479479879786177 -2.692909107593633 0.0 0.0 0.0 0.6059741563236978 0.7954843316293431
1629013265.292447567 7.47921334119915 -2.6934192673357877 0.0 0.0 0.0 0.6059741510289502 0.7954843356627099
1629013265.292447567 8.481771518718588 -1.3570346934912554 0.0 0.0 0.0 0.46240659536469414 0.8866679990634782
1629013265.893932343 8.630788137489208 -1.1845438891445146 0.0 0.0 0.0 0.5795631147170561 0.8149273563081953
1629013266.795362473 8.694361996958948 -0.8745874947903254 0.0 0.0 0.0 0.73734424277832 0.6755171853044641
1629013266.996018648 8.727159843673599 -0.5540228129174275 0.0 0.0 0.0 0.828454865556376 0.5600558326952474
1629013267.296465397 8.651080628732624 -0.34984979041772035 0.0 0.0 0.0 0.8722813551863582 0.48900433269476296
1629013267.396602631 8.617211700431444 -0.2744394240546032 0.0 0.0 0.0 0.883528964506446 0.4683765246873152
1629013267.596940279 8.617473623627125 -0.27398216946300413 0.0 0.0 0.0 0.8835289418638382 0.4683765673995298
1629013268.498708248 8.616437432769528 -0.2743773829704477 0.0 0.0 0.0 0.883528942556565 0.46837656609279466
1629013269.099856377 8.617533722114844 -0.2737928093076889 0.0 0.0 0.0 0.8835289449645991 0.4683765615503645
1629013269.200072765 8.617582000572185 -0.27396456242782186 0.0 0.0 0.0 0.883528940341534 0.4683765702711506
1629013269.400448322 8.615824156988047 -0.2748052606944714 0.0 0.0 0.0 0.8835289346387859 0.46837658102861207
1629013269.500660896 8.61631007251245 -0.27547191760279094 0.0 0.0 0.0 0.8835289253524763 0.4683765985459761
1629013269.600833416 8.616265370572304 -0.276042634752204 0.0 0.0 0.0 0.8835289309205443 0.4683765880425707
1629013269.702066660 8.61729239364373 -0.2761894395785074 0.0 0.0 0.0 0.8835289189860921 0.46837661055529606
1629013269.801248312 8.618775733394047 -0.27634759384697444 0.0 0.0 0.0 0.8835289196469189 0.46837660930873587
1629013269.801248312 8.619140182177519 -0.2774621657269873 0.0 0.0 0.0 0.88352891754162 0.46837661328009667
1629013269.901425600 8.618473566176545 -0.2779945801304089 0.0 0.0 0.0 0.8835289243745379 0.4683766003907242
1629013270.202024698 8.617559645894135 -0.27871221946125324 0.0 0.0 0.0 0.8835289311839376 0.4683765875457151
1629013270.302225113 8.617147011775616 -0.2790830512574131 0.0 0.0 0.0 0.8835289564419108 0.46837653989996997
1629013270.403551102 8.61632157711667 -0.27953864543521995 0.0 0.0 0.0 0.8835289483368731 0.4683765551890264
1629013270.602983952 8.615437716619683 -0.28016951625449293 0.0 0.0 0.0 0.883528961740192 0.4683765299054792
1629013270.702999592 8.61583103782485 -0.28092216407374015 0.0 0.0 0.0 0.8835289682273761 0.4683765176682838
1629013270.702999592 8.61592179448847 -0.28124870276845976 0.0 0.0 0.0 0.8835289738185214 0.46837650712134415
1629013270.903461933 8.615678190184493 -0.2824943264647896 0.0 0.0 0.0 0.8835289895005798 0.46837647753925943
1629013271.204852819 8.61610229230435 -0.28371746546909804 0.0 0.0 0.0 0.8835290090674932 0.46837644062891703
1629013271.404375553 8.616110148403514 -0.28365296419416763 0.0 0.0 0.0 0.8835290196684488 0.46837642063164314
1629013271.805147171 8.615736558847859 -0.282052417541933 0.0 0.0 0.0 0.8835290206294175 0.46837641881890496
1629013271.905340433 8.615421441988898 -0.28182099778780834 0.0 0.0 0.0 0.8835290291947108 0.46837640266163283
1629013271.905340433 8.615931559125904 -0.2812213026931751 0.0 0.0 0.0 0.8835290356267052 0.46837639052854113
1629013272.206001997 8.617082152863453 -0.2813082892796497 0.0 0.0 0.0 0.8835290338070187 0.4683763939611345
1629013272.707123518 8.617109825102325 -0.2810992650778536 0.0 0.0 0.0 0.8835290296182592 0.4683764018626656
1629013273.207884312 8.61754913050195 -0.28173248674503215 0.0 0.0 0.0 0.8835290266365825 0.4683764074871972
1629013273.408269882 8.617007343711734 -0.2818593604187968 0.0 0.0 0.0 0.883529006975905 0.46837644457441624
1629013273.809125662 8.617534681048676 -0.27998959394461104 0.0 0.0 0.0 0.8835289966869057 0.46837646398322563
1629013274.009464025 8.6180211403603 -0.2804318241386576 0.0 0.0 0.0 0.8835290144335232 0.4683764305066249
1629013275.311985254 8.617897594779588 -0.28010572786983906 0.0 0.0 0.0 0.8835290139113781 0.4683764314915813
1629013275.812977314 8.619132799071643 -0.2810525063651349 0.0 0.0 0.0 0.8835289883027695 0.4683764797987669
1629013275.913190365 8.619139434547833 -0.28107145169293496 0.0 0.0 0.0 0.8835290050642893 0.4683764481804214
1629013276.013378859 8.61993411467729 -0.28105388471439197 0.0 0.0 0.0 0.8835290020872905 0.4683764537961282
1629013276.013378859 8.619296486826588 -0.2813621475055476 0.0 0.0 0.0 0.8835290275317498 0.4683764057985847
1629013276.313955784 8.618344849563233 -0.2816677001891959 0.0 0.0 0.0 0.8835290416295429 0.46837637920499514
1629013276.514402390 8.618224674384997 -0.2810801574984376 0.0 0.0 0.0 0.8835290374957983 0.46837638700274836
1629013276.614527225 8.618317732675076 -0.2806150025729666 0.0 0.0 0.0 0.8835290535173391 0.46837635678026585
1629013277.015316010 8.618913308348306 -0.28130890439897327 0.0 0.0 0.0 0.8835290485290008 0.4683763661900955
1629013277.015316010 8.618529101931253 -0.28135452623281176 0.0 0.0 0.0 0.8835290388746009 0.4683763844018227
1629013277.215725422 8.61935104972093 -0.2796097826934743 0.0 0.0 0.0 0.8835290298464322 0.46837640143224785
1629013277.416112423 8.619295317569023 -0.27977613777256394 0.0 0.0 0.0 0.8835290191644014 0.4683764215824606
1629013277.616681337 8.617864956098058 -0.27927453026910454 0.0 0.0 0.0 0.8835290363395235 0.46837638918390523
1629013278.117462635 8.616606396046436 -0.277446911600659 0.0 0.0 0.0 0.8835290105989082 0.46837643774010906
1629013278.317893028 8.616570437887173 -0.277618831888305 0.0 0.0 0.0 0.8835290018133074 0.4683764543129603
1629013278.418324947 8.617667426078604 -0.2774425355558263 0.0 0.0 0.0 0.883528993978148 0.46837646909293146
1629013278.518271446 8.617882501762786 -0.2773352876072951 0.0 0.0 0.0 0.8835289843981655 0.4683764871642748
1629013278.518271446 8.619486530949125 -0.27688288230266755 0.0 0.0 0.0 0.8835289818503295 0.4683764919704236
1629013278.718654156 8.619943627417495 -0.27744556188805736 0.0 0.0 0.0 0.8835289857959611 0.4683764845275225
1629013278.919036388 8.621627398432997 -0.2774197067333151 0.0 0.0 0.0 0.8835289529716365 0.46837654644617277
1629013279.019241810 8.622001972253832 -0.27721772604036304 0.0 0.0 0.0 0.8835289653668611 0.4683765230642587
1629013279.019241810 8.621206046578518 -0.2765738303908615 0.0 0.0 0.0 0.8835289880566962 0.4683764802629508
1629013279.822077751 8.620458856048895 -0.276999222460621 0.0 0.0 0.0 0.8835290001093932 0.4683764575271648
1629013280.021559715 8.620233235055945 -0.27635799070414613 0.0 0.0 0.0 0.883528999188524 0.46837645926426014
1629013280.822953224 8.620517480670093 -0.27589413976739136 0.0 0.0 0.0 0.8835289844431814 0.4683764870793585
1629013281.023141384 8.619732729314315 -0.2754687496504131 0.0 0.0 0.0 0.8835289925713592 0.4683764717466486
1629013280.021559715 4.213621960338001 -0.03662847551362693 0.0 0.0 0.0 0.6227319581564862 0.7824352422345177
1629013280.822953224 4.166866646779156 -0.15381223358562632 0.0 0.0 0.0 0.6945070804989809 0.7194858686150702
1629013281.023141384 4.1650579492179665 -0.33695064358828003 0.0 0.0 0.0 0.7345111460001791 0.6785966227454302
1629013281.323719501 4.196665074265723 -0.5941249250683893 0.0 0.0 0.0 0.7874241762181335 0.6164115238273808
1629013281.524127960 4.19638536914701 -0.5935042626762066 0.0 0.0 0.0 0.7874241784131134 0.6164115210234421
1629013281.724548578 4.197158783683071 -0.5936785142624343 0.0 0.0 0.0 0.7874241630468776 0.6164115406527723
1629013281.824714661 4.197545211141758 -0.5950207071949979 0.0 0.0 0.0 0.787424148498864 0.6164115592368778
1629013281.824714661 4.19733027952848 -0.5953161092023818 0.0 0.0 0.0 0.7874241354152623 0.6164115759502952
1629013282.125304222 4.196602865095081 -0.5968488302191821 0.0 0.0 0.0 0.7874241193117797 0.6164115965214056
1629013282.225491524 4.196845015181811 -0.5967129667994868 0.0 0.0 0.0 0.7874240929183879 0.6164116302371768
1629013282.225491524 4.197929521230483 -0.5966338558651624 0.0 0.0 0.0 0.7874240645134765 0.616411666522525
1629013282.526069880 4.197946602933719 -0.5969656662227979 0.0 0.0 0.0 0.7874240656718059 0.6164116650428377
1629013283.027065277 4.198544561277706 -0.5977418481465594 0.0 0.0 0.0 0.7874240455785073 0.6164116907106619
1629013283.127244234 4.198204541522755 -0.5974174101648186 0.0 0.0 0.0 0.7874240133411005 0.6164117318917562
1629013283.227453947 4.197976566476269 -0.5979384601702695 0.0 0.0 0.0 0.7874239975211506 0.6164117521006645
1629013283.227453947 4.198250900740143 -0.5987653580137018 0.0 0.0 0.0 0.7874240029632402 0.6164117451487658
1629013283.728429317 4.197831058867244 -0.5992967519465455 0.0 0.0 0.0 0.7874239896881342 0.6164117621068089
1629013283.928811550 4.197718085389976 -0.5999919194192121 0.0 0.0 0.0 0.7874240140816103 0.6164117309458054
1629013284.029018402 4.196714316080787 -0.598217747690687 0.0 0.0 0.0 0.787424009371795 0.6164117369622737
1629013284.129204512 4.19636446091264 -0.5970256425161447 0.0 0.0 0.0 0.7874239853206253 0.6164117676860036
1629013284.129204512 4.196375527583792 -0.5968916462676207 0.0 0.0 0.0 0.7874240104612331 0.6164117355705907
1629013285.031048775 4.197219591679643 -0.5982012276783794 0.0 0.0 0.0 0.7874240225294675 0.616411720154243
1629013285.131157875 4.197006243692425 -0.5985840566802912 0.0 0.0 0.0 0.7874240205147112 0.6164117227279571
1629013285.131157875 4.197226784044239 -0.5981378512325216 0.0 0.0 0.0 0.7874240223150405 0.6164117204281587
1629013285.331543922 4.195817117811586 -0.5985169106134763 0.0 0.0 0.0 0.7874240181651195 0.6164117257294003
1629013285.331543922 4.195876214905965 -0.5981064552955122 0.0 0.0 0.0 0.7874239938560119 0.6164117567826293
1629013285.632148743 4.195353980495049 -0.5977711739438795 0.0 0.0 0.0 0.787424010484391 0.616411735541008
1629013285.732345343 4.1965648097008925 -0.5975155298471605 0.0 0.0 0.0 0.7874239827218303 0.6164117710057868
1629013285.732345343 4.196232071643044 -0.5972520091508926 0.0 0.0 0.0 0.787423990670253 0.616411760852219
1629013285.932733774 4.19538715759179 -0.596445850679942 0.0 0.0 0.0 0.7874239824522489 0.6164117713501588
1629013286.233335018 4.195119604965608 -0.5967184188955198 0.0 0.0 0.0 0.7874240049093671 0.6164117426627213
1629013287.335497141 4.195133803126545 -0.5976767303802226 0.0 0.0 0.0 0.7874240120753594 0.6164117335086544
1629013288.238262653 4.195424513077959 -0.5978165134652653 0.0 0.0 0.0 0.7874240481127174 0.6164116874733809
1629013289.139037371 4.19529389188024 -0.598937961616506 0.0 0.0 0.0 0.7874240382776777 0.6164117000369755
1629013289.239264727 4.195715825187773 -0.5992071055768667 0.0 0.0 0.0 0.7874240245919895 0.6164117175195114
1629013289.339389801 4.1962092212277735 -0.6007008016249152 0.0 0.0 0.0 0.7874240175404776 0.6164117265273378
1629013289.539778709 4.196040619106858 -0.6006227044222583 0.0 0.0 0.0 0.7874240002081935 0.6164117486681503
1629013289.539778709 4.197536270602949 -0.6005866040678395 0.0 0.0 0.0 0.7874240060515356 0.6164117412036788
1629013289.740151167 4.19815608012024 -0.6005484037482532 0.0 0.0 0.0 0.7874240066136556 0.6164117404856088
1629013289.940553188 4.198518064093217 -0.6020688321524853 0.0 0.0 0.0 0.7874240057802362 0.6164117415502454
1629013290.241132259 4.198185786297756 -0.6028010820147802 0.0 0.0 0.0 0.7874240010226418 0.6164117476277481
1629013290.642004013 4.1977551227856935 -0.6029415888896382 0.0 0.0 0.0 0.7874239888058323 0.6164117632338894
1629013290.942499161 4.196769851314952 -0.6028509954483028 0.0 0.0 0.0 0.7874239936459863 0.6164117570509227
1629013291.042703152 4.1978779349715785 -0.6026250154014748 0.0 0.0 0.0 0.7874239969903083 0.6164117527787794
1629013291.042703152 4.197528776172285 -0.6031687094373227 0.0 0.0 0.0 0.7874239738495682 0.6164117823394963
1629013291.643872261 4.196995454380181 -0.6031204336204306 0.0 0.0 0.0 0.7874239822558902 0.6164117716009937
1629013291.944457531 4.197510322969482 -0.6045986003552744 0.0 0.0 0.0 0.7874239713274699 0.6164117855613047
1629013292.144999266 4.197143659570646 -0.6037193658215978 0.0 0.0 0.0 0.7874239599493295 0.616411800096102
1629013292.345243454 4.197697617306183 -0.6034322419998775 0.0 0.0 0.0 0.7874239846799522 0.6164117685044198
1629013292.445479393 4.196874932526297 -0.6048724988911961 0.0 0.0 0.0 0.7874239760708973 0.6164117795019001
1629013292.445479393 4.1975489901907554 -0.6034503071931728 0.0 0.0 0.0 0.7874239732834201 0.6164117830627119
1629013293.047432423 4.196909253925987 -0.6030714675903307 0.0 0.0 0.0 0.7874239708223139 0.6164117862066071
1629013293.247035027 4.197069623254238 -0.6027530615973189 0.0 0.0 0.0 0.78742397362726 0.6164117826234798
1629013293.848223686 4.1965155986261635 -0.6024416249501946 0.0 0.0 0.0 0.7874239721722998 0.6164117844820922
1629013294.248976707 4.1951838677546425 -0.6022811819850565 0.0 0.0 0.0 0.7874239729983109 0.6164117834269193
1629013294.449362993 4.195394568682632 -0.602120134179094 0.0 0.0 0.0 0.7874239577055779 0.6164118029623412
1629013294.549557686 4.195711264092702 -0.6025475150388964 0.0 0.0 0.0 0.7874239499452017 0.6164118128756915
1629013295.150742054 4.196241801465025 -0.6023712063910539 0.0 0.0 0.0 0.7874239539292219 0.616411807786378
1629013295.250942469 4.19528097856726 -0.6018138323606512 0.0 0.0 0.0 0.7874239770274053 0.6164117782800262
1629013295.351131916 4.194995887933764 -0.6007694654661293 0.0 0.0 0.0 0.7874239609499143 0.6164117988179232
1629013295.351131916 4.19528273851975 -0.6011628815126718 0.0 0.0 0.0 0.7874239667680114 0.6164117913857016
1629013295.651784420 4.194803989418333 -0.5999463443446825 0.0 0.0 0.0 0.7874239685681884 0.6164117890860983
1629013296.152692318 4.196045168456818 -0.6002776218729079 0.0 0.0 0.0 0.787423989033453 0.6164117629431194
1629013296.252875090 4.196869565868613 -0.6012237947148352 0.0 0.0 0.0 0.7874239672572033 0.6164117907607923
1629013296.453254938 4.197060193369318 -0.6014253415068472 0.0 0.0 0.0 0.7874239457675482 0.6164118182123584
1629013296.753854752 4.197383862900956 -0.6015896873300174 0.0 0.0 0.0 0.787423942115366 0.6164118228777711
1629013297.054462671 4.196750818566685 -0.6015056649466263 0.0 0.0 0.0 0.7874239726128316 0.6164117839193429
1629013297.154661655 4.196290382096018 -0.6008995019813145 0.0 0.0 0.0 0.7874240054836651 0.6164117419290949
1629013297.254834890 4.195253801502424 -0.600581095234045 0.0 0.0 0.0 0.7874240058225919 0.616411741496139
1629013297.254834890 4.195197272770164 -0.5990815676852133 0.0 0.0 0.0 0.7874240253764058 0.6164117165174731
1629013297.555447102 4.19511702050464 -0.5988742515897503 0.0 0.0 0.0 0.7874240255868019 0.6164117162487063
1629013297.755830765 4.1945180583284944 -0.5985628489302373 0.0 0.0 0.0 0.787424039744821 0.6164116981627997
1629013297.856037855 4.194978920427531 -0.5975468972307572 0.0 0.0 0.0 0.7874240650814053 0.6164116657970344
1629013297.956216335 4.194284089470338 -0.5987542898652651 0.0 0.0 0.0 0.787424036092682 0.616411702828159
1629013298.056957483 4.192784869993168 -0.6000321346735976 0.0 0.0 0.0 0.7874240296463171 0.6164117110629518
1629013298.156583786 4.192066049086161 -0.6003897090717288 0.0 0.0 0.0 0.7874240120337156 0.6164117335618514
1629013298.356981039 4.19177346684456 -0.6001677309196302 0.0 0.0 0.0 0.7874240165946145 0.6164117277356136
1629013298.356981039 4.191944769644472 -0.6008525171828132 0.0 0.0 0.0 0.7874240052232224 0.6164117422617925
1629013298.557417154 4.191785155572449 -0.601031215969246 0.0 0.0 0.0 0.7874239928959832 0.6164117580090005
1629013298.958150387 4.192505575202743 -0.6004581326489292 0.0 0.0 0.0 0.7874239906937984 0.6164117608221414
1629013299.158659935 4.193428126322775 -0.600166337172995 0.0 0.0 0.0 0.7874239688184487 0.6164117887664079
1629013299.358932257 4.193253115599792 -0.5997263598340589 0.0 0.0 0.0 0.7874239943381202 0.6164117561667689
1629013299.759720087 4.192975432151651 -0.5993915481954892 0.0 0.0 0.0 0.7874240012644943 0.6164117473187981
1629013300.060306549 4.193421325020754 -0.5990886072559747 0.0 0.0 0.0 0.7874240156854679 0.6164117288969865
1629013300.160758972 4.192925249190187 -0.599355442291854 0.0 0.0 0.0 0.7874240373725631 0.616411701193198
1629013300.361333370 4.193150902259267 -0.5984937204963185 0.0 0.0 0.0 0.787424065561706 0.6164116651834828
1629013300.461078167 4.193333767697935 -0.5980456813717905 0.0 0.0 0.0 0.7874240696540888 0.6164116599557414
1629013300.962058544 4.193500852266183 -0.5972836092971162 0.0 0.0 0.0 0.7874241047948004 0.6164116150658642
1629013301.362841129 4.194208820094118 -0.5980823487687162 0.0 0.0 0.0 0.7874241061780776 0.6164116132988213
1629013301.863822460 4.193909433989203 -0.5973783855419773 0.0 0.0 0.0 0.7874240917977198 0.6164116316687545
1629013302.164443970 4.19356758952811 -0.5968928158662182 0.0 0.0 0.0 0.7874240904646672 0.6164116333716388
1629013302.665424824 4.193298765651235 -0.5960438888508849 0.0 0.0 0.0 0.7874241003487712 0.6164116207453655
1629013302.865775824 4.193491468254109 -0.5956340741958447 0.0 0.0 0.0 0.7874240923247534 0.6164116309955047
1629013303.867745638 4.192066773866852 -0.5943117395387313 0.0 0.0 0.0 0.787424105552808 0.6164116140975608
1629013304.068133831 4.191733084502873 -0.5933794453970823 0.0 0.0 0.0 0.7874240963718453 0.6164116258256189
1629013304.168321133 4.192415604523223 -0.5927999265823245 0.0 0.0 0.0 0.7874240871211597 0.616411637642743
1629013304.168321133 4.193702358687399 -0.5925912481824861 0.0 0.0 0.0 0.787424082434892 0.6164116436291323
1629013304.370109081 4.193879425733188 -0.5918552156883999 0.0 0.0 0.0 0.7874240899122001 0.616411634077378
1629013304.769490957 4.19352567036516 -0.5910490625709218 0.0 0.0 0.0 0.7874240770636343 0.6164116504905499
1629013305.271343708 4.193907619188363 -0.5908923347678804 0.0 0.0 0.0 0.7874240790013068 0.6164116480153046
1629013305.470873833 4.1946438710421505 -0.5902978064608616 0.0 0.0 0.0 0.7874240899482732 0.6164116340312971
1629013305.571066380 4.193070325026157 -0.5904002744190453 0.0 0.0 0.0 0.7874240973004825 0.616411624639348
1629013305.571066380 4.192865710582773 -0.590634838888448 0.0 0.0 0.0 0.7874240908946588 0.6164116328223537
1629013306.072058678 4.193685834595287 -0.5908827533109886 0.0 0.0 0.0 0.7874240883704138 0.6164116360469055
1629013306.172584057 4.194537814050165 -0.592255029620014 0.0 0.0 0.0 0.7874240759170353 0.6164116519552522
1629013306.272438526 4.194308829718341 -0.5927563375918544 0.0 0.0 0.0 0.7874240893510202 0.6164116347942474
1629013306.272438526 4.193812833697169 -0.5928202325515152 0.0 0.0 0.0 0.7874241036044488 0.6164116165864578
1629013306.272438526 4.192829024017547 -0.5932089064524115 0.0 0.0 0.0 0.7874241190199112 0.6164115968942478
1629013306.575726032 4.193097715236133 -0.5931266062664552 0.0 0.0 0.0 0.7874241091592905 0.6164116094905236
1629013307.374596596 4.192671578081314 -0.5928685931810884 0.0 0.0 0.0 0.7874241390562903 0.6164115712991282
1629013307.975763083 4.19294662582664 -0.5935864775642147 0.0 0.0 0.0 0.787424124748207 0.6164115895767375
1629013308.075963020 4.191860373448371 -0.5936982609816802 0.0 0.0 0.0 0.787424099971715 0.6164116212270292
1629013308.075963020 4.192222250774442 -0.5938709069473636 0.0 0.0 0.0 0.787424099090348 0.6164116223529159
1629013308.476742268 4.192025981295867 -0.5936415638597027 0.0 0.0 0.0 0.7874241272989906 0.6164115863182839
1629013308.577086210 4.191419981455754 -0.5935110108618121 0.0 0.0 0.0 0.7874241284323208 0.616411584870531
1629013308.577086210 4.19258825851874 -0.5945044748459207 0.0 0.0 0.0 0.7874240987788557 0.6164116227508263
1629013308.777350664 4.192344358347252 -0.594026812035869 0.0 0.0 0.0 0.7874241084608335 0.616411610382755
