1629013127.723922968 4.006129026157915e-05 0.00013015832506443713 0.0 0.0 0.0 3.588427116184916e-08 0.9999999999999993
1629013128.224887848 -0.00036170996952938596 0.0008521554136881465 0.0 0.0 0.0 3.123486208994753e-08 0.9999999999999996
1629013128.325093031 -0.0002524855804494768 -0.0009824239903646974 0.0 0.0 0.0 -7.955240088784284e-09 1.0
1629013128.425327301 0.00043725654827270536 -0.0009391974945260675 0.0 0.0 0.0 -6.852577441331426e-09 1.0
1629013128.525490284 0.0003671264896360175 -0.0010918568018151995 0.0 0.0 0.0 3.5658189259906996e-08 0.9999999999999993
1629013128.625700474 0.00043161235912514276 -0.0029689919235044927 0.0 0.0 0.0 -2.6670999840845607e-09 1.0
1629013128.325093031 -0.0005133862440860991 -0.0009001273786260289 0.0 0.0 0.0 0.0005179265578352629 0.9999998658760314
1629013128.425327301 0.00012584768241579174 0.001489921072324071 0.0 0.0 0.0 -0.00039552865270729183 0.9999999217785394
1629013128.525490284 0.00013305819738501895 0.0016171143609474486 0.0 0.0 0.0 0.00012237387606252065 0.9999999925123172
1629013128.625700474 0.00045290809600362114 -0.00013232388380591715 0.0 0.0 0.0 0.0008128990515759105 0.9999996695975114
1629013128.926275730 -0.0003233339491936546 -1.5623714554310005e-05 0.0 0.0 0.0 0.0008128950648790059 0.9999996696007522
1629013129.327075481 0.0009875170487937584 -0.0009803622845687917 0.0 0.0 0.0 0.0008128749965919262 0.9999996696170654
1629013129.727863789 0.0006368038916683168 -0.0016180530924876603 0.0 0.0 0.0 0.000812858774173035 0.9999996696302521
1629013129.727863789 0.0005073217562327188 -0.0028239484406326868 0.0 0.0 0.0 0.0007178611440361871 0.9999997423376558
1629013129.928267002 0.0009269342116377627 -0.0022905173216326074 0.0 0.0 0.0 0.0007178707189637317 0.9999997423307823
1629013130.128615141 0.0010085503755210105 -0.003206250871613022 0.0 0.0 0.0 0.0007178686439619628 0.9999997423322718
1629013130.729794502 0.0017655947327273728 -0.0035277655641665472 0.0 0.0 0.0 0.0007179030355842631 0.9999997423075826
1629013130.830001831 0.0014041439232596823 -0.004209486508237837 0.0 0.0 0.0 0.0007178933675323507 0.9999997423145233
1629013131.230769873 0.001411544081517679 -0.004988512400138783 0.0 0.0 0.0 0.0007179558954178017 0.999999742269633
1629013131.631546736 0.00016914943375229477 -0.0001649536188186735 0.0 0.0 0.0 0.0007177387655376594 0.999999742425499
1629013131.731744289 3.840709316618122e-05 -7.189519257225175e-05 0.0 0.0 0.0 0.0007178021875741064 0.9999997423799766
1629013131.831948757 -5.8151175731142846e-05 -3.679005792480989e-05 0.0 0.0 0.0 0.0007178383513202029 0.9999997423540175
1629013131.831948757 0.0008319128314812273 -0.0006482194903730756 0.0 0.0 0.0 0.0007178472403491864 0.9999997423476366
1629013132.533311367 0.0008747004246650309 0.00012618473380936461 0.0 0.0 0.0 0.000717848939850256 0.9999997423464165
1629013132.934135914 0.0013451721830896055 -0.0005147588394657141 0.0 0.0 0.0 0.0007178636455998678 0.99999974233586
1629013133.134488583 0.00028371142098542563 2.1346533323795224e-05 0.0 0.0 0.0 0.0007177463073310419 0.9999997424200859
1629013133.635461807 0.0002751204173880148 -0.0002703911394324731 0.0 0.0 0.0 0.0007178690826668331 0.9999997423319569
1629013135.038238049 0.00030819427436871354 -0.00012903917074586055 0.0 0.0 0.0 0.0007177237408938706 0.9999997424362828
1629013135.243909359 -0.00016040646552535636 -0.0003228525394834398 0.0 0.0 0.0 0.0007176654667726808 0.9999997424781057
1629013135.639563084 -0.00039587602573876927 -0.0015846432437783297 0.0 0.0 0.0 0.0007176914059826875 0.9999997424594897
1629013135.739579201 -0.0015144460367020438 -0.0002703665523344657 0.0 0.0 0.0 0.0007177099992035183 0.9999997424461453
1629013135.739579201 0.17563947336376376 -0.09883502237950381 0.0 0.0 0.0 -0.05823286713796848 0.998303026733312
1629013136.140389442 0.1774028950981367 -0.09938024467792261 0.0 0.0 0.0 -0.05823284199442945 0.9983030281999808
1629013136.240868092 0.17891345513698795 -0.0999770188829184 0.0 0.0 0.0 -0.05823295507503094 0.998303021603776
1629013136.340748310 0.18001937103105103 -0.10004661350387598 0.0 0.0 0.0 -0.058232964905832005 0.9983030210303263
1629013136.340748310 0.1914492311335906 -0.1424678857949827 0.0 0.0 0.0 -0.08446602345084005 0.9964263599897396
1629013136.541119576 0.1914488084378497 -0.14223669635837258 0.0 0.0 0.0 -0.08446627038290021 0.9964263390575355
1629013137.242624760 0.1909925658888781 -0.14278347522644208 0.0 0.0 0.0 -0.08446623837237527 0.9964263417710418
1629013137.342700481 0.19151569772938157 -0.1421968895907326 0.0 0.0 0.0 -0.08446634447460631 0.9964263327768376
1629013137.342700481 0.191645214565981 -0.14240952668689455 0.0 0.0 0.0 -0.08446625909045057 0.9964263400147875
1629013137.552075386 0.1914860819862196 -0.1421653992386129 0.0 0.0 0.0 -0.08446586258485496 0.9964263736261684
1629013138.044185638 0.1933331738191597 -0.1431261323094407 0.0 0.0 0.0 -0.08446659471788845 0.9964263115638627
1629013138.545035839 0.19369408784915895 -0.14322126539398672 0.0 0.0 0.0 -0.08446657607372886 0.9964263131443193
1629013138.945878506 0.1916984113503869 -0.14222184843577895 0.0 0.0 0.0 -0.08446659695743966 0.9964263113740169
1629013139.446808338 0.19140281275753257 -0.14247791818273145 0.0 0.0 0.0 -0.08446650893382439 0.9964263188357342
1629013139.446808338 1.1525384619970191 -0.6502676826269919 0.0 0.0 0.0 -0.2491603068578406 0.9684622560980406
1629013139.847644329 1.1528338845478783 -0.6483917003714641 0.0 0.0 0.0 -0.24916029015691224 0.9684622603947576
1629013140.047982454 1.1531581643149682 -0.6480296026738285 0.0 0.0 0.0 -0.24916035283285026 0.9684622442698577
1629013140.248363495 1.1536153853650903 -0.6499948054185303 0.0 0.0 0.0 -0.24916031885882328 0.9684622530104978
1629013140.649135590 1.1534815552395892 -0.649814964906358 0.0 0.0 0.0 -0.24915999815564413 0.9684623355190843
1629013141.250308990 1.1534272461746375 -0.6495300247704727 0.0 0.0 0.0 -0.24915999586862625 0.9684623361074741
1629013141.751293659 1.1539723268187887 -0.6497845019829352 0.0 0.0 0.0 -0.24916052409376532 0.968462200208826
1629013142.853490353 1.1540040703058376 -0.6495284935849733 0.0 0.0 0.0 -0.24915981105093227 0.9684623836562077
1629013143.053889513 1.1539128170034312 -0.6497596165985373 0.0 0.0 0.0 -0.24916033058291723 0.9684622499941913
1629013143.154386997 1.153698285983438 -0.6497959474698016 0.0 0.0 0.0 -0.249160180232129 0.9684622886755545
1629013143.254235268 1.1537971714854136 -0.650019282801509 0.0 0.0 0.0 -0.2491601881724716 0.9684622866327106
1629013143.354449272 1.1535962548016512 -0.650064452638149 0.0 0.0 0.0 -0.24916062656002796 0.9684621738468747
1629013143.454634190 1.1537737238345664 -0.6498680169867791 0.0 0.0 0.0 -0.2491603941862725 0.968462233630688
1629013144.055785656 1.1531552136791106 -0.6496913479129535 0.0 0.0 0.0 -0.24916029134430517 0.9684622600892722
1629013144.256221533 1.1538766754532452 -0.6500865855073443 0.0 0.0 0.0 -0.24916059690267278 0.9684621814769556
1629013144.357876301 1.1536977266291992 -0.6497107128168272 0.0 0.0 0.0 -0.24916066822725721 0.968462163126958
1629013144.656959772 1.153885064003213 -0.6497532759462645 0.0 0.0 0.0 -0.24915993020693228 0.968462353000506
1629013144.757164955 1.1534852574836414 -0.6497348238258273 0.0 0.0 0.0 -0.24916068588675105 0.9684621585836195
1629013144.757164955 1.15503855930873 -0.6506862802863729 0.0 0.0 0.0 -0.24916027426506324 0.9684622644833192
1629013144.957559347 1.1535527329899453 -0.6504194662466742 0.0 0.0 0.0 -0.24915992401527526 0.9684623545934568
1629013145.057746887 1.1533576773427008 -0.6493552310848099 0.0 0.0 0.0 -0.2491602212244249 0.9684622781293011
1629013145.157940865 1.1533865174461944 -0.6502578275468431 0.0 0.0 0.0 -0.24916018105369683 0.9684622884641864
1629013145.258138657 1.1537769321387947 -0.6497321250539426 0.0 0.0 0.0 -0.24916003070261675 0.9684623271456
1629013145.258138657 1.1539217347795754 -0.6501101975362932 0.0 0.0 0.0 -0.24916027976259866 0.9684622630689456
1629013145.658915520 1.1539542702639187 -0.6499676461161141 0.0 0.0 0.0 -0.24915989088402984 0.9684623631172552
1629013145.859305143 1.153840696027489 -0.6493967544202468 0.0 0.0 0.0 -0.24916021958733495 0.9684622785504818
1629013145.959497690 1.15359901219249 -0.6494295545714701 0.0 0.0 0.0 -0.24916021885524925 0.9684622787388285
1629013146.260293722 1.1537147807563006 -0.649736255984364 0.0 0.0 0.0 -0.2491599416561465 0.9684623500549238
1629013146.360308409 1.1537870404650379 -0.6498387106614587 0.0 0.0 0.0 -0.24915988133819372 0.9684623655731477
1629013146.761072397 1.1539284234521292 -0.650605936989502 0.0 0.0 0.0 -0.2491602362919762 0.9684622742528108
1629013146.861275196 1.1537798519442777 -0.6502164809790316 0.0 0.0 0.0 -0.2491598709909349 0.968462368235225
1629013146.961471319 1.153425830379455 -0.6501384790636036 0.0 0.0 0.0 -0.24915983006157882 0.96846237876527
1629013147.363122463 1.1545103537248238 -0.649951479016649 0.0 0.0 0.0 -0.24915983524794028 0.9684623774309559
1629013147.662840843 1.15350125519003 -0.6497522689246418 0.0 0.0 0.0 -0.2491598813117754 0.9684623655799445
1629013147.963420868 1.1536489092901552 -0.6501120022422574 0.0 0.0 0.0 -0.24915988194538496 0.9684623654169334
1629013148.163911819 1.1540194618336257 -0.6492099536543962 0.0 0.0 0.0 -0.24915986668456092 0.9684623693431417
1629013148.464430809 1.1540050922464904 -0.6500908019966689 0.0 0.0 0.0 -0.24915985344656927 0.9684623727489283
1629013148.564584255 1.1545423664325958 -0.6499335887718035 0.0 0.0 0.0 -0.24915983637887917 0.9684623771399952
1629013148.967636585 1.1542408114212679 -0.6502216011284694 0.0 0.0 0.0 -0.24915980077180608 0.9684623863007555
1629013149.566569805 1.1544713639203004 -0.6510414564767184 0.0 0.0 0.0 -0.24915981342863475 0.9684623830444876
1629013150.267954588 1.1543790525689657 -0.6504969276780519 0.0 0.0 0.0 -0.24915979921258222 0.9684623867019027
1629013150.368111134 1.1542221890778956 -0.6508188531754504 0.0 0.0 0.0 -0.2491597715542896 0.9684623938176506
1629013150.468353271 1.1554484649608772 -0.6515187011988136 0.0 0.0 0.0 -0.24915972862876942 0.9684624048612511
1629013150.571737289 1.156712885047011 -0.651835649413487 0.0 0.0 0.0 -0.24915975261142478 0.9684623986911488
1629013150.668736935 1.1567622661832053 -0.6517170766836093 0.0 0.0 0.0 -0.2491597589069614 0.9684623970714737
1629013150.768898010 1.1579144389840357 -0.6526345857605683 0.0 0.0 0.0 -0.24915975877589935 0.9684623971051926
1629013150.869095564 1.1576119666575708 -0.6526602859451799 0.0 0.0 0.0 -0.24915974493182816 0.9684624006669058
1629013151.470263958 1.1571003740603096 -0.6536370556391229 0.0 0.0 0.0 -0.24915978044667628 0.9684623915298746
1629013151.570468903 1.1566384721837788 -0.6540720258846626 0.0 0.0 0.0 -0.24915979261551818 0.968462388399153
1629013151.570468903 1.1565192180619923 -0.6533270513099677 0.0 0.0 0.0 -0.24915983433291927 0.9684623776663667
1629013151.770849705 1.157623486217555 -0.6538340674533476 0.0 0.0 0.0 -0.2491598085914879 0.9684623842889579
1629013151.971232891 1.1576876532894267 -0.6540193956257977 0.0 0.0 0.0 -0.24915985836437976 0.9684623714837052
1629013152.171621323 1.1557975921195955 -0.65472489457828 0.0 0.0 0.0 -0.24915985602371413 0.9684623720858968
1629013152.672604084 1.1565485329831129 -0.655578932916841 0.0 0.0 0.0 -0.24915990360806403 0.9684623598436959
1629013152.772806168 1.1566231394424602 -0.6559137800482344 0.0 0.0 0.0 -0.24915988846218473 0.9684623637403322
1629013152.872993946 1.1557945189432324 -0.6558546214040976 0.0 0.0 0.0 -0.24915989633192445 0.9684623617156553
1629013152.872993946 1.1550236091495545 -0.6552671555630336 0.0 0.0 0.0 -0.2491599151377478 0.9684623568774112
1629013153.073383331 1.154685613320353 -0.6557643449004484 0.0 0.0 0.0 -0.24915990410704766 0.9684623597153205
1629013153.574472904 1.1551107448236957 -0.656450480887998 0.0 0.0 0.0 -0.24915991023180753 0.9684623581395808
1629013153.874973774 1.1559043130737061 -0.6560243290040849 0.0 0.0 0.0 -0.24915990552166006 0.9684623593513779
1629013153.975163460 1.1563258279428845 -0.6560062810793675 0.0 0.0 0.0 -0.2491599220933747 0.9684623550879112
1629013153.975163460 1.1565530707982783 -0.6553225165862985 0.0 0.0 0.0 -0.2491599216863677 0.9684623551926235
1629013154.278061152 1.157041471949522 -0.6553582666453971 0.0 0.0 0.0 -0.24915986196632878 0.9684623705570186
1629013154.375954628 1.1577572654553971 -0.6562058676331332 0.0 0.0 0.0 -0.24915990802575097 0.9684623587071411
1629013154.576766491 1.1581097222583265 -0.6558125648720371 0.0 0.0 0.0 -0.24915993385700927 0.968462352061437
1629013154.678047657 1.1581066450364856 -0.6550371611883484 0.0 0.0 0.0 -0.249159960120093 0.9684623453046348
1629013154.878062725 1.1597564634553486 -0.6549412422552058 0.0 0.0 0.0 -0.2491599303691276 0.9684623529587774
1629013155.377923250 1.159361306541596 -0.6544642885251106 0.0 0.0 0.0 -0.24915991949793242 0.9684623557556503
1629013155.578306198 1.159136164716879 -0.6558618347260531 0.0 0.0 0.0 -0.24915987661008807 0.9684623667895649
1629013155.778695822 1.1581867875306904 -0.6569213124106972 0.0 0.0 0.0 -0.24915985353447434 0.9684623727263126
1629013155.878878117 1.1587251269405958 -0.6567473985892326 0.0 0.0 0.0 -0.24915982505975254 0.9684623800521079
1629013155.979108810 1.1582819001088722 -0.6578365609869609 0.0 0.0 0.0 -0.24915985954671202 0.9684623711795223
1629013156.079273701 1.1573121096860552 -0.6567447228516858 0.0 0.0 0.0 -0.24915981627229766 0.9684623823128882
1629013156.279649734 1.1573259957158128 -0.6575633083146267 0.0 0.0 0.0 -0.2491598052980736 0.9684623851362665
1629013156.379860163 1.1577182234373218 -0.6579184976051818 0.0 0.0 0.0 -0.2491597926773646 0.9684623883832416
1629013156.480060577 1.1582348652290615 -0.659355125122345 0.0 0.0 0.0 -0.24915977624205998 0.9684623926116113
1629013156.581030369 1.1585669039079447 -0.6596879050192976 0.0 0.0 0.0 -0.2491597888581996 0.9684623893658119
1629013156.680430412 1.159097571587203 -0.6603337003908155 0.0 0.0 0.0 -0.2491598288917305 0.9684623790662411
1629013156.780653477 1.159961621870444 -0.660494399962716 0.0 0.0 0.0 -0.24915982283703436 0.9684623806239546
1629013157.181401730 1.1608172931706633 -0.6607183129043495 0.0 0.0 0.0 -0.2491597744450352 0.9684623930739382
1629013157.686052322 1.1622958609828344 -0.6592086704392698 0.0 0.0 0.0 -0.24915977599386724 0.9684623926754646
1629013157.982985973 1.1613425186214676 -0.6592678407597069 0.0 0.0 0.0 -0.24915973748633935 0.968462402582433
1629013158.684444427 1.1627848781584713 -0.6589058038607042 0.0 0.0 0.0 -0.2491597596911001 0.9684623968697356
1629013158.784572601 1.16268004448292 -0.6590480347194762 0.0 0.0 0.0 -0.24915979825572782 0.9684623869480761
1629013158.984942913 1.1624706905939395 -0.658117690318387 0.0 0.0 0.0 -0.24915974627205262 0.9684624003221015
1629013159.085130692 1.1626242086762721 -0.6584820299220677 0.0 0.0 0.0 -0.24915976306755702 0.9684623960010625
1629013159.485904694 1.162890712187199 -0.6570920973927914 0.0 0.0 0.0 -0.24915980153624406 0.9684623861040859
1629013159.686296701 1.1625549660490473 -0.6568096607319889 0.0 0.0 0.0 -0.24915976294159556 0.9684623960334691
1629013159.886710405 1.1631387442539964 -0.6565356921076502 0.0 0.0 0.0 -0.24915978641208097 0.9684623899951336
1629013160.187287807 1.161830430629324 -0.6560800757383763 0.0 0.0 0.0 -0.24915980379287644 0.9684623855235139
1629013160.287604094 1.161975451246477 -0.6561845570317995 0.0 0.0 0.0 -0.2491598000551238 0.9684623864851389
1629013160.490854502 3.9563424252655737 2.2729811196261256 0.0 0.0 0.0 0.9119935247380244 0.4102045963125164
1629013160.588062286 3.9562749223256155 2.2728136040587903 0.0 0.0 0.0 0.911993511925536 0.4102046247980721
1629013160.788452625 3.9548818765039253 2.2715119376701303 0.0 0.0 0.0 0.9119935273716749 0.4102045904572131
1629013161.089177847 3.9542779666242036 2.2713871700512613 0.0 0.0 0.0 0.9119935422970501 0.41020455727414656
1629013161.590049744 3.9537082526927008 2.2702970186650977 0.0 0.0 0.0 0.9119935524472254 0.41020453470761387
1629013161.790414810 3.953852868973017 2.2700520369882393 0.0 0.0 0.0 0.9119935436942662 0.41020455416776463
1629013161.990804672 3.9530786323734244 2.268491706495662 0.0 0.0 0.0 0.9119935560640938 0.41020452666635526
1629013162.391571283 3.953060982159115 2.2692086100139504 0.0 0.0 0.0 0.9119935488609109 0.4102045426809427
1629013161.990804672 4.167363271518371 1.6271184435195047 0.0 0.0 0.0 0.9690131989573689 0.24700894770515228
1629013162.391571283 4.2836589078049 1.5231221987239298 0.0 0.0 0.0 0.9609603490625205 0.2766861173417248
1629013162.792377234 4.28274830297863 1.522646959623818 0.0 0.0 0.0 0.9609603481506921 0.2766861205086019
1629013162.992767334 4.283965370006392 1.5224051726204457 0.0 0.0 0.0 0.9609603501163166 0.2766861136817785
1629013163.794341564 4.283577376971198 1.5215825639797702 0.0 0.0 0.0 0.9609603584289493 0.27668608481111795
1629013163.994716644 4.283257619171613 1.5223221983640267 0.0 0.0 0.0 0.9609603612486836 0.27668607501787934
1629013164.297129869 4.283942664166155 1.5211166136460208 0.0 0.0 0.0 0.9609603694636726 0.2766860464863415
1629013164.395480871 4.284683275056626 1.5201842387400402 0.0 0.0 0.0 0.9609603725820779 0.2766860356557844
1629013164.395480871 4.28350284929093 1.521052456993267 0.0 0.0 0.0 0.9609603956161618 0.27668595565592013
1629013164.796288013 4.284124802589831 1.5201191532257465 0.0 0.0 0.0 0.9609604055102424 0.2766859212927006
1629013165.197075605 4.2842881614968285 1.5204103744092186 0.0 0.0 0.0 0.9609603983064005 0.27668594631242865
1629013165.597881317 4.284118658240557 1.5207807061839067 0.0 0.0 0.0 0.9609603900637748 0.27668597493996305
1629013165.898430824 4.283180024400122 1.5210259047351287 0.0 0.0 0.0 0.9609603930371222 0.27668596461320455
1629013165.998615742 4.284186325380522 1.5211654045698746 0.0 0.0 0.0 0.9609603912196639 0.2766859709254346
1629013165.998615742 4.28436577358456 1.5202353817256518 0.0 0.0 0.0 0.9609603893345848 0.2766859774725187
1629013166.299229145 4.284169901526083 1.5188879663584411 0.0 0.0 0.0 0.9609603887720816 0.2766859794261535
1629013167.200989485 4.2826550370548375 1.519017770911134 0.0 0.0 0.0 0.9609604018133822 0.27668593413229936
1629013167.902340412 4.284136958979056 1.5193948706597629 0.0 0.0 0.0 0.9609603983449438 0.2766859461785635
1629013168.102773190 4.284244630795827 1.5190673081986106 0.0 0.0 0.0 0.9609603924846851 0.27668596653187877
1629013168.206339836 4.285024667807595 1.519495406569717 0.0 0.0 0.0 0.9609603740496636 0.2766860305587011
1629013168.206339836 4.285615271024089 1.5196141434768415 0.0 0.0 0.0 0.9609603836971431 0.2766859970519642
1629013168.403431416 4.284716770689733 1.5198856751330376 0.0 0.0 0.0 0.9609603772259416 0.27668601952714544
1629013168.403431416 4.28420112078821 1.518969741834088 0.0 0.0 0.0 0.9609603707826494 0.27668604190539314
1629013168.603710651 4.284961173879514 1.5188006220531578 0.0 0.0 0.0 0.9609603821982836 0.2766860022576652
1629013168.804109335 4.285741375736672 1.519392671247096 0.0 0.0 0.0 0.9609603817370679 0.27668600385951714
1629013169.004486561 4.285483475207954 1.5196386102666004 0.0 0.0 0.0 0.960960373891999 0.2766860311062875
1629013169.305072069 4.284795202423058 1.519465627832076 0.0 0.0 0.0 0.960960379554737 0.27668601143898797
1629013169.605694056 4.2847805967407195 1.5194775583520541 0.0 0.0 0.0 0.9609603907376177 0.2766859725996332
1629013169.705881596 4.284118273572741 1.5182929226740622 0.0 0.0 0.0 0.9609603807905056 0.2766860071470302
1629013169.806046009 4.284636342409625 1.518404076109014 0.0 0.0 0.0 0.9609603855040978 0.276685990776215
1629013170.010056734 4.284920595278281 1.5167657738228844 0.0 0.0 0.0 0.9609603765150668 0.2766860219960905
1629013170.106631994 4.28402949888435 1.5162832300474385 0.0 0.0 0.0 0.9609603805966747 0.2766860078202261
1629013170.206834793 4.283753061966821 1.5171195952289067 0.0 0.0 0.0 0.9609603841699719 0.27668599540977873
1629013170.307057381 4.284310903271682 1.516773273912223 0.0 0.0 0.0 0.9609603891907723 0.2766859779719952
1629013170.407232761 4.284714446648946 1.5178900947276606 0.0 0.0 0.0 0.9609603802938973 0.2766860088718044
1629013170.507467270 4.2850486371159535 1.5183516117530473 0.0 0.0 0.0 0.9609603699795369 0.27668604469468905
1629013170.507467270 4.285377754977858 1.5191869536572897 0.0 0.0 0.0 0.9609603610711391 0.2766860756345103
1629013170.707806826 4.284861083108094 1.5197610649127398 0.0 0.0 0.0 0.9609603655893517 0.2766860599422736
1629013171.009956837 4.2849482709851765 1.5201318332143843 0.0 0.0 0.0 0.9609603702752784 0.27668604366754723
1629013171.108597279 4.285172809890883 1.5206853135887477 0.0 0.0 0.0 0.9609603654115195 0.2766860605599041
1629013171.309024096 4.285298574642136 1.520670490513882 0.0 0.0 0.0 0.9609603744118818 0.2766860293006787
1629013171.509395123 4.284814919568251 1.521065634393749 0.0 0.0 0.0 0.9609603733458852 0.2766860330029995
1629013171.709802628 4.2850171999778635 1.5202422020944069 0.0 0.0 0.0 0.9609603698693625 0.2766860450773368
1629013172.310935020 4.284484451874128 1.5211295661444255 0.0 0.0 0.0 0.9609603646892666 0.27668606306836585
1629013172.411147356 4.284099991313178 1.5211980291686709 0.0 0.0 0.0 0.9609603690260521 0.2766860480062444
1629013172.611762047 4.283625775509592 1.5224654317406183 0.0 0.0 0.0 0.9609603623833232 0.27668607107715437
1629013172.811977863 4.282934417360597 1.5228767222843116 0.0 0.0 0.0 0.9609603599587839 0.2766860794978391
1629013173.112493277 4.282480213045589 1.5224750193597225 0.0 0.0 0.0 0.9609603583991446 0.27668608491463287
1629013173.212690830 4.282638934341204 1.5216181070809693 0.0 0.0 0.0 0.9609603680355776 0.27668605144626857
1629013173.312892914 4.281910502039586 1.5223811325157914 0.0 0.0 0.0 0.9609603775543331 0.27668601838660684
1629013173.413134813 4.282641883060418 1.5223155524057628 0.0 0.0 0.0 0.9609603719234465 0.2766860379432819
1629013174.114495277 4.282663436110176 1.5218568161387418 0.0 0.0 0.0 0.9609603710078577 0.27668604112322054
1629013174.314868450 4.28278567854564 1.522553292193717 0.0 0.0 0.0 0.9609603657323388 0.27668605944566427
1629013174.415051937 4.284031503799588 1.523150238910421 0.0 0.0 0.0 0.9609603644823894 0.27668606378687266
1629013174.415051937 4.283938716665008 1.5230119585828543 0.0 0.0 0.0 0.9609603650327386 0.2766860618754507
1629013174.916043282 4.283490762516168 1.5233371714547028 0.0 0.0 0.0 0.9609603628402889 0.27668606949006364
1629013175.116446972 4.283942014992805 1.523566767229497 0.0 0.0 0.0 0.960960355796118 0.2766860939552226
1629013175.216599941 4.28350664926339 1.5240056093781549 0.0 0.0 0.0 0.9609603694604787 0.27668604649743406
1629013175.517198086 4.283166085934096 1.5235548570772952 0.0 0.0 0.0 0.9609603629977006 0.27668606894335573
1629013175.817921162 4.282751701655353 1.5235569062910421 0.0 0.0 0.0 0.9609603626451987 0.2766860701676329
1629013176.018274307 4.283535481090692 1.5229523275114858 0.0 0.0 0.0 0.9609603492926638 0.27668611654241254
1629013176.218912125 4.283182799707402 1.5231315128506053 0.0 0.0 0.0 0.9609603482230183 0.2766861202574054
1629013176.420287848 4.283454921196157 1.5248662827734778 0.0 0.0 0.0 0.9609603449116718 0.27668613175806395
1629013176.619600296 4.284558675093961 1.5246420007895578 0.0 0.0 0.0 0.9609603514255473 0.2766861091346813
1629013176.820007801 4.284789297928948 1.5237753439003776 0.0 0.0 0.0 0.9609603567017795 0.27668609080976364
1629013177.621303797 4.285142091991366 1.5235413122796655 0.0 0.0 0.0 0.960960356530495 0.2766860914046527
1629013177.721537590 4.285527302807061 1.5228038700972861 0.0 0.0 0.0 0.9609603473094432 0.2766861234303488
1629013177.721537590 4.285978743896099 1.5233512872238877 0.0 0.0 0.0 0.9609603438425605 0.2766861354712015
1629013177.921918392 4.285635243353311 1.52244968826906 0.0 0.0 0.0 0.9609603503756267 0.2766861127811674
1629013178.122301817 4.2859845353293755 1.5224056563457105 0.0 0.0 0.0 0.9609603355031181 0.2766861644349689
1629013178.523101568 4.2850595011321 1.5228297049979 0.0 0.0 0.0 0.9609603449308545 0.2766861316914407
1629013178.723504305 0.41954934388535525 0.38257030489541183 0.0 0.0 0.0 0.992543233677641 0.12189310596063993
1629013179.925849915 0.41970753631004354 0.3817595954492752 0.0 0.0 0.0 0.9925432310878508 0.12189312704861242
1629013180.627175808 0.4207188120353317 0.3827469415947914 0.0 0.0 0.0 0.9925432305172942 0.12189313169450301
1629013180.828376532 0.4220481635862592 0.3829000082263984 0.0 0.0 0.0 0.9925432314548756 0.12189312406002806
1629013181.328547478 0.42344265274204396 0.38305264544118267 0.0 0.0 0.0 0.9925432319919801 0.12189311968652862
1629013181.428739548 0.4251058821766859 0.3833549465142344 0.0 0.0 0.0 0.9925432334834493 0.12189310754189107
1629013181.629146099 0.4249146827161563 0.3828136936510968 0.0 0.0 0.0 0.9925432320334081 0.12189311934919106
1629013181.832266808 -1.016184907083769 -0.003592721634861694 0.0 0.0 0.0 -0.9029597218853277 0.4297251920155155
1629013182.330725193 -1.0366706166869364 -0.23377844087877192 0.0 0.0 0.0 -0.8592588145001882 0.5115410928788919
1629013182.531440973 -1.041989126944015 -0.3515537765303018 0.0 0.0 0.0 -0.8518153908823486 0.5238420943910022
1629013182.734062195 -1.0420589887789988 -0.3522876699246628 0.0 0.0 0.0 -0.8518154146939405 0.5238420556711634
1629013182.831467628 -1.0408860171101217 -0.35078318032626726 0.0 0.0 0.0 -0.8518154111691261 0.523842061402836
1629013182.831467628 -1.0412646961997916 -0.3507273488269358 0.0 0.0 0.0 -0.8518153966952545 0.5238420849386828
1629013183.132084608 -1.0403361366111457 -0.35027775375752285 0.0 0.0 0.0 -0.8518154078679161 0.5238420667709073
1629013183.634452820 -1.0404017887378918 -0.3496694306218176 0.0 0.0 0.0 -0.851815421563224 0.5238420445010757
1629013184.033816814 -1.0406251409016853 -0.35056196482759655 0.0 0.0 0.0 -0.8518154002260329 0.5238420791973125
1629013184.033816814 -1.2504808204546594 -1.22448577214512 0.0 0.0 0.0 -0.9341934736258081 0.35676680596006494
1629013184.635001659 -1.2509589927206286 -1.224502232504036 0.0 0.0 0.0 -0.9341934611729729 0.3567668385677981
1629013184.835386753 -1.2516201433852263 -1.2241080892478222 0.0 0.0 0.0 -0.9341934860026243 0.35676677355138403
1629013185.035778046 -1.2506650386455038 -1.2245635505304653 0.0 0.0 0.0 -0.9341934817000606 0.35676678481764323
1629013185.035778046 -1.2503105490125404 -1.2240756594985043 0.0 0.0 0.0 -0.9341934712780435 0.3567668121076837
1629013185.737141132 -1.2500621923443078 -1.225556818486685 0.0 0.0 0.0 -0.9341934646117116 0.3567668295634653
1629013186.238120079 -1.2510844623946833 -1.225662901079923 0.0 0.0 0.0 -0.9341934646406928 0.3567668294875784
1629013186.538707733 -1.2512743170767644 -1.2246145089843903 0.0 0.0 0.0 -0.9341934507413421 0.3567668658830074
1629013186.638895512 -1.2502061736465617 -1.223888180662688 0.0 0.0 0.0 -0.934193458651648 0.3567668451698834
1629013186.638895512 -1.2500776441420716 -1.223900968914425 0.0 0.0 0.0 -0.9341934688365651 0.3567668185006921
1629013187.039713860 -1.250105557617321 -1.2228899908712951 0.0 0.0 0.0 -0.9341934654128723 0.35676682746562705
1629013187.039713860 -1.250149621754815 -1.2214694173906422 0.0 0.0 0.0 -0.934193461204036 0.35676683848645924
1629013188.142455101 -1.250212408475376 -1.2214055418748482 0.0 0.0 0.0 -0.9341934676151608 0.3567668216989378
1629013188.542624950 -1.2499642559623851 -1.2213609428067225 0.0 0.0 0.0 -0.9341934592027878 0.3567668437267247
1629013188.642812967 -1.2501231633312704 -1.221605420520198 0.0 0.0 0.0 -0.9341934517027368 0.35676686336559665
1629013189.150118589 -1.2506218529445015 -1.2232779403525045 0.0 0.0 0.0 -0.9341934423300791 0.35676688790788486
1629013189.243979216 -1.2509551571627548 -1.2245029636403115 0.0 0.0 0.0 -0.9341934419751311 0.3567668888373153
1629013189.346075773 -1.25127678745222 -1.224684598294157 0.0 0.0 0.0 -0.9341934283738107 0.3567669244523458
1629013189.945374012 -1.2512420269601552 -1.2250268126584805 0.0 0.0 0.0 -0.9341934271949026 0.35676692753931416
1629013190.145747185 -1.2501957514153819 -1.225169251190944 0.0 0.0 0.0 -0.9341934400481846 0.3567668938830213
1629013190.446377039 -1.2503136195749005 -1.2253700720942633 0.0 0.0 0.0 -0.9341934123341836 0.3567669664520723
1629013191.448290825 -1.2491367478914233 -1.2261447310735323 0.0 0.0 0.0 -0.9341934094369574 0.3567669740384517
1629013191.548486233 -1.249277167185521 -1.2262687046741845 0.0 0.0 0.0 -0.9341934011887603 0.35676699563633396
1629013191.548486233 -1.2488248810896092 -1.2258940306258244 0.0 0.0 0.0 -0.9341934056012394 0.3567669840822692
1629013191.949263096 -1.2485420921640609 -1.226313261349168 0.0 0.0 0.0 -0.9341933989338266 0.35676700154087176
1629013192.049455166 -1.248663193302065 -1.227697070298163 0.0 0.0 0.0 -0.9341934042505166 0.3567669876191335
1629013192.249902725 -1.248217888332431 -1.2268690511502072 0.0 0.0 0.0 -0.9341934101044616 0.3567669722905937
1629013192.249902725 -1.2492339120370592 -1.226766569245807 0.0 0.0 0.0 -0.9341934099790766 0.3567669726189138
1629013192.851044893 -1.249355023412836 -1.2258802925526808 0.0 0.0 0.0 -0.934193412556638 0.356766965869576
1629013193.051414251 -1.2484644299146235 -1.2238556753738385 0.0 0.0 0.0 -0.9341933909835247 0.35676702235871427
1629013193.151612282 -1.2497294553803917 -1.221770427538016 0.0 0.0 0.0 -0.9341933964215039 0.35676700811938167
1629013193.251803398 -1.2500606843882704 -1.2209176807045647 0.0 0.0 0.0 -0.9341933858376131 0.3567670358332683
1629013193.251803398 -1.2513683248077454 -1.2202524667135215 0.0 0.0 0.0 -0.9341933813324748 0.3567670476299588
1629013193.354059696 -1.2518351568345103 -1.2194549940090966 0.0 0.0 0.0 -0.9341933864869018 0.35676703413310795
1629013193.452210426 -1.251678963734563 -1.2186105643868947 0.0 0.0 0.0 -0.9341934002178471 0.3567669981786674
1629013193.552470684 -1.251352351242659 -1.2183935153574905 0.0 0.0 0.0 -0.934193406131065 0.3567669826949222
1629013194.253760338 -1.251832886408582 -1.218969390296743 0.0 0.0 0.0 -0.9341934278637412 0.3567669257879617
1629013194.554497957 -1.2522529548315282 -1.2193073500053915 0.0 0.0 0.0 -0.9341934369494579 0.3567669019970311
1629013194.854950905 -1.2523626641814445 -1.2191528619882726 0.0 0.0 0.0 -0.9341934340213394 0.35676690966430386
1629013195.957142353 -1.2534424962951833 -1.218252178008143 0.0 0.0 0.0 -0.934193424382208 0.3567669349043488
1629013196.458153248 -1.2530789901534123 -1.2176977519411363 0.0 0.0 0.0 -0.9341934070180979 0.356766980372229
1629013197.259631634 -1.25311859271279 -1.2172307640835052 0.0 0.0 0.0 -0.9341933985748784 0.3567670024807767
1629013197.359828949 -1.2529247396943974 -1.216002522121899 0.0 0.0 0.0 -0.934193390855225 0.3567670226946667
1629013197.760605812 -1.2531232399562735 -1.2162243001546493 0.0 0.0 0.0 -0.9341934138159449 0.35676696257208396
1629013198.161396980 -1.2537391593054394 -1.2161277090468692 0.0 0.0 0.0 -0.9341934136963503 0.35676696288524207
1629013198.562168837 -1.2538885451662707 -1.216422625746422 0.0 0.0 0.0 -0.9341934199832104 0.3567669464231142
1629013199.066054821 -1.2544301602584251 -1.21564952035447 0.0 0.0 0.0 -0.9341934154179542 0.3567669583772264
1629013199.163362503 -1.2531176319651123 -1.21477202745281 0.0 0.0 0.0 -0.9341934179803697 0.3567669516675478
1629013199.263733149 -1.253021629108948 -1.2155501736912204 0.0 0.0 0.0 -0.9341934232729491 0.35676693780894075
1629013199.363727808 -1.2528330833956984 -1.2164214535917182 0.0 0.0 0.0 -0.9341934191788683 0.3567669485292818
1629013199.865200996 -1.2547272786720725 -1.2168627739275657 0.0 0.0 0.0 -0.9341934262538579 0.35676693000343745
1629013199.865200996 -1.255376168039304 -1.21656938272562 0.0 0.0 0.0 -0.9341934053403295 0.35676698476546137
1629013200.065204859 -1.2553001865411029 -1.2160455930021807 0.0 0.0 0.0 -0.9341934045639768 0.3567669867983386
1629013200.065204859 -1.2559127441319566 -1.2156475343020807 0.0 0.0 0.0 -0.9341933933843248 0.35676701607222633
1629013200.767469406 -1.2571322358015578 -1.2158602117440163 0.0 0.0 0.0 -0.9341933896254119 0.3567670259149288
1629013201.067073822 -1.2569933926048544 -1.2172985716708884 0.0 0.0 0.0 -0.93419337607139 0.35676706140609254
1629013201.267458916 -1.2572337648824337 -1.2170024517286555 0.0 0.0 0.0 -0.9341933779702785 0.3567670564338593
1629013201.467884541 -1.2583655265807814 -1.2173681855039091 0.0 0.0 0.0 -0.9341933846391791 0.35676703897136386
1629013201.568065166 -1.2582414173671963 -1.2168884156144535 0.0 0.0 0.0 -0.9341933892312134 0.3567670269471361
1629013201.568065166 -1.2577456020040014 -1.2166425334624094 0.0 0.0 0.0 -0.934193388117559 0.3567670298632369
1629013201.768421173 -1.2579458630993015 -1.2157043679678066 0.0 0.0 0.0 -0.9341933829471184 0.35676704340201965
1629013201.868645191 -1.2578153226023003 -1.2148536934483514 0.0 0.0 0.0 -0.9341933628797812 0.3567670959482748
1629013201.868645191 -1.2573702478509614 -1.2157392619175946 0.0 0.0 0.0 -0.934193383824953 0.35676704110341256
1629013202.074606419 -1.257234019401 -1.217213072423844 0.0 0.0 0.0 -0.934193394401689 0.3567670134082611
1629013202.169236660 -1.2564082674969426 -1.2168440386884516 0.0 0.0 0.0 -0.9341934008086569 0.3567669966316338
1629013202.369596958 -1.2552929752795026 -1.2163474116533741 0.0 0.0 0.0 -0.9341934063910997 0.3567669820140222
1629013202.670295238 -1.255179962809802 -1.2165544596674251 0.0 0.0 0.0 -0.9341934218467799 0.35676694154336164
1629013202.770405769 -1.2550060360934032 -1.2166690702968554 0.0 0.0 0.0 -0.9341934115665556 0.3567669684621042
1629013202.870672941 -1.2546787429604929 -1.2169522320718478 0.0 0.0 0.0 -0.9341934197241696 0.35676694710141177
1629013203.171209335 -1.2549719074290784 -1.2170783615496488 0.0 0.0 0.0 -0.934193423077217 0.35676693832146483
1629013203.171209335 -1.2566354235703228 -1.2174515653452704 0.0 0.0 0.0 -0.9341934225348063 0.3567669397417658
1629013203.571948051 -1.2572229084464592 -1.216615786271648 0.0 0.0 0.0 -0.9341934240073799 0.3567669358858353
1629013203.677692413 -1.2578029854930586 -1.2171064562095621 0.0 0.0 0.0 -0.9341934297964423 0.356766920727188
1629013203.878424644 -1.2578996800006306 -1.2178695717026575 0.0 0.0 0.0 -0.9341934121158519 0.35676696702377314
1629013204.072945595 -1.2585072510456732 -1.2184763869132553 0.0 0.0 0.0 -0.9341934246855303 0.35676693411009974
1629013204.072945595 -1.2577113330338603 -1.218133287593115 0.0 0.0 0.0 -0.9341934210927674 0.3567669435177417
1629013204.573929071 -1.2582922007029447 -1.2184971208349116 0.0 0.0 0.0 -0.9341934237247432 0.35676693662591874
1629013205.475691319 -1.258462099211285 -1.2182171807278745 0.0 0.0 0.0 -0.9341934002327875 0.35676699813954604
1629013205.676188707 -1.2586023976061163 -1.2185585897452682 0.0 0.0 0.0 -0.934193404192681 0.3567669877705757
1629013205.878082752 -1.2586180435040584 -1.2185072234221463 0.0 0.0 0.0 -0.9341934104637741 0.35676697134973473
1629013206.076845169 -1.2587207037648172 -1.219026124896619 0.0 0.0 0.0 -0.9341934241925461 0.3567669354009779
1629013206.076845169 -1.2589284746753002 -1.2182406118510196 0.0 0.0 0.0 -0.9341934330376599 0.35676691224006635
1629013206.377456665 -1.2596535212716045 -1.2176563581432704 0.0 0.0 0.0 -0.9341934290623957 0.35676692264928767
1629013206.477707386 -1.2609064788534305 -1.2181313397695472 0.0 0.0 0.0 -0.9341934301167224 0.3567669198885353
1629013207.078907251 -1.259234181374166 -1.2178526770412779 0.0 0.0 0.0 -0.9341934389463036 0.35676689676829465
1629013207.078907251 -1.2593020334723275 -1.2183727078694429 0.0 0.0 0.0 -0.9341934263079872 0.3567669298617002
1629013207.379912376 -1.2591354397268801 -1.2187817102339535 0.0 0.0 0.0 -0.9341934185247923 0.35676695024197835
1629013207.379912376 -1.2583902272446454 -1.2184673754755835 0.0 0.0 0.0 -0.9341934173596009 0.3567669532930293
1629013207.580000401 -1.2576174934240922 -1.2174588680195517 0.0 0.0 0.0 -0.9341934149974591 0.35676695947829196
1629013208.080886364 -1.2590545916498606 -1.2180405911500087 0.0 0.0 0.0 -0.9341934310642799 0.3567669174073579
1629013208.481552601 -1.25962145155493 -1.2174965975865981 0.0 0.0 0.0 -0.934193402590628 0.3567669919655473
1629013209.383306265 -1.2607410788109923 -1.2175121229141876 0.0 0.0 0.0 -0.9341934060833332 0.356766982819908
1629013209.483502388 -1.2603425796460221 -1.2175614310112985 0.0 0.0 0.0 -0.9341933979381336 0.3567670041480909
1629013209.784077168 -1.2597210797701068 -1.2177621065958648 0.0 0.0 0.0 -0.9341934123238528 0.3567669664791236
1629013209.986763000 -1.2584891462957462 -1.2180477064574078 0.0 0.0 0.0 -0.9341934262526602 0.35676693000657367
1629013210.385328293 -1.259414201059512 -1.2177534009188242 0.0 0.0 0.0 -0.9341934248562884 0.35676693366297024
1629013210.786072731 -1.2603723406274498 -1.2166310567311394 0.0 0.0 0.0 -0.9341934300656287 0.3567669200223239
1629013211.487395525 -1.2602592939616855 -1.2167380881518255 0.0 0.0 0.0 -0.9341934280654253 0.3567669252598524
1629013209.986763000 3.5971732009172053 0.5753420983271612 0.0 0.0 0.0 0.3245511888764127 0.9458681334091487
1629013210.385328293 3.6915460190467537 0.6708262495327648 0.0 0.0 0.0 0.38062620848340717 0.9247289816024725
1629013210.786072731 3.7781363745806598 0.7918799113811925 0.0 0.0 0.0 0.44163635474924606 0.8971941429611531
1629013211.687815666 3.778423031103382 0.7923235663573793 0.0 0.0 0.0 0.4416363322450503 0.897194154038656
1629013211.687815666 3.778263912069918 0.7919967697681769 0.0 0.0 0.0 0.4416363122079194 0.8971941639017661
1629013212.089605808 3.7780248052536556 0.7919562431004205 0.0 0.0 0.0 0.4416363126878056 0.8971941636655462
1629013212.389182568 3.7780408180096114 0.7931872771929808 0.0 0.0 0.0 0.4416363552208527 0.8971941427290087
1629013212.489371300 3.7798436262534647 0.7918790161225268 0.0 0.0 0.0 0.4416363690155827 0.8971941359386675
1629013212.790127516 3.779077213622976 0.7909873455668628 0.0 0.0 0.0 0.4416363890538611 0.8971941260749909
1629013213.491334200 3.7783130974801082 0.7904787237626483 0.0 0.0 0.0 0.44163638594197324 0.897194127606792
1629013213.691732168 3.7792518027281607 0.7900598082126334 0.0 0.0 0.0 0.4416364364418373 0.89719410274865
1629013213.892106056 3.7790961406432824 0.790943777143002 0.0 0.0 0.0 0.44163644324640683 0.8971940993991564
1629013213.992370605 3.779466081967704 0.7912423591105365 0.0 0.0 0.0 0.4416364476835673 0.8971940972150004
1629013214.192687035 3.7792355617227678 0.7898014901882848 0.0 0.0 0.0 0.44163650269579635 0.8971940701356791
1629013214.394271851 3.7799133883992497 0.7907013727578386 0.0 0.0 0.0 0.4416364908541588 0.897194075964629
1629013214.793873310 3.7800021690415453 0.7904635958635946 0.0 0.0 0.0 0.4416365110361978 0.8971940660301841
1629013214.793873310 3.780124515053639 0.7909013396371033 0.0 0.0 0.0 0.44163647935188316 0.8971940816265306
1629013215.094453812 3.779220935018798 0.7916423049937368 0.0 0.0 0.0 0.44163654895731824 0.8971940473638188
1629013215.595432520 3.778530712879199 0.7920827185586132 0.0 0.0 0.0 0.4416365846207697 0.8971940298087709
1629013215.695641518 3.7784839895122615 0.7910261581083526 0.0 0.0 0.0 0.4416365604969952 0.8971940416835056
1629013215.795802355 3.7779541350775894 0.7907117648923832 0.0 0.0 0.0 0.4416365888449378 0.897194027729458
1629013215.795802355 3.778570873263334 0.7913388754669404 0.0 0.0 0.0 0.4416365862076195 0.8971940290276568
1629013215.996199131 3.778644771229573 0.7907629183338168 0.0 0.0 0.0 0.44163651369483187 0.897194064721493
1629013216.196589470 3.7790454827072293 0.7911253349589402 0.0 0.0 0.0 0.4416365537777604 0.8971940449909949
1629013216.497184753 3.7785102804773714 0.791864421335818 0.0 0.0 0.0 0.44163653390955 0.8971940547709614
1629013216.597385406 3.778389851314982 0.7931980503768304 0.0 0.0 0.0 0.4416365592163773 0.8971940423138794
1629013216.597385406 3.778956022121698 0.793511101354695 0.0 0.0 0.0 0.4416365798854123 0.8971940321397127
1629013217.098364115 3.7782360874885548 0.7940793688357911 0.0 0.0 0.0 0.44163662049051916 0.8971940121521728
1629013217.499140263 3.7779742471640176 0.7945056078190051 0.0 0.0 0.0 0.4416366038674841 0.8971940203347295
1629013217.599331856 3.7764882291806 0.79383345017446 0.0 0.0 0.0 0.44163655600502855 0.8971940438946401
1629013217.799716949 3.7768233441293133 0.7946391125464138 0.0 0.0 0.0 0.4416365490825303 0.8971940473021841
1629013217.799716949 3.7766999903135723 0.7946052948385706 0.0 0.0 0.0 0.44163659271100597 0.8971940258264168
1629013218.100379467 3.7764355324268637 0.7951601193380029 0.0 0.0 0.0 0.4416365664647233 0.8971940387459393
1629013218.200509548 3.77629015725343 0.7944674446919965 0.0 0.0 0.0 0.4416365472303966 0.897194048213882
1629013218.200509548 3.7767550547858892 0.7939260336105163 0.0 0.0 0.0 0.44163657918131477 0.897194032486299
1629013219.406359673 3.776277919326363 0.7938559483573201 0.0 0.0 0.0 0.4416365620058924 0.897194040940763
1629013219.503051281 3.7760265142963525 0.7942883478114471 0.0 0.0 0.0 0.4416365114979702 0.8971940658028804
1629013219.804655790 3.7763992752297377 0.7942875957617056 0.0 0.0 0.0 0.44163655892673526 0.8971940424564534
1629013220.204417229 3.7776729537793448 0.7948894744848611 0.0 0.0 0.0 0.44163653711273165 0.8971940531942211
1629013220.806005239 3.777695721576933 0.795143020374971 0.0 0.0 0.0 0.4416365142466304 0.8971940644498746
1629013221.106210232 3.7772647979806404 0.7942739031360608 0.0 0.0 0.0 0.44163650968539614 0.8971940666951053
1629013221.406772852 3.7768548318712627 0.7934761137666971 0.0 0.0 0.0 0.4416365155141881 0.8971940638259296
1629013221.607167244 3.7776951547163287 0.7930915933779641 0.0 0.0 0.0 0.441636495683869 0.8971940735872435
1629013221.707352638 3.7773349803482734 0.7925552247909775 0.0 0.0 0.0 0.44163654595096674 0.897194048843671
1629013221.807577133 3.77678214674559 0.7944869931776827 0.0 0.0 0.0 0.4416365651527498 0.8971940393917477
1629013221.907737732 3.776511714640161 0.7944725810241637 0.0 0.0 0.0 0.4416366143148372 0.8971940151921031
1629013223.711259842 3.7773232534718493 0.7930384305944782 0.0 0.0 0.0 0.44163664037596995 0.8971940023637174
1629013223.911646843 3.777181028959495 0.7917300239501571 0.0 0.0 0.0 0.441636601666553 0.8971940214181202
1629013224.012077093 3.77743249035336 0.7919886406204558 0.0 0.0 0.0 0.44163660872254273 0.8971940179448655
1629013224.012077093 3.7778020353556077 0.7928000247275234 0.0 0.0 0.0 0.44163658986804766 0.8971940272258403
1629013224.212237358 3.7779109549871923 0.7930640695173691 0.0 0.0 0.0 0.44163658484005597 0.8971940297008291
1629013224.813429356 3.778010867133528 0.793414047940401 0.0 0.0 0.0 0.44163661487950645 0.8971940149141492
1629013225.014685154 3.778070807733982 0.7930105201086964 0.0 0.0 0.0 0.4416366183816908 0.8971940131902267
1629013225.114006281 3.7782983440993045 0.7939949070661985 0.0 0.0 0.0 0.4416366065103284 0.8971940190338105
1629013225.314388275 3.7793690153875175 0.7936055176048917 0.0 0.0 0.0 0.44163657534892986 0.8971940343727599
1629013225.514781952 3.780399039218193 0.7930175805571921 0.0 0.0 0.0 0.44163656299773757 0.8971940404525353
1629013225.614995480 3.7813734955905822 0.7933468818190669 0.0 0.0 0.0 0.4416365890306504 0.8971940276380425
1629013225.715173721 3.7818051470164598 0.792859002600894 0.0 0.0 0.0 0.4416365914572797 0.8971940264435535
1629013225.816148996 3.780138265839135 0.7934013547014549 0.0 0.0 0.0 0.44163660280823935 0.8971940208561342
1629013225.915573120 3.7801609778373386 0.7935177121814739 0.0 0.0 0.0 0.44163660311311714 0.8971940207060606
1629013226.015756130 3.78020258635932 0.793708678616942 0.0 0.0 0.0 0.4416365740514829 0.8971940350114177
1629013225.614995480 5.12354542982754 3.7021196605883206 0.0 0.0 0.0 -0.39160673706734894 0.9201326879768288
1629013225.715173721 5.078413057218602 3.73866840840581 0.0 0.0 0.0 -0.3741396868533309 0.9273723603393038
1629013225.816148996 5.0276376369310976 3.7721395059575076 0.0 0.0 0.0 -0.3581131165440656 0.9336782078206048
1629013225.915573120 4.974518088923695 3.7869551891844893 0.0 0.0 0.0 -0.3401471534821936 0.9403722209731427
1629013226.015756130 4.974807816161587 3.7881878171455132 0.0 0.0 0.0 -0.34014716113256227 0.9403722182058861
1629013226.416540146 4.97501406644194 3.7881905815202526 0.0 0.0 0.0 -0.34014714693074366 0.9403722233429033
1629013226.618190289 4.975787851937154 3.789340471109794 0.0 0.0 0.0 -0.34014711929608266 0.9403722333387862
1629013226.817325592 4.9754993332585 3.7893723006315723 0.0 0.0 0.0 -0.34014711340685627 0.94037223546901
1629013226.917517185 4.973949467788798 3.7888216767350453 0.0 0.0 0.0 -0.34014709445410973 0.94037224232451
1629013227.318311214 4.973111021005286 3.788932101556742 0.0 0.0 0.0 -0.34014712570628775 0.9403722310201162
1629013227.418504953 4.973952809166088 3.789437608017569 0.0 0.0 0.0 -0.34014708613994393 0.9403722453318715
1629013226.618190289 4.606824917227506 3.911878112237853 0.0 0.0 0.0 -0.20044656174778444 0.9797046370633813
1629013226.817325592 4.468926402231638 3.960268756841055 0.0 0.0 0.0 -0.1562642450430374 0.9877152857585679
1629013226.917517185 4.401218517516984 3.9701327856635107 0.0 0.0 0.0 -0.13374063518418616 0.9910163684321922
1629013227.318311214 4.14956825426374 3.94817701867351 0.0 0.0 0.0 -0.05090791501233847 0.9987033514458117
1629013227.418504953 4.071412080537787 3.946633723529719 0.0 0.0 0.0 -0.026870035001934 0.999638935425684
1629013227.618903399 3.9431171638049634 3.931014917028318 0.0 0.0 0.0 -0.005842267271688462 0.9999829338109357
1629013227.819284201 3.826433371270318 3.9266459309849706 0.0 0.0 0.0 -0.009085681256208763 0.9999587243462155
1629013228.220059395 3.723040280627108 3.9231327977998163 0.0 0.0 0.0 -0.02129881665700144 0.9997731544750597
1629013228.420449734 3.7406000013743066 3.924849319934694 0.0 0.0 0.0 -0.016350177037088704 0.9998663269211819
1629013228.620867252 3.786087613626371 3.9341902216780404 0.0 0.0 0.0 -0.004831930811372926 0.9999883261541778
1629013229.422421217 3.785780922321154 3.9343468203010854 0.0 0.0 0.0 -0.004831911007302332 0.9999883262498706
1629013230.023580551 3.784565280442679 3.9339160155392334 0.0 0.0 0.0 -0.004831932087972925 0.9999883261480091
1629013230.123798370 3.7842002291425643 3.9338639636183346 0.0 0.0 0.0 -0.004831928233555854 0.9999883261666337
1629013230.223979473 3.7838029501237154 3.9337271607520843 0.0 0.0 0.0 -0.004831996884392485 0.9999883258349116
1629013230.223979473 3.7853250228901927 3.934069346508248 0.0 0.0 0.0 -0.004832053479581881 0.999988325561439
1629013230.424386501 3.786273700179212 3.935255152195841 0.0 0.0 0.0 -0.0048320590824924145 0.9999883255343651
1629013230.624771357 3.7861679664676497 3.9350022694202784 0.0 0.0 0.0 -0.00483200869826447 0.9999883257778263
1629013230.724998474 3.7866354635580763 3.935183493082459 0.0 0.0 0.0 -0.004832030836722043 0.9999883256708515
1629013230.724998474 3.7861956480452967 3.9358043514450634 0.0 0.0 0.0 -0.004832020453736337 0.9999883257210229
1629013231.125766754 3.7869851729326434 3.9361684362075318 0.0 0.0 0.0 -0.00483202160173736 0.9999883257154757
1629013231.225924015 3.787208403438083 3.936884545857173 0.0 0.0 0.0 -0.004832062367267859 0.9999883255184927
1629013231.426332474 3.787283377553733 3.936970626019152 0.0 0.0 0.0 -0.004832060112147012 0.9999883255293897
1629013231.726910353 3.788255334349294 3.936062791292535 0.0 0.0 0.0 -0.004832037553196067 0.9999883256383969
1629013231.927503109 3.7882984380547153 3.9367125263638143 0.0 0.0 0.0 -0.004831995898158226 0.9999883258396771
1629013232.027493000 3.788655978619892 3.9367618606352592 0.0 0.0 0.0 -0.004832006558086594 0.9999883257881677
1629013232.227927685 3.789985941932802 3.9381957221900548 0.0 0.0 0.0 -0.00483206302066419 0.9999883255153353
1629013232.428275108 3.790114788091425 3.9377708680271777 0.0 0.0 0.0 -0.004832057528185587 0.9999883255418757
1629013232.428275108 3.789687705545794 3.9369021974198546 0.0 0.0 0.0 -0.004832083205744603 0.9999883254177985
1629013232.528468847 3.790169816502456 3.935589361535891 0.0 0.0 0.0 -0.0048321301652131795 0.9999883251908827
1629013232.628664970 3.7894889700183354 3.935103798300594 0.0 0.0 0.0 -0.004832117606567631 0.9999883252515682
1629013232.728875399 3.7895542539675375 3.9360715502293275 0.0 0.0 0.0 -0.004832122691829153 0.9999883252269954
1629013233.129659176 3.789709832949449 3.9359638599610167 0.0 0.0 0.0 -0.004832126351378407 0.9999883252093118
1629013233.430244684 3.7903147217791626 3.935444641965618 0.0 0.0 0.0 -0.004832153474359554 0.9999883250782482
1629013233.530465126 3.789515544065669 3.935255481347534 0.0 0.0 0.0 -0.004832127367250273 0.999988325204403
1629013233.530465126 3.7892207939718197 3.935987502794601 0.0 0.0 0.0 -0.00483212430851684 0.9999883252191832
1629013233.730814695 3.789602704808007 3.9364021576336343 0.0 0.0 0.0 -0.004832135688016816 0.9999883251641954
1629013234.632601976 3.7890052702688184 3.9366341082300957 0.0 0.0 0.0 -0.00483216193882048 0.9999883250373461
1629013235.033603668 3.7898723373518743 3.937220127788834 0.0 0.0 0.0 -0.004832172903519145 0.9999883249843623
1629013235.133549213 3.789930415155194 3.9365415967941493 0.0 0.0 0.0 -0.004832198231868531 0.9999883248619695
1629013235.133549213 3.789247878563542 3.9362397447809285 0.0 0.0 0.0 -0.00483216501996934 0.9999883250224574
1629013235.534484386 3.7898180920310143 3.9363053758615956 0.0 0.0 0.0 -0.004832183476938006 0.9999883249332691
1629013236.035361052 3.790440742052426 3.936301945944077 0.0 0.0 0.0 -0.004832233815939044 0.9999883246900176
1629013236.335923672 3.7908472779655527 3.9380625016037007 0.0 0.0 0.0 -0.004832173303068323 0.9999883249824315
1629013236.536616802 3.7919302358687323 3.937022334051183 0.0 0.0 0.0 -0.004832233767067679 0.9999883246902538
1629013236.736684799 3.791952884592331 3.936984356111986 0.0 0.0 0.0 -0.004832217227639236 0.999988324770177
1629013237.037281513 3.7923667706748034 3.937779160771387 0.0 0.0 0.0 -0.004832231779258349 0.9999883246998594
1629013237.137472868 3.792257567437263 3.9355685326527423 0.0 0.0 0.0 -0.004832258205306883 0.9999883245721608
1629013237.237663746 3.792589707096408 3.935724414129789 0.0 0.0 0.0 -0.004832249393147234 0.9999883246147439
1629013237.337888718 3.7928444049370627 3.9365016337894327 0.0 0.0 0.0 -0.004832259013532839 0.9999883245682553
1629013237.337888718 3.792767872442417 3.9371074538985558 0.0 0.0 0.0 -0.004832243291427246 0.9999883246442293
1629013237.738643646 3.7929758796248323 3.9372586233466316 0.0 0.0 0.0 -0.004832277235879661 0.9999883244801989
1629013238.239623070 3.7910684481236703 3.937508598186575 0.0 0.0 0.0 -0.004832283395978156 0.9999883244504313
1629013238.441780090 3.7909948005286305 3.9377783231032093 0.0 0.0 0.0 -0.0048322686550344935 0.9999883245216644
1629013238.640418053 3.790062161722453 3.9383422725865143 0.0 0.0 0.0 -0.004832328928808206 0.9999883242304001
1629013238.941011429 3.790550086288065 3.9371577708276044 0.0 0.0 0.0 -0.004832314137834057 0.9999883243018757
1629013239.041179180 3.7909835119416755 3.93748002026189 0.0 0.0 0.0 -0.004832291675009363 0.9999883244104241
1629013239.141399860 3.790507973252607 3.937726806155001 0.0 0.0 0.0 -0.004832272511711579 0.9999883245030277
1629013239.141399860 3.7899856335452076 3.9386866700419674 0.0 0.0 0.0 -0.004832282124331802 0.9999883244565763
1629013239.141399860 3.789797920734583 3.939280644499877 0.0 0.0 0.0 -0.004832264825347482 0.9999883245401707
1629013239.542208195 3.790461539335866 3.9395572828135004 0.0 0.0 0.0 -0.004832251539271318 0.9999883246043731
1629013239.942944527 3.7909990220863636 3.9400873164239547 0.0 0.0 0.0 -0.004832222492096384 0.9999883247447376
1629013240.043147087 3.7906700625321244 3.9397264329094175 0.0 0.0 0.0 -0.004832175565639151 0.9999883249714983
1629013240.143421173 3.791783352205789 3.9389515000087636 0.0 0.0 0.0 -0.004832197105394986 0.999988324867413
1629013240.443916321 3.791087532255387 3.939968594332159 0.0 0.0 0.0 -0.0048321354793764495 0.9999883251652036
1629013240.544137478 3.7910769931384425 3.9398659818615163 0.0 0.0 0.0 -0.004832119859086483 0.9999883252406837
1629013240.644346952 3.7901514946373203 3.9409514332836255 0.0 0.0 0.0 -0.004832140303175992 0.9999883251418941
1629013241.045111418 3.7908404652345316 3.9410103438007176 0.0 0.0 0.0 -0.0048321232820512745 0.9999883252241434
1629013241.245482445 3.7912410487815604 3.942324491378498 0.0 0.0 0.0 -0.004832179480363531 0.9999883249525814
1629013241.646275520 3.7913553191547624 3.9424505695113554 0.0 0.0 0.0 -0.004832200661509058 0.9999883248502289
1629013241.746649981 3.79021116170582 3.9428416520052636 0.0 0.0 0.0 -0.004832213185523913 0.9999883247897096
1629013241.846660614 3.7897059412435934 3.9404151080210963 0.0 0.0 0.0 -0.004832172700962906 0.9999883249853411
1629013242.247446537 3.7901744008215625 3.9389536081941015 0.0 0.0 0.0 -0.004832131208034246 0.9999883251858436
1629013242.347635746 3.790920156917302 3.9393750649880688 0.0 0.0 0.0 -0.004832130890036679 0.9999883251873801
1629013242.748418331 3.791063724080702 3.940433898745033 0.0 0.0 0.0 -0.004832148044530387 0.9999883251044863
1629013242.948856115 3.790618088610504 3.9405291919477365 0.0 0.0 0.0 -0.004832113104804328 0.9999883252733216
1629013243.049047709 3.790103391125782 3.94058484595379 0.0 0.0 0.0 -0.004832125022102978 0.9999883252157351
1629013243.049047709 3.7899126695432512 3.9404593822906278 0.0 0.0 0.0 -0.004832138484594742 0.9999883251506818
1629013243.550235271 3.7894409771381663 3.9397604249177602 0.0 0.0 0.0 -0.004832171584980567 0.9999883249907338
1629013243.750394821 3.789418801624621 3.939701832050684 0.0 0.0 0.0 -0.00483220680920486 0.9999883248205216
1629013243.850748301 3.789370104795206 3.9389706753283984 0.0 0.0 0.0 -0.004832206162390738 0.9999883248236472
1629013243.850748301 3.7903903033786555 3.9388907983248904 0.0 0.0 0.0 -0.004832252878344225 0.9999883245979023
1629013244.051008224 3.791164646953276 3.938731560100475 0.0 0.0 0.0 -0.004832294688293424 0.9999883243958628
1629013244.351556540 3.792379285334079 3.939617274205661 0.0 0.0 0.0 -0.0048323084372017345 0.9999883243294232
1629013244.551958561 3.7921723946413364 3.9400622352249743 0.0 0.0 0.0 -0.004832334572716438 0.9999883242031266
1629013244.752338409 3.792461249970829 3.9406118353014516 0.0 0.0 0.0 -0.004832332001626855 0.9999883242155511
1629013245.052947521 3.792123634656178 3.9417420899011475 0.0 0.0 0.0 -0.004832308855992078 0.9999883243273995
1629013245.253318071 3.792070242647785 3.941506231572684 0.0 0.0 0.0 -0.0048322523784783845 0.9999883246003178
1629013245.654092550 3.7916098035637424 3.941538122236506 0.0 0.0 0.0 -0.004832236050118021 0.9999883246792214
1629013245.858057976 3.7908205039116374 3.941757773594515 0.0 0.0 0.0 -0.004832252951625823 0.9999883245975483
1629013245.954675913 3.7912467153053044 3.9420721076237557 0.0 0.0 0.0 -0.004832233657754231 0.999988324690782
1629013246.255266666 3.79047581220887 3.942744188826554 0.0 0.0 0.0 -0.0048322533177553705 0.999988324595779
1629013246.555862904 3.7905360876198793 3.943329588767412 0.0 0.0 0.0 -0.004832269472641324 0.9999883245177135
1629013246.956682920 3.790873181320706 3.9433372327617033 0.0 0.0 0.0 -0.004832292825269529 0.9999883244048656
1629013247.057110310 3.79255123643088 3.944675546740661 0.0 0.0 0.0 -0.0048322579629452 0.999988324573332
1629013247.157055855 3.7932720341764763 3.9449452995364314 0.0 0.0 0.0 -0.00483228460737181 0.9999883244445774
1629013247.157055855 3.792165785964589 3.945812697126939 0.0 0.0 0.0 -0.004832226305185309 0.9999883247263117
1629013247.358104467 3.7917962272078074 3.9454444155880357 0.0 0.0 0.0 -0.004832221832350501 0.9999883247479258
1629013247.557822704 3.7929079301479254 3.945579078384456 0.0 0.0 0.0 -0.004832251573141319 0.9999883246042095
1629013247.958601952 3.7938354992511063 3.9456260213628793 0.0 0.0 0.0 -0.004832252614031186 0.9999883245991796
1629013248.259931803 3.793574965484803 3.945395400606179 0.0 0.0 0.0 -0.004832269766066377 0.9999883245162955
1629013248.359395504 3.7926162246525337 3.9448737791431046 0.0 0.0 0.0 -0.00483226898499319 0.9999883245200699
1629013248.459567547 3.792367731745132 3.9446237830654525 0.0 0.0 0.0 -0.0048322414462080646 0.9999883246531459
1629013248.559775829 3.7915557516597183 3.9451925120225515 0.0 0.0 0.0 -0.0048322623145832825 0.9999883245523035
1629013248.559775829 3.791768078192166 3.944445753163879 0.0 0.0 0.0 -0.004832271436911462 0.9999883245082215
1629013248.960558414 3.7912192036954586 3.944062761559401 0.0 0.0 0.0 -0.00483225287148035 0.9999883245979355
1629013249.261137486 3.7913239210745076 3.944103047233427 0.0 0.0 0.0 -0.004832192146702956 0.9999883248913746
1629013249.461553097 3.7902644049811025 3.9435954830553097 0.0 0.0 0.0 -0.004832195939108369 0.9999883248730488
1629013249.661929369 3.7902627404300526 3.944788863702038 0.0 0.0 0.0 -0.004832198251580854 0.9999883248618743
1629013250.263106346 3.7913656682083086 3.9455917926222273 0.0 0.0 0.0 -0.004832190751217752 0.999988324898118
1629013250.363283634 3.791659481296773 3.945025335599759 0.0 0.0 0.0 -0.00483224620608617 0.9999883246301448
1629013250.463474512 3.791759313350309 3.9457669819587067 0.0 0.0 0.0 -0.004832229154396233 0.9999883247125435
1629013250.666935921 3.7917582555419242 3.945662506131315 0.0 0.0 0.0 -0.004832219417040138 0.9999883247595972
1629013250.864261150 3.791584992385024 3.9455729063271923 0.0 0.0 0.0 -0.0048322762380596075 0.9999883244850207
1629013251.365235329 3.792265760694657 3.945156375410551 0.0 0.0 0.0 -0.004832278856342643 0.9999883244723683
1629013251.465437651 3.7926625338537168 3.9462369641472113 0.0 0.0 0.0 -0.0048323123788293195 0.9999883243103759
1629013251.565629005 3.7936596361872756 3.9459470221461284 0.0 0.0 0.0 -0.0048323596803735965 0.9999883240817962
1629013251.565629005 3.7933984019901588 3.9449529929008587 0.0 0.0 0.0 -0.004832360854605416 0.9999883240761218
1629013252.166831970 3.7931597798739936 3.9458742999598524 0.0 0.0 0.0 -0.004832380896642313 0.9999883239792702
1629013252.367221832 3.793732146573492 3.9457392437465755 0.0 0.0 0.0 -0.004832365539106306 0.9999883240534844
1629013252.467393875 3.792891674793944 3.946219003574245 0.0 0.0 0.0 -0.004832352558136583 0.9999883241162139
1629013252.567692995 3.7930669744250936 3.946526309476193 0.0 0.0 0.0 -0.0048323658005649675 0.9999883240522209
1629013252.667804718 3.793970723645891 3.9464952693552604 0.0 0.0 0.0 -0.004832358131456417 0.9999883240892812
1629013252.667804718 3.794794685914487 3.9461570695254222 0.0 0.0 0.0 -0.004832321833724772 0.9999883242646862
1629013252.868175983 3.7946007927904692 3.94622189878764 0.0 0.0 0.0 -0.004832320442640074 0.9999883242714085
1629013253.068570137 3.794666544188178 3.946403103663046 0.0 0.0 0.0 -0.0048323041461939276 0.9999883243501589
1629013253.168779850 3.7954865066530346 3.9477427313365734 0.0 0.0 0.0 -0.004832259824365851 0.9999883245643371
1629013253.168779850 3.796099533802306 3.9489837976050097 0.0 0.0 0.0 -0.004832245848507409 0.9999883246318727
1629013253.769940376 3.7965293645924003 3.950088588626101 0.0 0.0 0.0 -0.004832207225958055 0.9999883248185077
1629013253.970323563 3.795800903104383 3.9501470415929103 0.0 0.0 0.0 -0.004832246807526995 0.9999883246272384
1629013254.070553541 3.7962309641961127 3.9500582711656627 0.0 0.0 0.0 -0.004832215704200053 0.9999883247775386
1629013254.170717239 3.7957683318014865 3.9495734255251245 0.0 0.0 0.0 -0.004832232795262483 0.9999883246949498
1629013254.170717239 3.7962159926351355 3.9493254119612904 0.0 0.0 0.0 -0.004832256695527245 0.9999883245794565
1629013254.771917343 3.795844910528333 3.9502893755548816 0.0 0.0 0.0 -0.0048322117090925515 0.9999883247968441
1629013254.972341061 3.7957702802012734 3.950253394946114 0.0 0.0 0.0 -0.004832196552226776 0.999988324870086
1629013255.573482752 3.7968119216884464 3.949151219158346 0.0 0.0 0.0 -0.0048322103528030645 0.999988324803398
1629013255.974318027 3.7979409579636023 3.9488262707310504 0.0 0.0 0.0 -0.00483219283551674 0.9999883248880461
1629013254.972341061 7.517888645781387 -2.9271958238813425 0.0 0.0 0.0 0.8565762230215905 0.5160205171832476
1629013255.573482752 7.586178345534503 -2.997386443109007 0.0 0.0 0.0 0.8573518601103053 0.514730791740109
1629013255.974318027 7.599217704825126 -3.0024079976053093 0.0 0.0 0.0 0.8585417136292702 0.5127437234706206
1629013256.074461937 7.598705928540376 -3.0014860688826954 0.0 0.0 0.0 0.8585417030396999 0.5127437412018714
1629013256.174642801 7.599853174006439 -3.000407623856268 0.0 0.0 0.0 0.8585417028041036 0.5127437415963555
1629013256.876011133 7.599491684405624 -2.9996518803899024 0.0 0.0 0.0 0.8585416989524435 0.5127437480456021
1629013257.076419830 7.600468019486324 -2.999532833311942 0.0 0.0 0.0 0.8585417022334466 0.5127437425518676
1629013257.276793480 7.599494847741803 -2.9984342392346672 0.0 0.0 0.0 0.8585417151797698 0.512743720874453
1629013258.078352928 7.600008649814697 -2.9977931716027593 0.0 0.0 0.0 0.8585417138375789 0.512743723121827
1629013258.579374075 7.600197952392829 -2.9968382545201977 0.0 0.0 0.0 0.8585417226282699 0.5127437084026315
1629013258.779723406 7.599089213782129 -2.9969216296307843 0.0 0.0 0.0 0.8585417380441157 0.5127436825902285
1629013258.980110645 7.598862486236149 -2.997640705771687 0.0 0.0 0.0 0.8585417479251454 0.5127436660453605
1629013258.779723406 7.408859772411742 -2.9013223373878754 0.0 0.0 0.0 0.7963063697452465 0.6048935158382397
1629013258.980110645 7.403928544209466 -2.887436567312975 0.0 0.0 0.0 0.7847316481127288 0.6198356560010729
1629013259.581286430 7.403831305781437 -2.8871314900571843 0.0 0.0 0.0 0.7847316222208882 0.6198356887809648
1629013260.082254410 7.40386117649875 -2.8863645969636638 0.0 0.0 0.0 0.784731626536943 0.6198356833167028
1629013260.182537079 7.405398246528651 -2.8860132889681855 0.0 0.0 0.0 0.7847316213512343 0.6198356898819743
1629013260.382846355 7.405475999964266 -2.8860293530994965 0.0 0.0 0.0 0.7847316127552857 0.6198357007647174
1629013260.683427811 7.405843203015639 -2.8866127844721325 0.0 0.0 0.0 0.7847315949880834 0.6198357232585572
1629013260.783623695 7.404522407214645 -2.887551821778201 0.0 0.0 0.0 0.7847315689168589 0.6198357562655491
1629013260.984056950 7.404427707991292 -2.8872976557545913 0.0 0.0 0.0 0.784731534541189 0.6198357997862262
1629013261.184803009 7.405043003912538 -2.887729675387383 0.0 0.0 0.0 0.7847315584069644 0.619835769571406
1629013261.385650158 7.405437171987354 -2.88762787000292 0.0 0.0 0.0 0.784731564758134 0.6198357615306256
1629013261.485024929 7.4058463920348006 -2.887055715139149 0.0 0.0 0.0 0.7847315613932283 0.619835765790702
1629013262.286608219 7.405806131430846 -2.885612947023279 0.0 0.0 0.0 0.7847315613260971 0.6198357658756922
1629013260.182537079 7.4091986457984085 -2.864907125695642 0.0 0.0 0.0 0.7008856449611516 0.7132736590449633
1629013260.382846355 7.417006682902819 -2.861587589424108 0.0 0.0 0.0 0.6836580831196989 0.7298024564120751
1629013260.683427811 7.441830562679909 -2.847628160222719 0.0 0.0 0.0 0.6560780121942477 0.7546930779563601
1629013260.783623695 7.45117371830598 -2.8381114936323093 0.0 0.0 0.0 0.6464387166158442 0.7629659138258146
1629013260.984056950 7.472472560144411 -2.777963506720743 0.0 0.0 0.0 0.6269792096030714 0.7790359880811077
1629013261.184803009 7.5100476419427045 -2.6608946067115298 0.0 0.0 0.0 0.605973449566735 0.7954848700133721
1629013261.385650158 7.531298116011068 -2.6217354516451077 0.0 0.0 0.0 0.5849353461150841 0.8110799226125788
1629013261.485024929 7.554136947080242 -2.6079056515043786 0.0 0.0 0.0 0.5746655247733887 0.8183883764062915
1629013262.086208582 7.6786675879489374 -2.337122316605423 0.0 0.0 0.0 0.5056515130781613 0.8627378207322118
1629013262.186375856 7.702997850282957 -2.2445694730715817 0.0 0.0 0.0 0.48874942816743083 0.8724242067171276
1629013262.787581205 7.703794992057138 -2.2450054774525614 0.0 0.0 0.0 0.48874945619614696 0.8724241910148816
1629013262.887779713 7.703854525458873 -2.244795857428114 0.0 0.0 0.0 0.48874948162842086 0.8724241767672133
1629013263.088128090 7.703884805350352 -2.2437051301291624 0.0 0.0 0.0 0.48874946989948087 0.8724241833380001
1629013263.088128090 7.7038204670031485 -2.2439531400093076 0.0 0.0 0.0 0.48874943424253076 0.8724242033137355
1629013263.388790369 7.702647120825454 -2.244435812615642 0.0 0.0 0.0 0.48874944869054565 0.8724241952196693
1629013263.589112759 7.703759802710578 -2.245029394910516 0.0 0.0 0.0 0.4887494543813291 0.8724241920315788
1629013263.689300060 7.704250807122476 -2.2453239013674233 0.0 0.0 0.0 0.48874947886744347 0.8724241783139681
1629013263.689300060 7.7044672199881905 -2.2453597609128124 0.0 0.0 0.0 0.48874947474465846 0.8724241806236347
1629013264.691281557 7.703567730508841 -2.2456365044076607 0.0 0.0 0.0 0.48874947385688144 0.8724241811209852
1629013265.292447567 7.703508769287355 -2.246047333322165 0.0 0.0 0.0 0.48874949150489766 0.8724241712342133
1629013265.893932343 7.704904388871658 -2.246081294833043 0.0 0.0 0.0 0.4887494984432941 0.8724241673471846
1629013266.795362473 7.705132089436053 -2.247235046657464 0.0 0.0 0.0 0.4887495304131894 0.872424149437008
1629013266.996018648 7.704804901813063 -2.246458110029002 0.0 0.0 0.0 0.48874953381873293 0.8724241475291541
1629013267.296465397 7.70497221827317 -2.2479494984109625 0.0 0.0 0.0 0.4887495784320386 0.8724241225358825
1629013267.396602631 7.704828534267744 -2.2489763320404847 0.0 0.0 0.0 0.4887495913228646 0.8724241153141818
1629013267.396602631 7.704381759834013 -2.248213019938372 0.0 0.0 0.0 0.4887495962142946 0.8724241125739041
1629013267.596940279 7.70420880473279 -2.2485275077010143 0.0 0.0 0.0 0.48874957130791447 0.8724241265269604
1629013268.498708248 7.703831676418658 -2.247768794421426 0.0 0.0 0.0 0.4887495534552624 0.8724241365283755
1629013269.099856377 7.704662918006128 -2.2483747364623845 0.0 0.0 0.0 0.488749538795535 0.8724241447410496
1629013269.200072765 7.704450615175348 -2.248414268258231 0.0 0.0 0.0 0.4887495759104274 0.87242412394854
1629013269.400448322 7.703278627621369 -2.248771792967894 0.0 0.0 0.0 0.48874958423437714 0.8724241192852955
1629013269.500660896 7.7025611459637435 -2.248824602645218 0.0 0.0 0.0 0.4887495720858209 0.8724241260911616
1629013269.600833416 7.7023618224334784 -2.250210013370485 0.0 0.0 0.0 0.4887495497016765 0.8724241386312098
1629013269.702066660 7.702640668577908 -2.2502844677039757 0.0 0.0 0.0 0.4887495133197196 0.8724241590131129
1629013269.801248312 7.703534307676012 -2.250793850684721 0.0 0.0 0.0 0.488749522489736 0.8724241538758857
1629013269.901425600 7.704543396587404 -2.2497112240079606 0.0 0.0 0.0 0.48874952790114473 0.8724241508443058
1629013271.905340433 7.70300138971405 -2.2498640063 0.0 0.0 0.0 0.4887496058417654 0.8724241071804005
1629013269.200072765 7.950089479854125 0.1952147650281238 0.0 0.0 0.0 0.9927276395505306 0.12038203218268066
1629013269.400448322 7.816649744754561 0.222581287716635 0.0 0.0 0.0 0.9974616906590477 0.0712051660176023
1629013269.500660896 7.7390326442112665 0.23715076159242635 0.0 0.0 0.0 0.9989213712941206 0.046433758967733385
1629013269.600833416 7.664031691432101 0.24880200377124384 0.0 0.0 0.0 0.999793221603969 0.02033504449852476
1629013269.702066660 7.5871206741631525 0.26149016423247495 0.0 0.0 0.0 -0.9999748381268282 0.00709387857406989
1629013269.801248312 7.531308143637069 0.2681128699014439 0.0 0.0 0.0 -0.9994673402162506 0.03263488687054899
1629013269.901425600 7.4567498403230665 0.27458274102834357 0.0 0.0 0.0 -0.9983544694068237 0.057344166359094166
1629013270.202024698 7.239504605667728 0.29831861832044015 0.0 0.0 0.0 -0.9963639742704845 0.0851987721503385
1629013270.302225113 7.148627862389727 0.30510131579891686 0.0 0.0 0.0 -0.9968194292131296 0.07969332182316477
1629013270.403551102 7.065215359316263 0.3106768442064208 0.0 0.0 0.0 -0.9976771472655205 0.06811981961318503
1629013271.905340433 7.06622766717101 0.3109586717731327 0.0 0.0 0.0 -0.9976771479132132 0.06811981012713297
1629013272.206001997 7.065940041033192 0.31121685689355805 0.0 0.0 0.0 -0.9976771501640938 0.06811977716091251
1629013272.707123518 7.065356784243306 0.3117147432994699 0.0 0.0 0.0 -0.9976771524064759 0.06811974431914335
1629013273.207884312 7.066234802820014 0.31041880032378344 0.0 0.0 0.0 -0.9976771495760521 0.06811978577332467
1629013273.408269882 7.067832912096999 0.3105601616432489 0.0 0.0 0.0 -0.9976771447008888 0.06811985717455658
1629013273.809125662 7.069151219115473 0.3107592660801189 0.0 0.0 0.0 -0.9976771453994773 0.06811984694309262
1629013274.009464025 7.068939331051535 0.3100377219567936 0.0 0.0 0.0 -0.9976771443705201 0.0681198620131046
1629013275.311985254 7.0692131389621915 0.31042950340269565 0.0 0.0 0.0 -0.997677144834032 0.06811985522455107
1629013275.812977314 7.068846297481823 0.30951259526672215 0.0 0.0 0.0 -0.997677144743314 0.06811985655319945
1629013275.913190365 7.067732746352626 0.3088249868452522 0.0 0.0 0.0 -0.997677143868947 0.068119869359096
1629013276.013378859 7.068149022032236 0.3092134653365214 0.0 0.0 0.0 -0.9976771456335198 0.06811984351532589
1629013276.313955784 7.069054907580699 0.30955368937319255 0.0 0.0 0.0 -0.9976771448298356 0.06811985528601158
1629013276.514402390 7.068043182067276 0.3079012899272752 0.0 0.0 0.0 -0.9976771472792834 0.06811981941161638
1629013275.812977314 5.015742401085652 1.0920707458874739 0.0 0.0 0.0 0.7902216145124642 0.6128211810612575
1629013275.913190365 5.036414942532989 1.0140799969221357 0.0 0.0 0.0 0.7738272040714922 0.6333967621001052
1629013276.013378859 5.050155305961849 0.9582851879932094 0.0 0.0 0.0 0.7583133062077841 0.6518902742242895
1629013276.313955784 5.081176489629665 0.896036112713613 0.0 0.0 0.0 0.7110645114776649 0.703126774143205
1629013276.514402390 5.081541819427662 0.8961450425402168 0.0 0.0 0.0 0.7110645151142457 0.7031267704655702
1629013276.614527225 5.081493618370889 0.8970113056034839 0.0 0.0 0.0 0.7110645202877953 0.7031267652336153
1629013277.015316010 5.081814413595755 0.8969628313806848 0.0 0.0 0.0 0.7110645292599989 0.7031267561601223
1629013277.015316010 5.083621726266193 0.89750837506921 0.0 0.0 0.0 0.7110645488686294 0.7031267363301247
1629013277.215725422 5.083657892041638 0.8991678535029118 0.0 0.0 0.0 0.7110645375331149 0.703126747793609
1629013277.215725422 5.082740622276099 0.8997491416305717 0.0 0.0 0.0 0.7110645445129036 0.7031267407350235
1629013277.416112423 5.083027303178228 0.9007510087149398 0.0 0.0 0.0 0.7110645282123257 0.703126757219623
1629013277.416112423 5.084455708285301 0.9004109826767398 0.0 0.0 0.0 0.7110645172083826 0.7031267683477921
1629013277.616681337 5.084507747980875 0.900645594130842 0.0 0.0 0.0 0.7110645164801431 0.7031267690842529
1629013278.117462635 5.085049265669406 0.9012571337524725 0.0 0.0 0.0 0.7110644827075132 0.7031268032381475
1629013278.317893028 5.085823423901917 0.9000019092014493 0.0 0.0 0.0 0.7110644705623979 0.7031268155203703
1629013278.418324947 5.086213671464732 0.9004103846694566 0.0 0.0 0.0 0.7110644430329015 0.7031268433606482
1629013278.518271446 5.086908401259417 0.9017244199262363 0.0 0.0 0.0 0.7110644302758147 0.7031268562617496
1629013278.518271446 5.086657725129964 0.9027240288590498 0.0 0.0 0.0 0.7110644294415522 0.70312685710543
1629013278.718654156 5.086247945456151 0.9024890054952266 0.0 0.0 0.0 0.7110644132886138 0.703126873440718
1629013278.919036388 5.085648416219353 0.901839800214635 0.0 0.0 0.0 0.7110644479121331 0.7031268384263349
1629013279.019241810 5.085164932047693 0.9018752027123907 0.0 0.0 0.0 0.7110644729257288 0.7031268131303595
1629013279.019241810 5.085249753275241 0.9018837839927577 0.0 0.0 0.0 0.7110644851785914 0.703126800739173
1629013279.822077751 5.084645038159068 0.901079219314061 0.0 0.0 0.0 0.7110645034905284 0.70312678222051
1629013280.021559715 5.085053546682435 0.9013953052864309 0.0 0.0 0.0 0.7110645268878627 0.7031267585590382
1629013280.021559715 5.084602006367148 0.9022059692595011 0.0 0.0 0.0 0.71106454590626 0.7031267393259371
1629013280.822953224 4.205758295360317 -0.11737230805516168 0.0 0.0 0.0 0.6945067196840593 0.7194862169032061
1629013281.023141384 4.205727900391783 -0.11684527461683474 0.0 0.0 0.0 0.6945067251650301 0.7194862116125266
1629013281.323719501 4.20516268017124 -0.11596877857033347 0.0 0.0 0.0 0.6945067428915799 0.7194861945014157
1629013281.524127960 4.204992175623121 -0.11771659928531764 0.0 0.0 0.0 0.6945067532225324 0.7194861845291377
1629013281.724548578 4.204927180217148 -0.11747177690187102 0.0 0.0 0.0 0.6945067241859014 0.7194862125576613
1629013281.824714661 4.205761203848728 -0.11773643086570856 0.0 0.0 0.0 0.6945067198754405 0.7194862167184694
1629013281.824714661 4.205277075085932 -0.11727437906776748 0.0 0.0 0.0 0.6945067245971052 0.719486212160734
1629013282.125304222 4.205264590123358 -0.11841477144356563 0.0 0.0 0.0 0.6945067482588052 0.7194861893205321
1629013282.225491524 4.2043494904864005 -0.11773377183292459 0.0 0.0 0.0 0.6945067463550075 0.7194861911582329
1629013282.225491524 4.2049492586179325 -0.11821807837277841 0.0 0.0 0.0 0.6945067650445881 0.719486173117525
1629013282.526069880 4.20409754485319 -0.11788185682907962 0.0 0.0 0.0 0.6945067644771692 0.7194861736652441
1629013283.027065277 4.20407051524918 -0.1177311524412982 0.0 0.0 0.0 0.6945067962802675 0.7194861429662972
1629013283.127244234 4.203189833229272 -0.1170998658119096 0.0 0.0 0.0 0.6945068387934965 0.7194861019290534
1629013283.227453947 4.202778346655373 -0.11660236624843082 0.0 0.0 0.0 0.6945068333148741 0.7194861072174679
1629013283.227453947 4.2036405980732425 -0.1166014022697755 0.0 0.0 0.0 0.6945068425448756 0.7194860983079154
1629013283.728429317 4.203940021230487 -0.1162720957441524 0.0 0.0 0.0 0.6945068575001048 0.7194860838719045
1629013283.928811550 4.205444349543641 -0.11576295525382291 0.0 0.0 0.0 0.694506848060161 0.7194860929841107
1629013284.029018402 4.205751801403974 -0.11587310685739735 0.0 0.0 0.0 0.6945068532118382 0.7194860880112903
1629013284.129204512 4.207184965066048 -0.11661946392579325 0.0 0.0 0.0 0.6945068496210509 0.719486091477412
1629013284.129204512 4.207260694593239 -0.11740031138901169 0.0 0.0 0.0 0.6945068118522203 0.719486127934976
1629013285.031048775 4.206656083455583 -0.11640811815992734 0.0 0.0 0.0 0.6945068017800399 0.7194861376574676
1629013285.131157875 4.206796612550828 -0.11574248190573887 0.0 0.0 0.0 0.6945068046461105 0.7194861348909022
1629013285.131157875 4.207389885014706 -0.1156490660850944 0.0 0.0 0.0 0.6945067832136936 0.7194861555792214
1629013285.331543922 4.207385182839808 -0.11506551027166743 0.0 0.0 0.0 0.6945068100443571 0.7194861296800733
1629013285.632148743 4.206291852187193 -0.11611745663230223 0.0 0.0 0.0 0.6945068083070467 0.7194861313570673
1629013285.732345343 4.20705769789925 -0.11547244170760307 0.0 0.0 0.0 0.6945068306753627 0.7194861097653402
1629013285.732345343 4.20655249361553 -0.11470964002136086 0.0 0.0 0.0 0.6945067987853262 0.7194861405482099
1629013285.932733774 4.207391600842552 -0.11386639400202658 0.0 0.0 0.0 0.6945067961344369 0.7194861431070648
1629013286.233335018 4.209148846036608 -0.11377657159085583 0.0 0.0 0.0 0.6945067957115212 0.7194861435152976
1629013287.335497141 4.2100783683467 -0.11442833457887477 0.0 0.0 0.0 0.694506782930995 0.7194861558521052
1629013288.238262653 4.210155523436243 -0.11548076177720555 0.0 0.0 0.0 0.6945067764158591 0.7194861621410462
1629013289.139037371 4.210338138429855 -0.1147255169354436 0.0 0.0 0.0 0.6945067988766728 0.7194861404600347
1629013289.239264727 4.210902726918707 -0.1138968077082295 0.0 0.0 0.0 0.6945068064297114 0.7194861331692247
1629013289.339389801 4.211739471728356 -0.11475034936178648 0.0 0.0 0.0 0.6945068096052663 0.7194861301039196
1629013289.539778709 4.210850451736817 -0.11460071388396353 0.0 0.0 0.0 0.6945068103282358 0.7194861294060504
1629013289.539778709 4.211121802264589 -0.11531930659326117 0.0 0.0 0.0 0.6945068066065898 0.7194861329984872
1629013289.740151167 4.212343117512581 -0.11453246789219403 0.0 0.0 0.0 0.6945068202819362 0.7194861197979252
1629013289.940553188 4.2101399805877255 -0.11428788314215121 0.0 0.0 0.0 0.6945067925513152 0.7194861465657866
1629013290.241132259 4.2100454272681205 -0.11427459996275596 0.0 0.0 0.0 0.6945067602800232 0.7194861777166719
1629013290.642004013 4.209795517960888 -0.11348946181803535 0.0 0.0 0.0 0.6945067560203211 0.7194861818284839
1629013290.942499161 4.209570581319869 -0.11331888752136314 0.0 0.0 0.0 0.6945067858101516 0.7194861530729082
1629013291.042703152 4.209422212853113 -0.11318855116339864 0.0 0.0 0.0 0.6945068046776216 0.719486134860485
1629013291.042703152 4.2081806729634765 -0.11207791795976794 0.0 0.0 0.0 0.6945068257240844 0.7194861145447188
1629013291.643872261 4.208563213497843 -0.11140936696283212 0.0 0.0 0.0 0.6945068470766106 0.719486093933514
1629013291.944457531 4.207357679193784 -0.11103925317801086 0.0 0.0 0.0 0.6945068497626878 0.7194860913406925
1629013292.144999266 4.208145423452942 -0.11105539309527591 0.0 0.0 0.0 0.6945068331244464 0.7194861074012843
1629013292.345243454 4.207972510114187 -0.11177383013444134 0.0 0.0 0.0 0.6945068110092341 0.7194861287486952
1629013292.445479393 4.207803211615277 -0.1112987566393031 0.0 0.0 0.0 0.6945068566107353 0.7194860847303967
1629013292.445479393 4.207981560345839 -0.11235762904994967 0.0 0.0 0.0 0.6945068477570366 0.7194860932767112
1629013293.047432423 4.208922594883064 -0.11131552988186355 0.0 0.0 0.0 0.6945068884304936 0.7194860540153604
1629013293.247035027 4.210167294184388 -0.11184941018702621 0.0 0.0 0.0 0.6945068814724525 0.7194860607318315
1629013293.848223686 4.210275068507866 -0.11281822452880555 0.0 0.0 0.0 0.6945068634606149 0.7194860781183323
1629013294.248976707 4.21139756550421 -0.1118949894235537 0.0 0.0 0.0 0.6945068601005349 0.7194860813617565
1629013294.449362993 4.21170528336948 -0.11272064540657713 0.0 0.0 0.0 0.6945068751919424 0.7194860667942943
1629013294.549557686 4.212470158907166 -0.11185310920353575 0.0 0.0 0.0 0.6945069206947895 0.7194860228712171
1629013295.150742054 4.212351819632956 -0.11305365358070661 0.0 0.0 0.0 0.6945069197170288 0.7194860238150318
1629013295.250942469 4.212464605380211 -0.11243697710671743 0.0 0.0 0.0 0.6945069110648191 0.7194860321668541
1629013295.351131916 4.212941038673803 -0.11193528935552013 0.0 0.0 0.0 0.6945068870862336 0.7194860553129501
1629013295.351131916 4.211569338512292 -0.11227465604060977 0.0 0.0 0.0 0.694506862139143 0.7194860793939251
1629013295.651784420 4.21108757637075 -0.11263961057818343 0.0 0.0 0.0 0.6945068527692514 0.7194860884385114
1629013296.252875090 4.211109067726719 -0.11244651005876528 0.0 0.0 0.0 0.6945068691552249 0.7194860726214285
1629013296.252875090 4.2102190431671 -0.11382709607909777 0.0 0.0 0.0 0.6945068471625846 0.7194860938505249
1629013296.453254938 4.210760264183791 -0.11363393000682011 0.0 0.0 0.0 0.6945068144330685 0.7194861254437305
1629013296.753854752 4.210856697790724 -0.11341030214328256 0.0 0.0 0.0 0.694506840625919 0.7194861001602493
1629013297.054462671 4.211021420170719 -0.1123893688103647 0.0 0.0 0.0 0.6945068431293063 0.719486097743775
1629013297.154661655 4.210906879106861 -0.11306113317848872 0.0 0.0 0.0 0.6945068760252094 0.7194860659899567
1629013297.254834890 4.211376724431293 -0.11461965422324535 0.0 0.0 0.0 0.6945068856968549 0.7194860566540923
1629013297.254834890 4.211129415561688 -0.1148890686389279 0.0 0.0 0.0 0.6945068502937379 0.7194860908280796
1629013297.555447102 4.2109725071044535 -0.11561427581086378 0.0 0.0 0.0 0.6945068395082616 0.7194861012391037
1629013297.755830765 4.210059399813915 -0.11626907245601215 0.0 0.0 0.0 0.6945068544328977 0.7194860868326238
1629013297.856037855 4.209540287083276 -0.11578696814325472 0.0 0.0 0.0 0.694506838492587 0.7194861022195159
1629013297.956216335 4.210026997714477 -0.11588241321758376 0.0 0.0 0.0 0.6945068204362913 0.7194861196489291
1629013298.056957483 4.209995320799998 -0.11493083122418009 0.0 0.0 0.0 0.6945068441663963 0.719486096742691
1629013298.156583786 4.2104642284159555 -0.11586911824668739 0.0 0.0 0.0 0.6945068595900048 0.7194860818545619
1629013298.356981039 4.2110150826779735 -0.11604059792065681 0.0 0.0 0.0 0.6945068510660424 0.719486090082588
1629013298.356981039 4.209195787328636 -0.11452200134544588 0.0 0.0 0.0 0.6945068320570041 0.7194861084316668
1629013298.557417154 4.210231018783663 -0.11432119717364733 0.0 0.0 0.0 0.6945068459646528 0.7194860950068667
1629013298.958150387 4.2097215527226 -0.11488681928229051 0.0 0.0 0.0 0.694506843609113 0.7194860972806265
1629013299.158659935 4.209060974049832 -0.11567343093319168 0.0 0.0 0.0 0.6945068347316786 0.7194861058498523
1629013299.358932257 4.209898669887514 -0.11496017368361784 0.0 0.0 0.0 0.6945068841274004 0.7194860581690584
1629013299.759720087 4.20976496379279 -0.1157172028169652 0.0 0.0 0.0 0.6945069021821018 0.719486040741181
1629013300.060306549 4.208953393796652 -0.1155942914915667 0.0 0.0 0.0 0.6945068897468825 0.7194860527446739
1629013300.160758972 4.208854989087437 -0.11593075031811989 0.0 0.0 0.0 0.6945069055672605 0.7194860374735484
1629013300.361333370 4.211053322398873 -0.11596696041196836 0.0 0.0 0.0 0.694506936637571 0.7194860074819363
1629013300.461078167 4.210071739469422 -0.11618508827988253 0.0 0.0 0.0 0.6945069199757687 0.7194860235652748
1629013300.962058544 4.21075158769443 -0.11482856900286882 0.0 0.0 0.0 0.6945069115890974 0.7194860316607777
1629013301.362841129 4.209931186594843 -0.11641751794615002 0.0 0.0 0.0 0.6945069219451349 0.7194860216642811
1629013301.863822460 4.210727812586116 -0.11720844753657605 0.0 0.0 0.0 0.6945068577831601 0.7194860835986763
1629013302.164443970 4.212148256835702 -0.11642381994457617 0.0 0.0 0.0 0.6945068840060958 0.7194860582861515
1629013302.665424824 4.211052410916613 -0.11549400564562882 0.0 0.0 0.0 0.6945069072314278 0.7194860358671576
1629013302.865775824 4.212802838105093 -0.1156620792994276 0.0 0.0 0.0 0.694506923056336 0.7194860205916586
1629013303.867745638 4.213838629527475 -0.11567310500280414 0.0 0.0 0.0 0.6945069202618737 0.7194860232891028
1629013304.068133831 4.213624024740067 -0.1157270801889652 0.0 0.0 0.0 0.6945069470859422 0.7194859973963109
1629013304.168321133 4.214270919312776 -0.11531028765614096 0.0 0.0 0.0 0.6945069198640248 0.7194860236731392
1629013304.168321133 4.213235343305263 -0.11561304933589678 0.0 0.0 0.0 0.6945069393606806 0.7194860048533674
1629013304.370109081 4.213350728209345 -0.11664769589278898 0.0 0.0 0.0 0.6945069793360766 0.7194859662658324
1629013304.769490957 4.213419033716815 -0.11666269870299598 0.0 0.0 0.0 0.6945069808355004 0.7194859648184652
1629013305.271343708 4.213320839670668 -0.1159836720806727 0.0 0.0 0.0 0.6945069749731969 0.7194859704772423
1629013305.470873833 4.213432523996186 -0.11664871567905329 0.0 0.0 0.0 0.6945069700546798 0.7194859752249991
1629013305.571066380 4.214089889295432 -0.11744502189939876 0.0 0.0 0.0 0.694506942573714 0.7194860017518838
1629013305.571066380 4.2130838288153765 -0.1175869899585421 0.0 0.0 0.0 0.6945069264489522 0.7194860173168272
1629013306.072058678 4.212955112265929 -0.11797373599878572 0.0 0.0 0.0 0.6945069490826596 0.7194859954689153
1629013306.172584057 4.2124059474980635 -0.11884989964001237 0.0 0.0 0.0 0.6945069410183259 0.7194860032532722
1629013306.272438526 4.212336282317058 -0.11946527768674238 0.0 0.0 0.0 0.6945069116579178 0.7194860315943467
1629013306.272438526 4.212316780081596 -0.11984147305476094 0.0 0.0 0.0 0.6945069003212125 0.7194860425374638
1629013306.575726032 4.211944559567726 -0.11805872076409508 0.0 0.0 0.0 0.694506867321132 0.7194860743918451
1629013307.374596596 4.211599992312082 -0.1169652173853003 0.0 0.0 0.0 0.6945068663223655 0.7194860753559363
1629013307.975763083 4.212401150661426 -0.11717864942930023 0.0 0.0 0.0 0.6945068518184159 0.7194860893563356
1629013308.075963020 4.212821575434159 -0.11646612731431984 0.0 0.0 0.0 0.6945068542165271 0.7194860870414824
1629013308.075963020 4.212608546476398 -0.11620168014000634 0.0 0.0 0.0 0.6945068585772205 0.7194860828321843
1629013308.476742268 4.212333908576681 -0.1156510387416084 0.0 0.0 0.0 0.6945068585109108 0.7194860828961918
1629013308.577086210 4.2117412863212405 -0.11574289881073652 0.0 0.0 0.0 0.6945068725052407 0.7194860693877189
1629013308.777350664 4.21063038390307 -0.11601161756273991 0.0 0.0 0.0 0.6945069051828293 0.7194860378446329
