1629013127.723922968 0.000493621788633209 0.00021509308150024914 0.0 0.0 0.0 -4.669149606605533e-08 0.9999999999999989
1629013128.224887848 0.00026150484334700266 -3.4093628439093936e-05 0.0 0.0 0.0 -6.571786217034887e-09 1.0
1629013128.926275730 0.0006407942623788477 0.00032854649660479416 0.0 0.0 0.0 1.110507073772611e-08 0.9999999999999999
1629013129.727863789 0.0004899962777829026 4.679116827380718e-05 0.0 0.0 0.0 1.993455071685322e-08 0.9999999999999998
1629013130.128615141 -2.5301880815133105e-05 -0.0011672574454955017 0.0 0.0 0.0 0.0007178062039124368 0.9999997423770937
1629013130.729794502 -0.0007397577727849287 0.0008639605840200558 0.0 0.0 0.0 0.0007178003479010764 0.9999997423812971
1629013131.230769873 -0.000553445581680116 0.0008678918474938598 0.0 0.0 0.0 0.0007178020396797803 0.9999997423800827
1629013131.731744289 0.00016888835903290585 -0.00025457645211492217 0.0 0.0 0.0 0.0007177793408856164 0.9999997423963757
1629013132.533311367 0.00014603575037523827 -8.309497463391462e-05 0.0 0.0 0.0 0.0007178229845038099 0.9999997423650483
1629013133.134488583 -0.00028784262931111143 -6.492566680874534e-05 0.0 0.0 0.0 0.0007178440798436322 0.9999997423499053
1629013133.635461807 -0.0009287712558031282 0.0007670468446647433 0.0 0.0 0.0 0.0007178585417856636 0.9999997423395238
1629013135.038238049 -0.001181453418532861 0.0005886094541585399 0.0 0.0 0.0 0.0007178415862491641 0.9999997423516953
1629013135.639563084 -0.0027110990010145468 -0.0007021355195442869 0.0 0.0 0.0 0.0007178510079745485 0.9999997423449319
1629013136.140389442 -0.0035228090014291754 -0.0004772838539389535 0.0 0.0 0.0 0.0007177709600255919 0.9999997424023913
1629013136.240868092 -0.003358224126299987 -0.00035003401544476216 0.0 0.0 0.0 0.0007177336788101039 0.99999974242915
1629013136.340748310 -0.003022578844058202 0.0006970227109204794 0.0 0.0 0.0 0.0007177440734456977 0.9999997424216893
1629013136.541119576 -0.002279251244042047 0.0016164882603193547 0.0 0.0 0.0 0.0007177887599194585 0.9999997423896149
1629013137.242624760 -0.00047273678281471807 0.0018166123608201142 0.0 0.0 0.0 0.0007177907033303815 0.9999997423882199
1629013137.342700481 -0.001192627649924526 0.0029812258013418753 0.0 0.0 0.0 0.0007177822732289551 0.9999997423942709
1629013135.739579201 0.1779728603863752 -0.09608642140926664 0.0 0.0 0.0 -0.058232810349045795 0.9983030300459135
1629013136.140389442 0.1891704786596945 -0.12610819669386597 0.0 0.0 0.0 -0.07539261988071004 0.9971539263661968
1629013136.240868092 0.19096499022671365 -0.13390111474623514 0.0 0.0 0.0 -0.07963656997649075 0.9968239647612709
1629013136.340748310 0.19165435111852128 -0.13859378177206577 0.0 0.0 0.0 -0.08446633051877078 0.9964263339598637
1629013136.541119576 0.20003465351507982 -0.1661421670863286 0.0 0.0 0.0 -0.09637670656870233 0.9953449303788965
1629013137.242624760 0.23533477082044793 -0.23542251591355282 0.0 0.0 0.0 -0.13922315826635287 0.9902610323557834
1629013137.342700481 0.24537082040877117 -0.2531318173656715 0.0 0.0 0.0 -0.14656626647348328 0.9892008539887255
1629013138.044185638 0.24493563436258278 -0.25362372182888726 0.0 0.0 0.0 -0.14656626146854596 0.9892008547302887
1629013138.545035839 0.2440151188538498 -0.2532695308789037 0.0 0.0 0.0 -0.146566268409711 0.9892008537018417
1629013139.446808338 0.2447961790518112 -0.25342928718790697 0.0 0.0 0.0 -0.14656625595120318 0.9892008555477732
1629013140.047982454 0.2445040993909096 -0.2539375586234103 0.0 0.0 0.0 -0.14656627804614855 0.9892008522740461
1629013140.248363495 0.2449930905418735 -0.2543212514364663 0.0 0.0 0.0 -0.14656625282019536 0.9892008560116831
1629013140.649135590 0.24457781435732565 -0.25489677102530917 0.0 0.0 0.0 -0.14656625135849777 0.9892008562282575
1629013141.250308990 0.24466583003880288 -0.2556899233888854 0.0 0.0 0.0 -0.14656625364339257 0.989200855889713
1629013141.751293659 0.24537589481179758 -0.25535600579755113 0.0 0.0 0.0 -0.1465663194037927 0.989200846146234
1629013142.853490353 0.24520090253778434 -0.2544685923630008 0.0 0.0 0.0 -0.1465663478709252 0.9892008419283613
1629013143.354449272 0.24445231585262647 -0.25435867820991426 0.0 0.0 0.0 -0.14656640074130506 0.989200834094745
1629013144.055785656 0.24469203845518764 -0.25305948273853773 0.0 0.0 0.0 -0.14656645741509616 0.9892008256975875
1629013144.656959772 0.24395985728018543 -0.25219989788548647 0.0 0.0 0.0 -0.14656643082137735 0.9892008296378862
1629013145.157940865 0.24408490535836525 -0.25207134752491483 0.0 0.0 0.0 -0.1465664534174503 0.9892008262899048
1629013145.658915520 0.24417494962600453 -0.253500938809182 0.0 0.0 0.0 -0.14656641607373957 0.9892008318229921
1629013146.260293722 0.24422561152890496 -0.252683411284801 0.0 0.0 0.0 -0.14656644031585864 0.9892008282311221
1629013146.360308409 0.24510274422104097 -0.25241971339554653 0.0 0.0 0.0 -0.1465664171217326 0.9892008316677147
1629013146.761072397 0.24576855223711028 -0.25340969685519854 0.0 0.0 0.0 -0.14656640971381074 0.9892008327653203
1629013146.861275196 0.24462238251164026 -0.2520588919212193 0.0 0.0 0.0 -0.14656638811759748 0.9892008359651552
1629013146.961471319 0.24444034961770406 -0.25260170274253213 0.0 0.0 0.0 -0.14656636936182094 0.989200838744132
1629013147.363122463 0.2434837376790671 -0.2527076740985498 0.0 0.0 0.0 -0.14656638604377165 0.9892008362724266
1629013147.662840843 0.2440258274763337 -0.25250208448015 0.0 0.0 0.0 -0.1465663739335284 0.9892008380667584
1629013147.963420868 0.24405052885784553 -0.25437409694215796 0.0 0.0 0.0 -0.1465663725531926 0.9892008382712778
1629013148.163911819 0.24352749858041375 -0.25466914546710634 0.0 0.0 0.0 -0.14656634742322575 0.9892008419946954
1629013148.464430809 0.24259561945438726 -0.2547348704453416 0.0 0.0 0.0 -0.14656636450832972 0.9892008394632565
1629013148.564584255 0.24168161301565066 -0.2539331021346727 0.0 0.0 0.0 -0.1465663658973198 0.9892008392574548
1629013148.967636585 0.24195977702291432 -0.25529066696328234 0.0 0.0 0.0 -0.1465663661649281 0.9892008392178042
1629013149.566569805 0.24189132303191732 -0.25548230268917854 0.0 0.0 0.0 -0.14656638851960754 0.9892008359055907
1629013150.267954588 0.24188244856136806 -0.2557696431949398 0.0 0.0 0.0 -0.14656637971550115 0.989200837210064
1629013150.368111134 0.24223219443920432 -0.2567926458006948 0.0 0.0 0.0 -0.14656638656886228 0.9892008361946257
1629013150.468353271 0.24196721103494068 -0.25622480588246116 0.0 0.0 0.0 -0.14656640409664579 0.9892008335975959
1629013150.571737289 0.24157728965746947 -0.25722435871273486 0.0 0.0 0.0 -0.14656641081825306 0.989200832601679
1629013150.668736935 0.24180204077612516 -0.2571444793581504 0.0 0.0 0.0 -0.14656643919412415 0.9892008283973256
1629013150.768898010 0.24142166061017345 -0.2573333652543345 0.0 0.0 0.0 -0.14656648735983624 0.9892008212607787
1629013150.869095564 0.24222140860174407 -0.25862609700437866 0.0 0.0 0.0 -0.14656644457708548 0.9892008275997509
1629013151.470263958 0.24183760760586034 -0.25921185984540207 0.0 0.0 0.0 -0.14656641569562642 0.9892008318790158
1629013151.971232891 0.24223272297992163 -0.25871751462150194 0.0 0.0 0.0 -0.14656644827702803 0.9892008270515433
1629013152.171621323 0.2424662714237248 -0.2577339571990353 0.0 0.0 0.0 -0.14656643719743026 0.9892008286931687
1629013152.672604084 0.2421865682974681 -0.2576678036066946 0.0 0.0 0.0 -0.14656644408860228 0.9892008276721278
1629013152.772806168 0.24056502667328772 -0.25706998256947805 0.0 0.0 0.0 -0.1465664189953169 0.9892008313901122
1629013153.073383331 0.2406458298022874 -0.25727225954010935 0.0 0.0 0.0 -0.14656643303245176 0.9892008293102791
1629013153.574472904 0.2407546138389155 -0.2580735395296386 0.0 0.0 0.0 -0.14656640689897993 0.9892008331823839
1629013153.975163460 0.24014526869730657 -0.25800291665247344 0.0 0.0 0.0 -0.14656639467611907 0.9892008349934022
1629013154.278061152 0.23954701820660676 -0.2581003978514107 0.0 0.0 0.0 -0.14656643276307338 0.9892008293501919
1629013154.878062725 0.23885355034618228 -0.25694679587754404 0.0 0.0 0.0 -0.14656642953970725 0.9892008298277868
1629013155.578306198 0.23801405084689697 -0.2574693675388954 0.0 0.0 0.0 -0.14656644065320723 0.9892008281811383
1629013156.079273701 0.23856047441727268 -0.25706318613324797 0.0 0.0 0.0 -0.14656646692990383 0.9892008242878113
1629013156.581030369 0.2395004327098948 -0.2572917306949527 0.0 0.0 0.0 -0.14656648420228915 0.9892008217286216
1629013157.181401730 0.23932021848478968 -0.2566809753132646 0.0 0.0 0.0 -0.14656648609231127 0.9892008214485835
1629013157.686052322 0.23843948214298047 -0.25677514773064924 0.0 0.0 0.0 -0.1465664803874248 0.9892008222938569
1629013158.684444427 0.2372632247974308 -0.2577037723233358 0.0 0.0 0.0 -0.14656647247274154 0.9892008234665483
1629013159.485904694 0.23746170496295324 -0.25677763572823614 0.0 0.0 0.0 -0.14656644871207214 0.9892008269870843
1629013159.686296701 0.2377901367417901 -0.2573562719137753 0.0 0.0 0.0 -0.14656642301361 0.9892008307947358
1629013159.886710405 0.23815705089320566 -0.2575069200694769 0.0 0.0 0.0 -0.14656644003645686 0.9892008282725201
1629013160.187287807 0.2380380447532018 -0.2577346106792407 0.0 0.0 0.0 -0.1465664542088682 0.9892008261726432
1629013160.287604094 0.23900373218735876 -0.2581680544230677 0.0 0.0 0.0 -0.1465664572928716 0.989200825715697
1629013160.490854502 3.945842630759894 2.278142724971956 0.0 0.0 0.0 0.9119932923387124 0.41020511299738305
1629013160.588062286 3.945162206103197 2.277794551489838 0.0 0.0 0.0 0.9119933052038879 0.4102050843947308
1629013161.089177847 3.9444533311992185 2.2782859095161987 0.0 0.0 0.0 0.9119932999855915 0.4102050959963698
1629013161.590049744 3.9436473427336707 2.2785070023002403 0.0 0.0 0.0 0.9119933002904734 0.4102050953185373
1629013162.391571283 3.9446496740815156 2.278111231605864 0.0 0.0 0.0 0.911993312138992 0.41020506897617814
1629013162.992767334 3.9446708077778334 2.2787715166199107 0.0 0.0 0.0 0.9119933158096406 0.4102050608153648
1629013163.794341564 4.258842173048898 1.6465866045902668 0.0 0.0 0.0 0.9762691908958819 0.2165605386664431
1629013163.994716644 4.2591761352844335 1.6464724951392808 0.0 0.0 0.0 0.9762691861783389 0.21656055993343706
1629013164.297129869 4.258197100724869 1.645153450921825 0.0 0.0 0.0 0.9762691858484622 0.21656056142054297
1629013164.395480871 4.2581046570934955 1.6458876112319314 0.0 0.0 0.0 0.9762691789634214 0.21656059245875542
1629013164.796288013 4.257393620923046 1.646577807410908 0.0 0.0 0.0 0.9762691812058631 0.21656058234968253
1629013164.297129869 4.182731299988789 1.7335795579885633 0.0 0.0 0.0 0.9869198837562916 0.16121148546697253
1629013164.395480871 4.179467268050187 1.752592041618437 0.0 0.0 0.0 0.9887014303206874 0.14989823775424113
1629013164.796288013 4.125732904164744 1.80370059439464 0.0 0.0 0.0 0.9940737267254582 0.1087079842245221
1629013165.197075605 4.125244312872378 1.8036445580723635 0.0 0.0 0.0 0.9940737245830487 0.1087080038156579
1629013165.597881317 4.1252272706070725 1.804163873575159 0.0 0.0 0.0 0.994073721456764 0.10870803240377454
1629013165.898430824 4.124364795665102 1.8048599781717825 0.0 0.0 0.0 0.9940737220859209 0.10870802665048808
1629013165.998615742 4.123342909327375 1.805143445664801 0.0 0.0 0.0 0.9940737157615651 0.10870808448314734
1629013166.299229145 4.122090707699183 1.8052318678593717 0.0 0.0 0.0 0.9940737183338979 0.10870806096062112
1629013167.200989485 4.1205697395652665 1.8064325097853409 0.0 0.0 0.0 0.9940737193886071 0.10870805131590215
1629013167.902340412 4.119863570660961 1.8070439623937506 0.0 0.0 0.0 0.9940737199964592 0.10870804575743749
1629013168.403431416 4.119461331780974 1.8065709520392002 0.0 0.0 0.0 0.9940737241731924 0.1087080075635638
1629013169.004486561 4.120215274572722 1.8069510022243862 0.0 0.0 0.0 0.994073725901829 0.10870799175615069
1629013169.605694056 4.1191415101961 1.808388649263002 0.0 0.0 0.0 0.9940737273412587 0.10870797859337208
1629013170.106631994 4.119171394785062 1.8073330682732343 0.0 0.0 0.0 0.994073723253142 0.1087080159769071
1629013170.707806826 4.118636113433367 1.8069202143240077 0.0 0.0 0.0 0.994073727935496 0.10870797315940278
1629013171.309024096 4.118086952224911 1.806306318699251 0.0 0.0 0.0 0.9940737276991483 0.10870797532067146
1629013172.310935020 4.118672560893395 1.8067842333133095 0.0 0.0 0.0 0.9940737287490581 0.10870796571983195
1629013172.411147356 4.118469984492941 1.8063955180011546 0.0 0.0 0.0 0.9940737281663341 0.10870797104851786
1629013173.112493277 4.1193877860381 1.806332044023988 0.0 0.0 0.0 0.9940737302163948 0.1087079523018545
1629013173.212690830 4.119553655412973 1.8068330047539978 0.0 0.0 0.0 0.994073723421469 0.10870801443765171
1629013173.312892914 4.119131167759309 1.8066335393885669 0.0 0.0 0.0 0.9940737248954415 0.10870800095900021
1629013173.413134813 4.119098888081061 1.8069653543772555 0.0 0.0 0.0 0.9940737238043429 0.10870801093648497
1629013174.114495277 4.1189165185161585 1.8060135366280243 0.0 0.0 0.0 0.9940737271755123 0.10870798010902893
1629013174.314868450 4.120022194667614 1.8057575268895247 0.0 0.0 0.0 0.9940737249506566 0.10870800045408947
1629013174.415051937 4.11960076991903 1.8053569344012728 0.0 0.0 0.0 0.9940737334989193 0.10870792228499111
1629013174.415051937 4.1199593707827695 1.8068834167188328 0.0 0.0 0.0 0.99407372858268 0.10870796724126726
1629013174.916043282 4.119191567946376 1.8068651126044595 0.0 0.0 0.0 0.9940737267255538 0.10870798422364823
1629013175.517198086 4.1191001111842676 1.8067608447339087 0.0 0.0 0.0 0.9940737275006725 0.1087079771356212
1629013176.018274307 4.119529474149759 1.8075604962275897 0.0 0.0 0.0 0.9940737264066769 0.10870798713959895
1629013176.218912125 4.118755668565268 1.808202912823098 0.0 0.0 0.0 0.9940737303747784 0.10870795085352453
1629013176.420287848 4.117854600380946 1.8092797718869853 0.0 0.0 0.0 0.9940737294330263 0.10870795946532352
1629013176.619600296 4.118407755999204 1.8089853844593282 0.0 0.0 0.0 0.9940737301855601 0.1087079525838204
1629013176.820007801 4.1186786103098685 1.8091665765706586 0.0 0.0 0.0 0.9940737306290974 0.10870794852791912
1629013177.621303797 4.119244548558475 1.8088399096427368 0.0 0.0 0.0 0.9940737306449784 0.10870794838269641
1629013177.721537590 4.1189237014011555 1.8088476508957054 0.0 0.0 0.0 0.9940737301514865 0.1087079528954048
1629013177.921918392 4.119523852250263 1.8083860130465674 0.0 0.0 0.0 0.9940737336871698 0.10870792056354381
1629013178.122301817 4.119427863738703 1.8089239356043347 0.0 0.0 0.0 0.9940737318651407 0.10870793722499018
1629013178.523101568 4.118507732518338 1.8078168471250355 0.0 0.0 0.0 0.9940737344628128 0.10870791347071874
1629013178.723504305 0.4044870347180473 0.3965938236164064 0.0 0.0 0.0 0.992543168810831 0.12189363415270767
1629013179.925849915 0.4032672721867495 0.39600035633288483 0.0 0.0 0.0 0.9925431646332407 0.12189366816956373
1629013180.627175808 0.4026419913837402 0.3958247653784492 0.0 0.0 0.0 0.9925431660864708 0.12189365633635123
1629013180.828376532 0.4022086202211944 0.3960960060276034 0.0 0.0 0.0 0.9925431624987459 0.12189368555010585
1629013181.328547478 0.401886783949584 0.39630723688977537 0.0 0.0 0.0 0.9925431595020366 0.12189370995139469
1629013181.832266808 0.40216843086574827 0.3964390304545659 0.0 0.0 0.0 0.9925431663705664 0.12189365402304644
1629013182.531440973 0.4016024452077674 0.39696705658844883 0.0 0.0 0.0 0.9925431619380868 0.12189369011538206
1629013183.132084608 0.40191612037362234 0.3983782872471572 0.0 0.0 0.0 0.9925431659815375 0.12189365719079133
1629013183.634452820 0.4022395841592784 0.3992313903424602 0.0 0.0 0.0 0.9925431678849755 0.12189364169167002
1629013184.033816814 -1.2763862951427936 -1.2077277372122883 0.0 0.0 0.0 -0.934193702430709 0.356766206834117
1629013184.635001659 -1.2768833522179162 -1.2084515479798181 0.0 0.0 0.0 -0.9341937170798983 0.3567661684751553
1629013185.737141132 -1.2752782583158815 -1.2088933448604129 0.0 0.0 0.0 -0.9341937074557486 0.35676619367603096
1629013186.238120079 -1.2751283290330497 -1.2093047782479152 0.0 0.0 0.0 -0.9341937200566806 0.35676616068043837
1629013186.638895512 -1.2760025165553215 -1.2095478023842599 0.0 0.0 0.0 -0.9341937149306618 0.35676617410294004
1629013186.638895512 -1.276474678915388 -1.2090827788368494 0.0 0.0 0.0 -0.9341937126353913 0.3567661801131155
1629013187.039713860 -1.2769061028970978 -1.2093302820930807 0.0 0.0 0.0 -0.9341937044090977 0.3567662016536984
1629013188.142455101 -1.2778298153171592 -1.20917550183581 0.0 0.0 0.0 -0.93419371467886 0.3567661747622841
1629013188.542624950 -1.2787486458490338 -1.2084862055261272 0.0 0.0 0.0 -0.9341937024210935 0.35676620685929533
1629013188.642812967 -1.2783264480712446 -1.2070061834624202 0.0 0.0 0.0 -0.9341937098423146 0.35676618742679805
1629013189.150118589 -1.2780840821893478 -1.2063608868243034 0.0 0.0 0.0 -0.9341937127478791 0.3567661798185657
1629013189.243979216 -1.2798866219231637 -1.2062497327910267 0.0 0.0 0.0 -0.9341937026226582 0.35676620633149725
1629013189.346075773 -1.2796461727117912 -1.2058912662080354 0.0 0.0 0.0 -0.934193707329031 0.3567661940078417
1629013189.945374012 -1.2794187020526928 -1.2063553639795705 0.0 0.0 0.0 -0.9341937044953355 0.3567662014278845
1629013190.145747185 -1.2791898365147862 -1.2064218354743286 0.0 0.0 0.0 -0.9341937033769424 0.3567662043564011
1629013190.446377039 -1.2794250737606983 -1.2055576847502172 0.0 0.0 0.0 -0.9341937020633271 0.35676620779610796
1629013191.448290825 -1.280975724710642 -1.2051481872920822 0.0 0.0 0.0 -0.9341937095414239 0.3567661882146817
1629013191.949263096 -1.280547833321304 -1.2049669897152273 0.0 0.0 0.0 -0.9341937076797827 0.35676619308939683
1629013192.851044893 -1.2806786472723006 -1.2050853670199781 0.0 0.0 0.0 -0.934193705198608 0.3567661995863626
1629013193.354059696 -1.2802750767723794 -1.2057462989179328 0.0 0.0 0.0 -0.9341937202534165 0.3567661601652845
1629013194.253760338 -1.2801924570969472 -1.2047131995012255 0.0 0.0 0.0 -0.9341937310212243 0.3567661319697324
1629013194.554497957 -1.2788020055389686 -1.2040955156369908 0.0 0.0 0.0 -0.93419372596803 0.35676614520154426
1629013194.854950905 -1.2765180083388374 -1.2039229550669615 0.0 0.0 0.0 -0.9341937228058295 0.35676615348178004
1629013195.957142353 -1.2768998911795038 -1.2043497732534574 0.0 0.0 0.0 -0.9341937071007967 0.3567661946054739
1629013196.458153248 -1.2768123823545652 -1.203828117089193 0.0 0.0 0.0 -0.9341937326209435 0.35676612778086014
1629013197.259631634 -1.2764797596775732 -1.2045946049272176 0.0 0.0 0.0 -0.9341937275888954 0.35676614095730097
1629013197.760605812 -1.2765080934474473 -1.2046244210295778 0.0 0.0 0.0 -0.9341937303714074 0.3567661336712809
1629013198.562168837 -1.2768990558911417 -1.204871383792789 0.0 0.0 0.0 -0.9341937237218623 0.3567661510831443
1629013199.066054821 -1.2763221119383665 -1.2041206067434673 0.0 0.0 0.0 -0.9341937204210728 0.35676615972627546
1629013199.865200996 -1.2759779219963614 -1.2036113946889822 0.0 0.0 0.0 -0.9341937193636988 0.3567661624950142
1629013200.767469406 -1.2750573144147666 -1.2029615522291028 0.0 0.0 0.0 -0.9341937107016396 0.3567661851766522
1629013201.467884541 -1.275941110157689 -1.2036332089861987 0.0 0.0 0.0 -0.9341937072699195 0.3567661941626253
1629013202.074606419 -1.2766609471119843 -1.2027066277342255 0.0 0.0 0.0 -0.9341937262973796 0.35676614433914067
1629013202.369596958 0.93708096967097 0.9429838431323527 0.0 0.0 0.0 0.07046290830585004 0.9975144001732914
1629013202.670295238 0.9370621650538743 0.9431087565495028 0.0 0.0 0.0 0.07046289795046055 0.9975144009047804
1629013203.171209335 0.9363380952594365 0.9428754732624881 0.0 0.0 0.0 0.07046296248355162 0.997514396346259
1629013203.677692413 0.9353627487190502 0.9435115758428749 0.0 0.0 0.0 0.07046294365498354 0.9975143976762815
1629013204.573929071 0.9337673180926088 0.9431247537240909 0.0 0.0 0.0 0.07046297454473471 0.9975143954942746
1629013205.475691319 0.9335898784314501 0.9424870301549895 0.0 0.0 0.0 0.07046293984154535 0.9975143979456571
1629013205.676188707 0.9337699552089499 0.9418094400196497 0.0 0.0 0.0 0.07046293801856095 0.99751439807443
1629013205.878082752 0.9342149735335821 0.9421143773660181 0.0 0.0 0.0 0.07046289513961533 0.9975144011033342
1629013206.076845169 0.9346269604940273 0.9433257676179571 0.0 0.0 0.0 0.0704629274973777 0.9975143988176307
1629013206.076845169 0.9350082279182206 0.9443070976615995 0.0 0.0 0.0 0.07046293229339119 0.9975143984788475
1629013206.377456665 0.9343792965383036 0.9441166896765618 0.0 0.0 0.0 0.07046286151424012 0.9975144034785789
1629013206.477707386 0.9349311351376949 0.9451331023522854 0.0 0.0 0.0 0.07046290322001575 0.997514400532547
1629013207.078907251 0.9348173828435095 0.9448130429077499 0.0 0.0 0.0 0.07046290084603915 0.9975144007002411
1629013207.078907251 0.9344912853430568 0.9450328930732657 0.0 0.0 0.0 0.07046290728139394 0.9975144002456574
1629013207.580000401 0.9349242679441626 0.9456918385491382 0.0 0.0 0.0 0.07046294043306423 0.9975143979038731
1629013208.080886364 0.9353005829558398 0.9465089608734417 0.0 0.0 0.0 0.07046298619174217 0.9975143946715468
1629013209.383306265 0.9358375387280257 0.9469830699592481 0.0 0.0 0.0 0.07046293114403983 0.997514398560036
1629013209.483502388 0.9368910342017603 0.9468475430092447 0.0 0.0 0.0 0.07046295299368352 0.9975143970166095
1629013209.483502388 0.9373014186145789 0.9469458074122009 0.0 0.0 0.0 0.0704629400472149 0.997514397931129
1629013209.784077168 0.9364903237671888 0.9463524115142364 0.0 0.0 0.0 0.07046298242637956 0.9975143949375266
1629013209.986763000 0.9375671876777604 0.9459295982390954 0.0 0.0 0.0 0.07046298606883518 0.9975143946802287
1629013210.786072731 0.938537137121497 0.9461522202319161 0.0 0.0 0.0 0.07046297830046971 0.9975143952289749
1629013211.487395525 0.9390234082981364 0.9468012635953836 0.0 0.0 0.0 0.07046298881703009 0.9975143944861001
1629013212.089605808 0.9399359236691401 0.9463736237654321 0.0 0.0 0.0 0.07046293867722248 0.9975143980279031
1629013212.489371300 4.108037250467308 1.7591149978864744 0.0 0.0 0.0 0.6786361711913363 0.7344746061987188
1629013212.790127516 4.107674978461172 1.7583638214007604 0.0 0.0 0.0 0.6786361680400166 0.7344746091104596
1629013213.491334200 4.108218832027705 1.7586636396399409 0.0 0.0 0.0 0.6786361513507896 0.7344746245308875
1629013213.691732168 4.108522449439915 1.758834791584788 0.0 0.0 0.0 0.6786361680162711 0.7344746091323997
1629013213.992370605 4.109097748997078 1.7582706623015838 0.0 0.0 0.0 0.6786361873705037 0.7344745912495726
1629013214.192687035 4.110075241285634 1.759834182032859 0.0 0.0 0.0 0.6786361890525048 0.7344745896954455
1629013214.394271851 4.110575775928978 1.7602363907768814 0.0 0.0 0.0 0.678636208425462 0.7344745717953161
1629013214.394271851 4.110045096513814 1.7604040411771653 0.0 0.0 0.0 0.6786361708962256 0.7344746064713937
1629013215.094453812 4.110795693294773 1.7594364535430858 0.0 0.0 0.0 0.678636154050981 0.7344746220359784
1629013215.595432520 4.110403299209239 1.7599830537613117 0.0 0.0 0.0 0.6786361506323185 0.7344746251947368
1629013215.695641518 4.110060074692009 1.7591209372425523 0.0 0.0 0.0 0.6786361924505931 0.7344745865556966
1629013215.795802355 4.110466178775699 1.7588810439669276 0.0 0.0 0.0 0.678636159154124 0.734474617320802
1629013216.196589470 4.110458943048561 1.7590657567190946 0.0 0.0 0.0 0.6786361595452686 0.7344746169593942
1629013216.497184753 4.110363929863633 1.7592480427610198 0.0 0.0 0.0 0.6786361491608228 0.7344746265543619
1629013217.098364115 4.109879284768567 1.7587138408727672 0.0 0.0 0.0 0.6786361630969918 0.7344746136776907
1629013217.599331856 4.10980683405607 1.7580098887050457 0.0 0.0 0.0 0.678636132782363 0.7344746416876481
1629013218.100379467 4.1092243067211225 1.7579353880682138 0.0 0.0 0.0 0.6786361581664901 0.7344746182333509
1629013219.406359673 4.109682364430464 1.7570536249927313 0.0 0.0 0.0 0.6786361673814605 0.734474609718949
1629013220.204417229 4.108404114518984 1.7560486608952948 0.0 0.0 0.0 0.6786361335019475 0.73447464102277
1629013220.806005239 4.108450057982834 1.7553523071675063 0.0 0.0 0.0 0.678636136870923 0.7344746379099212
1629013221.406772852 4.107942289199673 1.7537738742400544 0.0 0.0 0.0 0.6786361460270327 0.7344746294499055
1629013221.907737732 4.107562745532542 1.7536808694891959 0.0 0.0 0.0 0.6786361938900882 0.7344745852256391
1629013223.711259842 4.107312853043444 1.7527363085934295 0.0 0.0 0.0 0.6786362159016404 0.7344745648875134
1629013224.012077093 4.1074094383638 1.7520836358671086 0.0 0.0 0.0 0.6786362233299909 0.7344745580239024
1629013224.012077093 4.1068667335160445 1.7510860939623492 0.0 0.0 0.0 0.6786362198891844 0.7344745612031219
1629013224.212237358 4.106224896260488 1.7506623534079226 0.0 0.0 0.0 0.6786362490806855 0.7344745342309001
1629013224.813429356 4.107116943226317 1.7515557244460276 0.0 0.0 0.0 0.6786362146490759 0.7344745660448518
1629013225.114006281 4.107103442345824 1.752044595626724 0.0 0.0 0.0 0.6786362544111768 0.7344745293056585
1629013225.314388275 4.107166273904429 1.7527702114851613 0.0 0.0 0.0 0.6786362307090273 0.7344745512058561
1629013225.816148996 4.107223314014912 1.7523924588027289 0.0 0.0 0.0 0.6786362103975024 0.7344745699731998
1629013225.915573120 4.106397538568619 1.751356507278873 0.0 0.0 0.0 0.6786361803849168 0.7344745977040804
1629013226.416540146 4.107109215384309 1.75125102290968 0.0 0.0 0.0 0.6786361775425412 0.7344746003303644
1629013225.816148996 5.011388772792427 3.7855131435064364 0.0 0.0 0.0 -0.3581140551723773 0.9336778478083303
1629013225.915573120 4.9583981868348355 3.801537898988063 0.0 0.0 0.0 -0.3401480740113894 0.9403718880030083
1629013226.015756130 4.902899634483261 3.8367060690138652 0.0 0.0 0.0 -0.32030208973682167 0.9473154550149728
1629013226.416540146 4.720913720025803 3.8698132789168365 0.0 0.0 0.0 -0.24396790535842522 0.969783306288071
1629013226.618190289 4.588332839463349 3.924066382248395 0.0 0.0 0.0 -0.20044762878837447 0.9797044187473679
1629013226.817325592 4.4509479058725 3.971663273354308 0.0 0.0 0.0 -0.15626530951588327 0.9877151173500915
1629013226.917517185 4.382070862392653 3.9832807537334656 0.0 0.0 0.0 -0.13374175404387248 0.9910162174380742
1629013227.318311214 4.130959127014986 3.960577669839288 0.0 0.0 0.0 -0.050908958787521504 0.9987032982398578
1629013227.418504953 4.051847804915636 3.958533454448107 0.0 0.0 0.0 -0.026871038376352872 0.9996389084547362
1629013227.618903399 3.9237434892189835 3.945035964840176 0.0 0.0 0.0 -0.005843168218837139 0.9999829285468659
1629013227.819284201 3.922977225420049 3.9441329828036364 0.0 0.0 0.0 -0.005843181100633798 0.9999829284715941
1629013228.420449734 3.923176868529431 3.944054440257437 0.0 0.0 0.0 -0.005843207774849207 0.9999829283157288
1629013229.021659851 3.9237877736864184 3.9440768969477458 0.0 0.0 0.0 -0.0058431469710253335 0.9999829286710223
1629013230.023580551 3.922819423649331 3.9442643681332488 0.0 0.0 0.0 -0.005843145048563783 0.9999829286822558
1629013230.123798370 3.9215441888326623 3.94508306085586 0.0 0.0 0.0 -0.005843131791937418 0.9999829287597174
1629013230.424386501 3.922196434362793 3.944532925171071 0.0 0.0 0.0 -0.0058431085656208805 0.9999829288954338
1629013230.624771357 3.9214964046509215 3.945165173884621 0.0 0.0 0.0 -0.005843165257210059 0.9999829285641715
1629013230.724998474 3.9222791888785307 3.945360049458178 0.0 0.0 0.0 -0.005843119528090762 0.9999829288313778
1629013230.724998474 3.9218488941939373 3.9456241798443887 0.0 0.0 0.0 -0.005843092692486226 0.9999829289881838
1629013231.225924015 3.920930151512085 3.945587907627826 0.0 0.0 0.0 -0.005843095357908888 0.9999829289726092
1629013231.426332474 3.9196316952534636 3.944914716572179 0.0 0.0 0.0 -0.005843079309907933 0.9999829290663806
1629013231.726910353 3.9193066345638052 3.9442817855347285 0.0 0.0 0.0 -0.005843044416139044 0.9999829292702707
1629013231.927503109 3.919337246517202 3.943241502671573 0.0 0.0 0.0 -0.005843052278750158 0.9999829292243282
1629013232.227927685 3.9197045820779053 3.943121301449615 0.0 0.0 0.0 -0.005843026411352255 0.9999829293754751
1629013232.328094959 3.919722633304851 3.943325263669654 0.0 0.0 0.0 -0.0058429771913085975 0.9999829296630727
1629013232.428275108 3.919402708251331 3.943725688635057 0.0 0.0 0.0 -0.0058430103659713965 0.9999829294692301
1629013232.528468847 3.9195856659417703 3.94363252348572 0.0 0.0 0.0 -0.005842996272756223 0.9999829295515782
1629013233.129659176 3.919564953184073 3.94371194560918 0.0 0.0 0.0 -0.005842968883154747 0.9999829297116178
1629013233.730814695 3.9195727763362025 3.9437187219662837 0.0 0.0 0.0 -0.0058429996420789505 0.9999829295318909
1629013234.632601976 3.919050262615443 3.9440137652235983 0.0 0.0 0.0 -0.005842989209385375 0.9999829295928501
1629013235.033603668 3.9204711633218716 3.944429754055346 0.0 0.0 0.0 -0.005842952501641087 0.999982929807336
1629013235.133549213 3.920496349961281 3.9443912787359796 0.0 0.0 0.0 -0.005842959704149411 0.9999829297652514
1629013235.133549213 3.919329454552824 3.944086680039103 0.0 0.0 0.0 -0.005842974632863947 0.9999829296780219
1629013236.035361052 3.9193477647289043 3.9447972125867174 0.0 0.0 0.0 -0.005842999233424723 0.9999829295342787
1629013236.536616802 3.919893814765962 3.945081940947283 0.0 0.0 0.0 -0.005842996290734475 0.9999829295514732
1629013237.037281513 3.92038665107382 3.945937471771858 0.0 0.0 0.0 -0.005842986260407325 0.9999829296100813
1629013237.738643646 3.921139050912117 3.9444399481755266 0.0 0.0 0.0 -0.00584298760211442 0.9999829296022416
1629013238.239623070 3.9212157689865217 3.943969633728818 0.0 0.0 0.0 -0.00584299752455482 0.9999829295442638
1629013238.941011429 3.9214093009328366 3.9441322033193815 0.0 0.0 0.0 -0.005843073135847318 0.9999829291024568
1629013239.542208195 3.919826558351943 3.9431328433613233 0.0 0.0 0.0 -0.005843073993879139 0.9999829290974431
1629013239.942944527 3.919739340841877 3.9430552026373773 0.0 0.0 0.0 -0.005843104970665523 0.9999829289164399
1629013240.443916321 3.9193055533211534 3.942503637058184 0.0 0.0 0.0 -0.005843138518599481 0.999982928720412
1629013240.544137478 3.9185851816907595 3.9415124829258588 0.0 0.0 0.0 -0.0058430967378448094 0.999982928964546
1629013240.644346952 3.9183032615733273 3.9415863038732626 0.0 0.0 0.0 -0.005843114774103021 0.9999829288591564
1629013241.045111418 3.9174969164233526 3.9418411356344354 0.0 0.0 0.0 -0.005843107821756505 0.9999829288997805
1629013241.245482445 3.918404194956242 3.941866038292475 0.0 0.0 0.0 -0.0058430947196508555 0.9999829289763387
1629013241.746649981 3.9184161193584894 3.9422569243222974 0.0 0.0 0.0 -0.005843069903891451 0.9999829291213417
1629013242.247446537 3.9183545099619943 3.9420516800589995 0.0 0.0 0.0 -0.005843068753651211 0.9999829291280627
1629013242.347635746 3.9184099335041065 3.942141011253635 0.0 0.0 0.0 -0.005843090658097602 0.9999829290000711
1629013242.347635746 3.917930203369574 3.9412591706390656 0.0 0.0 0.0 -0.005843080140143298 0.9999829290615294
1629013242.748418331 3.918049995549339 3.941376303050057 0.0 0.0 0.0 -0.005843106941759155 0.9999829289049225
1629013242.948856115 3.917519126522323 3.942269761933974 0.0 0.0 0.0 -0.005843137255598773 0.9999829287277919
1629013243.049047709 3.9181661374401404 3.942017666425868 0.0 0.0 0.0 -0.005843115959931168 0.9999829288522274
1629013243.049047709 3.9194673190842084 3.943096288432638 0.0 0.0 0.0 -0.00584309372841421 0.9999829289821307
1629013243.550235271 3.919127834594363 3.944396440262693 0.0 0.0 0.0 -0.005843126693595055 0.9999829287895082
1629013243.750394821 3.9190979512589563 3.9444274505609727 0.0 0.0 0.0 -0.005843153829182274 0.9999829286309484
1629013243.850748301 3.9189075434333263 3.944672706638955 0.0 0.0 0.0 -0.0058431949192439365 0.9999829283908479
1629013244.051008224 3.9191101337686978 3.944367919401098 0.0 0.0 0.0 -0.005843192494774098 0.9999829284050148
1629013244.551958561 3.919645260040665 3.9432952342123846 0.0 0.0 0.0 -0.005843162175410925 0.9999829285821793
1629013244.752338409 3.9198987468788276 3.944331477207468 0.0 0.0 0.0 -0.005843182757760053 0.999982928461911
1629013245.052947521 3.9205666282491594 3.944533288799401 0.0 0.0 0.0 -0.0058431266757754405 0.9999829287896123
1629013245.654092550 3.919842062761892 3.9450643797730653 0.0 0.0 0.0 -0.005843155769885968 0.9999829286196084
1629013246.255266666 3.9213738727301517 3.945132449851145 0.0 0.0 0.0 -0.005843171754517773 0.999982928526206
1629013246.555862904 3.921363481526209 3.944357693651351 0.0 0.0 0.0 -0.005843179533849345 0.9999829284807492
1629013246.956682920 3.921701777005469 3.9443365281597527 0.0 0.0 0.0 -0.00584319029410542 0.999982928417874
1629013247.358104467 3.9210145386382442 3.943657747030033 0.0 0.0 0.0 -0.005843201515338503 0.999982928352305
1629013247.557822704 3.922796712312066 3.943951424102903 0.0 0.0 0.0 -0.005843180959672623 0.9999829284724178
1629013248.259931803 3.922567075553734 3.94471369161617 0.0 0.0 0.0 -0.005843173148098719 0.9999829285180629
1629013248.960558414 3.923079360645593 3.9454089814311737 0.0 0.0 0.0 -0.005843177906740396 0.9999829284902568
1629013249.461553097 3.9228386355316207 3.944307587609014 0.0 0.0 0.0 -0.005843174523939393 0.9999829285100235
1629013250.263106346 3.9226513121794384 3.9438567963524194 0.0 0.0 0.0 -0.00584316256697911 0.9999829285798912
1629013250.864261150 3.923337336120586 3.9438529185626305 0.0 0.0 0.0 -0.005843151792051456 0.9999829286428519
1629013251.365235329 3.9240804666321565 3.943812862522607 0.0 0.0 0.0 -0.005843118498302484 0.9999829288373951
1629013252.166831970 3.9228719566702486 3.9437311343539516 0.0 0.0 0.0 -0.005843135892173197 0.9999829287357588
1629013252.667804718 3.923411708929317 3.9435943410643324 0.0 0.0 0.0 -0.005843112376728436 0.9999829288731648
1629013253.068570137 3.9223506595077406 3.943993968925427 0.0 0.0 0.0 -0.005843168487102762 0.9999829285452984
1629013253.168779850 3.922629567461943 3.944321711404669 0.0 0.0 0.0 -0.005843164359776756 0.9999829285694154
1629013253.168779850 3.9218544296786626 3.9446165145432315 0.0 0.0 0.0 -0.005843213195852292 0.9999829282840522
1629013253.769940376 3.92347316300225 3.944590771253527 0.0 0.0 0.0 -0.005843176681781265 0.9999829284974147
1629013254.771917343 3.9246016012756835 3.9433040960188745 0.0 0.0 0.0 -0.005843150147483246 0.9999829286524615
1629013254.972341061 3.926075082863936 3.9432632432039934 0.0 0.0 0.0 -0.005843144709683124 0.999982928684236
1629013255.573482752 3.9261193666516716 3.943419199009022 0.0 0.0 0.0 -0.00584316172595669 0.9999829285848055
1629013256.074461937 3.9258180775083935 3.9450314928949 0.0 0.0 0.0 -0.005843142201066507 0.9999829286988944
1629013256.876011133 3.925783747593977 3.9456754773626384 0.0 0.0 0.0 -0.005843123431526455 0.9999829288085692
1629013258.078352928 3.9248653168771463 3.945551531457166 0.0 0.0 0.0 -0.005843113086624051 0.9999829288690167
1629013258.579374075 3.9254157897125337 3.9456975733979522 0.0 0.0 0.0 -0.0058430849768717034 0.9999829290332676
1629013259.581286430 3.9251947853677347 3.946397564352598 0.0 0.0 0.0 -0.005843076892491621 0.9999829290805061
1629013260.082254410 3.9245199250966643 3.946503094788394 0.0 0.0 0.0 -0.0058430959772817846 0.9999829289689901
1629013260.683427811 3.925390016664696 3.9467910628490745 0.0 0.0 0.0 -0.0058430690244534395 0.9999829291264803
1629013261.184803009 3.925273748714744 3.9472978759109467 0.0 0.0 0.0 -0.005843092639989482 0.9999829289884905
1629013262.086208582 3.9260221206049377 3.9473203176496083 0.0 0.0 0.0 -0.005843115395719533 0.9999829288555242
1629013262.687365055 3.925656707470673 3.9476148362320638 0.0 0.0 0.0 -0.005843089381063341 0.999982929007533
1629013263.388790369 3.9253842533335424 3.9477720123378575 0.0 0.0 0.0 -0.0058431079574459786 0.9999829288989875
1629013264.691281557 3.9255728863251558 3.9475653629204146 0.0 0.0 0.0 -0.005843158831642165 0.9999829286017178
1629013265.292447567 3.9267023975135515 3.949174113847001 0.0 0.0 0.0 -0.005843174121960893 0.9999829285123724
1629013265.893932343 3.92723881964098 3.94933825058619 0.0 0.0 0.0 -0.005843190530633655 0.9999829284164918
1629013266.795362473 3.9275428614444947 3.9503083815203106 0.0 0.0 0.0 -0.005843201895787006 0.999982928350082
1629013266.996018648 3.928670491125909 3.9512105019346366 0.0 0.0 0.0 -0.005843199819568419 0.9999829283622139
1629013267.596940279 3.9282993874192966 3.951850486024766 0.0 0.0 0.0 -0.005843208807497561 0.9999829283096947
1629013268.498708248 3.928280148672673 3.95153463288946 0.0 0.0 0.0 -0.005843218540748085 0.9999829282528202
1629013269.099856377 3.927554255068441 3.9514676098050767 0.0 0.0 0.0 -0.005843258004178973 0.9999829280222221
1629013269.600833416 3.927781520502755 3.950944676265922 0.0 0.0 0.0 -0.005843277191154994 0.9999829279101056
1629013270.202024698 3.926794280419977 3.950923391636652 0.0 0.0 0.0 -0.005843262570674691 0.9999829279955385
1629013270.602983952 3.9258010082802337 3.950878641124297 0.0 0.0 0.0 -0.005843283502361962 0.9999829278732267
1629013270.702999592 3.9244526344537833 3.9506258580900777 0.0 0.0 0.0 -0.005843271139157899 0.9999829279454696
1629013271.204852819 3.9253179331553056 3.9506735551383314 0.0 0.0 0.0 -0.005843306535816917 0.9999829277386332
1629013271.805147171 3.9257950804586095 3.950062373613494 0.0 0.0 0.0 -0.0058433318318530676 0.9999829275908179
1629013272.707123518 3.9254110134969253 3.949264048232594 0.0 0.0 0.0 -0.005843318894380043 0.999982927666417
1629013273.207884312 3.9249237156440757 3.9477319917838893 0.0 0.0 0.0 -0.005843333531014543 0.9999829275808889
1629013273.809125662 3.924558696610001 3.947889745977915 0.0 0.0 0.0 -0.005843308221848511 0.9999829277287811
1629013275.311985254 3.9239851199274978 3.9471042785186587 0.0 0.0 0.0 -0.005843306533296294 0.9999829277386479
1629013275.812977314 3.924325878266977 3.946970792159159 0.0 0.0 0.0 -0.005843247952604637 0.999982928080957
1629013275.913190365 3.9255036506784844 3.9466154990146385 0.0 0.0 0.0 -0.005843264955144367 0.999982927981605
1629013276.013378859 3.925684773579194 3.9476113275824654 0.0 0.0 0.0 -0.005843237191528053 0.9999829281438376
1629013276.313955784 3.9268710852555975 3.946938275210618 0.0 0.0 0.0 -0.005843252637512483 0.9999829280535815
1629013276.313955784 3.9270786311578387 3.9472223100409476 0.0 0.0 0.0 -0.005843260908419246 0.9999829280052516
1629013276.514402390 3.9275935057462443 3.9471454457787627 0.0 0.0 0.0 -0.005843212252943116 0.9999829282895619
1629013276.614527225 3.9284511435394216 3.9465641566784115 0.0 0.0 0.0 -0.005843232478645565 0.9999829281713766
1629013277.015316010 3.928908805116731 3.946588310772167 0.0 0.0 0.0 -0.005843300580667499 0.9999829277734316
1629013277.015316010 3.9293759358610436 3.9461719529280597 0.0 0.0 0.0 -0.005843275393534879 0.9999829279206097
1629013277.215725422 3.929950979486829 3.9469830371941437 0.0 0.0 0.0 -0.005843297002894626 0.9999829277943378
1629013277.616681337 3.9297883233394226 3.9482541127464406 0.0 0.0 0.0 -0.005843330085050609 0.9999829276010251
1629013278.117462635 3.9303480448501777 3.948198752305314 0.0 0.0 0.0 -0.005843357095176829 0.9999829274431931
1629013278.718654156 3.9313320226594484 3.9474986675944717 0.0 0.0 0.0 -0.005843321433183645 0.9999829276515817
1629013278.919036388 3.931712100498371 3.947304343781649 0.0 0.0 0.0 -0.0058432760844843576 0.9999829279165723
1629013279.822077751 3.93132470196045 3.9468186147093856 0.0 0.0 0.0 -0.005843333015032676 0.9999829275839041
1629013280.021559715 3.9316878107298936 3.946524778830146 0.0 0.0 0.0 -0.005843287072444239 0.9999829278523654
1629013280.021559715 3.931623112091299 3.946498700574202 0.0 0.0 0.0 -0.005843218666691542 0.9999829282520843
1629013280.822953224 4.172109544581134 -0.12015496529824882 0.0 0.0 0.0 0.6945059981967157 0.7194869133408777
1629013281.023141384 4.172197196874435 -0.1200726126347568 0.0 0.0 0.0 0.694505951225932 0.7194869586808114
1629013281.323719501 4.171407989818891 -0.1208347176057533 0.0 0.0 0.0 0.6945059494811674 0.7194869603649966
1629013281.524127960 4.172289085073426 -0.12064988520758224 0.0 0.0 0.0 0.6945059776892791 0.7194869331362861
1629013281.824714661 4.171607448262976 -0.12144520928352665 0.0 0.0 0.0 0.6945059344707333 0.7194869748542593
1629013282.125304222 4.171603528246635 -0.12107710838052647 0.0 0.0 0.0 0.694505936004456 0.7194869733737884
1629013281.323719501 4.201046721766117 -0.5610307432510925 0.0 0.0 0.0 0.7874232169127307 0.6164127492734124
1629013281.524127960 4.252383286611323 -0.7234219667887699 0.0 0.0 0.0 0.804672158108296 0.593719393287214
1629013281.724548578 4.299170182498586 -0.9176062562799914 0.0 0.0 0.0 0.7990593412968963 0.6012521676353194
1629013281.824714661 4.3406491743351845 -0.9903548750941343 0.0 0.0 0.0 0.7900073002866512 0.6130974355628939
1629013282.125304222 4.449388132543449 -1.2158769698402303 0.0 0.0 0.0 0.7546968120374737 0.6560737168188298
1629013283.027065277 4.449236256172924 -1.2164431627138486 0.0 0.0 0.0 0.754696792636937 0.6560737391357164
1629013283.728429317 4.44953711113184 -1.2162499885525868 0.0 0.0 0.0 0.7546967900633675 0.6560737420961529
1629013285.031048775 4.448862190578507 -1.217160446280237 0.0 0.0 0.0 0.7546968104739287 0.6560737186174119
1629013285.632148743 4.449808631582856 -1.216224175988366 0.0 0.0 0.0 0.7546968315475655 0.656073694375918
1629013286.233335018 4.449508436158756 -1.2151755530658703 0.0 0.0 0.0 0.7546968307114698 0.6560736953376984
1629013287.335497141 4.449424616744764 -1.2145810848965668 0.0 0.0 0.0 0.7546968342321152 0.6560736912878181
1629013288.238262653 4.449481733993656 -1.2158182778881352 0.0 0.0 0.0 0.754696840918182 0.6560736835966797
1629013289.139037371 4.448648092217311 -1.2154241673737567 0.0 0.0 0.0 0.754696841020716 0.6560736834787325
1629013289.740151167 4.449661768232039 -1.214893477742195 0.0 0.0 0.0 0.7546968530200857 0.6560736696755777
1629013289.740151167 4.448936210614143 -1.2148272365190222 0.0 0.0 0.0 0.7546968389794466 0.6560736858268523
1629013290.241132259 4.448690661321316 -1.215176136610165 0.0 0.0 0.0 0.754696867578287 0.6560736529289387
1629013290.942499161 4.4498855164281705 -1.2145075492113315 0.0 0.0 0.0 0.7546968631490051 0.6560736580240453
1629013291.643872261 4.45070582359564 -1.21364872781177 0.0 0.0 0.0 0.7546968461139452 0.6560736776198723
1629013291.944457531 4.451169147760366 -1.2140571529091861 0.0 0.0 0.0 0.7546968295868703 0.6560736966313514
1629013291.944457531 3.90865080170304 -2.6367013727182043 0.0 0.0 0.0 0.4116537983607271 0.9113403043293904
1629013292.144999266 3.9918227013312317 -2.519686056445498 0.0 0.0 0.0 0.3808942988101971 0.9246185879236304
1629013292.445479393 3.992842097180492 -2.5197281651140018 0.0 0.0 0.0 0.38089429920122136 0.924618587762549
1629013293.047432423 3.9919835422331174 -2.5196271930621084 0.0 0.0 0.0 0.38089429815472065 0.9246185881936523
1629013293.848223686 3.992062737957487 -2.520080005520478 0.0 0.0 0.0 0.38089426886187744 0.9246186002607647
1629013294.449362993 3.9915213550694086 -2.52062675594752 0.0 0.0 0.0 0.38089429957703674 0.9246185876077327
1629013295.150742054 3.992598474106094 -2.521084047889257 0.0 0.0 0.0 0.3808943469744026 0.9246185680825058
1629013295.651784420 3.99262527883515 -2.5214673815186472 0.0 0.0 0.0 0.3808943811383079 0.9246185540087682
1629013296.152692318 3.9935503798450025 -2.520739896066951 0.0 0.0 0.0 0.38089437429443457 0.9246185568280852
1629013296.753854752 3.9933790606572344 -2.521048980901881 0.0 0.0 0.0 0.3808944055208332 0.9246185439644454
1629013297.254834890 3.992236290103714 -2.520281992262109 0.0 0.0 0.0 0.3808943786867075 0.924618555018699
1629013297.755830765 3.9913660780009494 -2.519008905210966 0.0 0.0 0.0 0.38089438286258814 0.9246185532984551
1629013298.356981039 3.9918154368086824 -2.5191467956261557 0.0 0.0 0.0 0.38089437342377797 0.9246185571867501
1629013298.958150387 3.99262053643557 -2.518643518695677 0.0 0.0 0.0 0.38089436843580676 0.9246185592415328
1629013299.759720087 3.994208907956235 -2.516956758142309 0.0 0.0 0.0 0.3808943749555723 0.9246185565557312
1629013300.361333370 3.993205437153005 -2.517402930260174 0.0 0.0 0.0 0.3808944201138032 0.924618537952906
1629013300.461078167 3.9935268213395925 -2.517480426414053 0.0 0.0 0.0 0.3808944136788584 0.9246185406037664
1629013300.461078167 4.528563874442928 -1.8546353697488918 0.0 0.0 0.0 0.6844197953323575 0.7290881591119237
1629013300.962058544 4.52848701793054 -1.8538419640897221 0.0 0.0 0.0 0.6844198291876931 0.72908812733077
1629013301.863822460 4.528963343654594 -1.8522599912590774 0.0 0.0 0.0 0.6844198313575246 0.7290881252938753
1629013302.164443970 4.5291785032589935 -1.8524044718155832 0.0 0.0 0.0 0.6844197930632766 0.729088161241987
1629013302.665424824 4.528069341372226 -1.8513805515987631 0.0 0.0 0.0 0.6844197733761046 0.7290881797230028
1629013303.867745638 4.528020813278398 -1.850519159273033 0.0 0.0 0.0 0.6844197682496908 0.7290881845353412
1629013304.370109081 4.526568605794224 -1.8506295254476162 0.0 0.0 0.0 0.6843656249121216 0.7291390069380744
1629013304.769490957 4.528006958731726 -1.8515498024096524 0.0 0.0 0.0 0.6843656268298547 0.7291390051381013
1629013305.271343708 4.5284504124139255 -1.8512137209410957 0.0 0.0 0.0 0.6843656230775303 0.729139008660011
1629013306.072058678 4.529232692893679 -1.8509867486797065 0.0 0.0 0.0 0.6843656463896401 0.7291389867793999
1629013306.575726032 4.529885086363577 -1.849446394506199 0.0 0.0 0.0 0.6843656400055885 0.729138992771434
1629013307.374596596 4.530042271947764 -1.8492855449137653 0.0 0.0 0.0 0.6843656526243433 0.7291389809275435
1629013307.975763083 4.5299642112988225 -1.8503012317627965 0.0 0.0 0.0 0.6843656480139598 0.7291389852548229
1629013308.476742268 4.530666103998337 -1.8508934119190992 0.0 0.0 0.0 0.6843656370294267 0.7291389955648423
