1629013127.723922968 -0.00020211592113557965 -0.0023724012008669846 0.0 0.0 0.0 -5.842721898723241e-08 0.9999999999999983
1629013127.723922968 -0.0004667109903444106 -0.0009188922789413867 0.0 0.0 0.0 -1.5541849073854152e-08 0.9999999999999999
1629013127.723922968 0.005335548525872955 -0.0038613533143989224 0.0 0.0 0.0 -8.080661299956309e-08 0.9999999999999968
1629013127.723922968 -3.262039977199174e-06 -0.0016151725588888113 0.0 0.0 0.0 -3.74449245975448e-08 0.9999999999999993
1629013127.723922968 3.792543641769502e-05 -0.0017833727637128777 0.0 0.0 0.0 -2.3761158228571048e-08 0.9999999999999997
1629013128.224887848 -0.0011392967673256257 0.0011792894823721167 0.0 0.0 0.0 1.594128951358902e-08 0.9999999999999999
1629013128.224887848 0.005881583556919409 -0.004206587385404255 0.0 0.0 0.0 -1.2491234547806207e-07 0.9999999999999922
1629013128.325093031 -0.001520158361890231 0.0005273880456092201 0.0 0.0 0.0 0.0005179318542282403 0.9999998658732882
1629013128.325093031 0.005741355685426864 -0.005030784795260646 0.0 0.0 0.0 -1.213672962860558e-07 0.9999999999999927
1629013128.425327301 -0.001984749422144569 0.004422449687404511 0.0 0.0 0.0 -0.0003955390252951809 0.9999999217744366
1629013128.425327301 0.007137452484757714 -0.005402457626575027 0.0 0.0 0.0 -1.3144983790527442e-07 0.9999999999999913
1629013128.425327301 0.008196384123243744 0.00037109358040039936 0.0 0.0 0.0 -1.200361824260229e-07 0.9999999999999928
1629013128.525490284 -0.0027581788284517235 0.004808765772411699 0.0 0.0 0.0 0.00012235640355575222 0.9999999925144553
1629013128.525490284 0.007950915464029177 0.0010883788562458603 0.0 0.0 0.0 -1.3571690770278933e-07 0.9999999999999908
1629013128.625700474 -0.0003115922600045234 -0.01017796596483555 0.0 0.0 0.0 1.66032034164043e-08 0.9999999999999999
1629013128.625700474 -0.0008384058911964537 0.009262023738315906 0.0 0.0 0.0 -1.6799470080957452e-08 0.9999999999999999
1629013128.625700474 -0.0023743893118159066 0.0031218386726334204 0.0 0.0 0.0 0.0008129141037060269 0.9999996695852754
1629013128.926275730 -0.0018033825205373034 0.0027907991482622675 0.0 0.0 0.0 0.0002950242579034837 0.9999999564803427
1629013128.926275730 -0.005261206527440602 0.004353697789700348 0.0 0.0 0.0 2.603051569115861e-07 0.9999999999999661
1629013128.926275730 -0.006904632303965694 0.00664406367775731 0.0 0.0 0.0 2.492345978938294e-07 0.9999999999999689
1629013128.926275730 -0.007659019797589736 0.006646893475050383 0.0 0.0 0.0 2.159845928789767e-07 0.9999999999999767
1629013128.926275730 -0.008393366777689941 0.006148746750134551 0.0 0.0 0.0 2.694548365338676e-07 0.9999999999999637
1629013129.327075481 -0.002590311087090426 0.0029162802426821208 0.0 0.0 0.0 0.000717877095822105 0.9999997423262045
1629013129.327075481 -0.007446371643707645 0.006587813692318493 0.0 0.0 0.0 2.4896521771576973e-07 0.999999999999969
1629013129.727863789 -0.0021081080327494056 0.0009172393711333383 0.0 0.0 0.0 0.0007178613713289961 0.9999997423374926
1629013129.928267002 -0.0005574603927319781 0.001985274131920051 0.0 0.0 0.0 0.0007178548037065967 0.9999997423422072
1629013130.128615141 -4.2555362959087754e-05 0.0015721777188003683 0.0 0.0 0.0 0.0007178594540290596 0.9999997423388689
1629013130.729794502 6.345772821421489e-06 0.00018277731836563403 0.0 0.0 0.0 0.0014296451361933958 0.9999989780568701
1629013131.631546736 -0.0073784570867354285 0.005974378617953849 0.0 0.0 0.0 2.8955322218792324e-07 0.999999999999958
1629013131.731744289 -0.007366857921285308 0.007281415240780135 0.0 0.0 0.0 2.599513010459626e-07 0.9999999999999662
1629013131.831948757 -0.007215497657533082 0.00822085397990854 0.0 0.0 0.0 2.3373408136203694e-07 0.9999999999999727
1629013131.831948757 -0.0072158713042384725 0.008188020001200834 0.0 0.0 0.0 2.4218943425798976e-07 0.9999999999999707
1629013131.831948757 -0.007770940748978184 0.008630539010406198 0.0 0.0 0.0 2.53295609460267e-07 0.9999999999999679
1629013131.831948757 -0.00821789103873855 0.008891928991705267 0.0 0.0 0.0 2.7813426888860865e-07 0.9999999999999614
1629013131.831948757 -0.008267413548314747 0.010417667609076718 0.0 0.0 0.0 3.126160675024071e-07 0.9999999999999512
1629013132.533311367 -0.008137618374185883 0.01001123850910205 0.0 0.0 0.0 2.7991221354395223e-07 0.9999999999999608
1629013132.533311367 -0.009722088389559638 0.01118747762030807 0.0 0.0 0.0 2.818983860081802e-07 0.9999999999999603
1629013132.533311367 -0.009856339262229733 0.011010058112164019 0.0 0.0 0.0 2.6413908844621257e-07 0.9999999999999651
1629013132.533311367 -0.009936074220792858 0.011758798359154927 0.0 0.0 0.0 3.28269533681374e-07 0.9999999999999462
1629013132.533311367 -0.010018910136656917 0.010779504771844587 0.0 0.0 0.0 3.4738880030841346e-07 0.9999999999999397
1629013132.533311367 -0.010140017985007733 0.0117243041339287 0.0 0.0 0.0 3.677695531540497e-07 0.9999999999999324
1629013132.934135914 -0.010080230813257835 0.012449875090014358 0.0 0.0 0.0 3.6053837707772556e-07 0.999999999999935
1629013133.134488583 -0.011103904195297418 0.012117719824411437 0.0 0.0 0.0 3.4103085006999525e-07 0.9999999999999418
1629013133.134488583 0.15839893244041234 -0.03842102852474079 0.0 0.0 0.0 0.018607488738874196 0.9998268656936723
1629013133.134488583 0.1584641211638671 -0.03783154494955893 0.0 0.0 0.0 0.018607527718600567 0.9998268649682311
1629013133.134488583 0.15914578310418254 -0.03824988239019752 0.0 0.0 0.0 0.01860747325503367 0.9998268659818375
1629013133.134488583 0.1593841805782112 -0.03764782052885458 0.0 0.0 0.0 0.018607510226555653 0.9998268652937711
1629013133.635461807 0.15704300731231288 -0.037631233937649076 0.0 0.0 0.0 0.018607470623153315 0.9998268660308186
1629013133.635461807 0.1571812599603299 -0.03789542030835261 0.0 0.0 0.0 0.01860746945021837 0.9998268660526477
1629013133.635461807 0.15750338073962458 -0.03791323672479055 0.0 0.0 0.0 0.018607460323964597 0.9998268662224936
1629013133.635461807 0.1575609207173501 -0.03806482971533109 0.0 0.0 0.0 0.018607512942818406 0.9998268652432194
1629013133.635461807 0.15782851744940027 -0.03913686329412284 0.0 0.0 0.0 0.01860747707546421 0.9998268659107366
1629013133.635461807 0.15923713755295352 -0.03850851297676647 0.0 0.0 0.0 0.018607528720181874 0.9998268649495909
1629013135.038238049 0.15541448261410612 -0.03769831924320553 0.0 0.0 0.0 0.01860752819997208 0.9998268649592724
1629013135.038238049 0.1561600173208353 -0.037743889441872354 0.0 0.0 0.0 0.018607507117040893 0.9998268653516414
1629013135.038238049 0.1591268248738744 -0.055314881553229917 0.0 0.0 0.0 -0.02755880907453152 0.9996201838910584
1629013135.038238049 0.1602594462977639 -0.05619585756565356 0.0 0.0 0.0 -0.027558803488925733 0.9996201840450496
1629013135.243909359 0.16111258477834578 -0.05596341617735582 0.0 0.0 0.0 -0.02755880174310759 0.9996201840931805
1629013135.243909359 0.16499206381951134 -0.06912587468617035 0.0 0.0 0.0 -0.03705658566072042 0.9993131688610781
1629013135.243909359 0.165343598909575 -0.06940953172748265 0.0 0.0 0.0 -0.03705659691816648 0.9993131684436288
1629013135.243909359 0.16543905045408025 -0.0671683875024353 0.0 0.0 0.0 -0.037056542623036176 0.999313170457003
1629013135.639563084 0.165618942904796 -0.06644369861166742 0.0 0.0 0.0 -0.03705653817972899 0.9993131706217697
1629013135.639563084 0.17641013408666723 -0.09056809310777897 0.0 0.0 0.0 -0.053734581294665115 0.9985552537406666
1629013135.739579201 0.1667632258379365 -0.06652705034260512 0.0 0.0 0.0 -0.03705652201780273 0.9993131712210863
1629013135.739579201 0.17652255204650472 -0.09053086452353229 0.0 0.0 0.0 -0.05373460448666401 0.9985552524926509
1629013135.739579201 0.17874911900349055 -0.09441322067926447 0.0 0.0 0.0 -0.05823256870707347 0.9983030441412948
1629013135.739579201 0.17907035394257753 -0.0950657558689853 0.0 0.0 0.0 -0.05823262769414268 0.9983030407004856
1629013135.739579201 0.1794477103593857 -0.09524451439382728 0.0 0.0 0.0 -0.058232615145400096 0.998303041432474
1629013136.140389442 0.1794964163131119 -0.0959612650894075 0.0 0.0 0.0 -0.05823263455359542 0.9983030403003627
1629013136.140389442 0.19604268707997183 -0.1355221456794154 0.0 0.0 0.0 -0.07539249529125311 0.9971539357861244
1629013136.240868092 0.17914410662525537 -0.09606740306180893 0.0 0.0 0.0 -0.05823263683144344 0.998303040167492
1629013136.240868092 0.19755105743648546 -0.14330490502504747 0.0 0.0 0.0 -0.07963646715108777 0.9968239729760183
1629013136.340748310 0.18028406007375214 -0.09628334878664148 0.0 0.0 0.0 -0.05823264644555946 0.998303039606685
1629013136.340748310 0.18055642094985985 -0.09694638502322049 0.0 0.0 0.0 -0.05823263356200808 0.9983030403582035
1629013136.340748310 0.1986577051892016 -0.14785558449229722 0.0 0.0 0.0 -0.08446618528191886 0.9964263462714745
1629013136.541119576 0.1794438608730577 -0.09813675051918751 0.0 0.0 0.0 -0.05823271039909467 0.9983030358761688
1629013136.541119576 0.17948620099068188 -0.09776685379112493 0.0 0.0 0.0 -0.058232702642281114 0.9983030363286368
1629013136.541119576 0.17952454464113957 -0.09815631211085837 0.0 0.0 0.0 -0.05823270881660601 0.998303035968478
1629013136.541119576 0.18012833985472085 -0.09840023760127901 0.0 0.0 0.0 -0.058232705983422665 0.9983030361337424
1629013136.541119576 0.18034684084051056 -0.09778815855963004 0.0 0.0 0.0 -0.058232692259009684 0.9983030369343106
1629013136.541119576 0.2076374447478767 -0.17514974071437467 0.0 0.0 0.0 -0.09637655437755432 0.9953449451151647
1629013137.242624760 0.17947544062652587 -0.09872288167132928 0.0 0.0 0.0 -0.05823270409378423 0.9983030362439682
1629013137.242624760 0.24230452252993107 -0.24408281957791592 0.0 0.0 0.0 -0.13922299097524812 0.9902610558756242
1629013137.342700481 0.18061495246308948 -0.0989721536150415 0.0 0.0 0.0 -0.0582326658103232 0.9983030384771066
1629013137.342700481 0.18070902633932648 -0.09951280038843512 0.0 0.0 0.0 -0.05823267187937361 0.9983030381230887
1629013137.342700481 0.2522795710924475 -0.2611162756540548 0.0 0.0 0.0 -0.14656611143160017 0.9892008769607009
1629013137.552075386 0.18033491752282269 -0.09979421991804813 0.0 0.0 0.0 -0.05823268543911322 0.9983030373321266
1629013137.552075386 0.2984840717428201 -0.29653640895220607 0.0 0.0 0.0 -0.16305828821218815 0.9866164374493823
1629013138.044185638 0.5475471002200915 -0.38119516643609747 0.0 0.0 0.0 -0.20136536311506265 0.9795162022843414
1629013138.545035839 0.7753922198006573 -0.4901610584110808 0.0 0.0 0.0 -0.22709272351575344 0.973873141084709
1629013138.945878506 0.9864101550274129 -0.5636546285056774 0.0 0.0 0.0 -0.2388003545606087 0.9710686848321943
1629013139.446808338 1.1637541009529406 -0.653054731255914 0.0 0.0 0.0 -0.24916004090102434 0.9684623245218164
1629013146.861275196 0.18031451703466525 -0.09963550593048844 0.0 0.0 0.0 -0.0582326545260713 0.9983030391353355
1629013146.961471319 0.18082944861320957 -0.0995541763534562 0.0 0.0 0.0 -0.05823263616329252 0.9983030402064663
1629013146.961471319 0.18191713029376327 -0.09903548305829626 0.0 0.0 0.0 -0.05823262879655192 0.9983030406361803
1629013146.961471319 0.18200498342222343 -0.10035022610739225 0.0 0.0 0.0 -0.05823262453180327 0.9983030408849499
1629013146.961471319 0.18271592396631417 -0.1010877146677014 0.0 0.0 0.0 -0.058232636082888915 0.9983030402111565
1629013147.363122463 0.18427166470107545 -0.10143894517946751 0.0 0.0 0.0 -0.058232593995190825 0.9983030426661993
1629013147.363122463 0.18429587228841884 -0.10118326974047985 0.0 0.0 0.0 -0.058232594143618796 0.9983030426575412
1629013147.363122463 0.1853815670192197 -0.10130469495504714 0.0 0.0 0.0 -0.05823257625864637 0.9983030437007998
1629013147.662840843 0.18641894405747061 -0.1023607952265468 0.0 0.0 0.0 -0.058232627736613946 0.9983030406980081
1629013147.662840843 0.18643862523255483 -0.10175350255001687 0.0 0.0 0.0 -0.0582326226998333 0.9983030409918117
1629013147.662840843 0.18685965207350902 -0.10188788206114419 0.0 0.0 0.0 -0.05823261356568293 0.9983030415246213
1629013147.963420868 0.1851130829473031 -0.10343931975149814 0.0 0.0 0.0 -0.05823266051137147 0.9983030387862031
1629013147.963420868 0.18613829395649995 -0.10261867846858258 0.0 0.0 0.0 -0.05823261605443048 0.9983030413794487
1629013167.200989485 0.18486262567744735 -0.10472196982396392 0.0 0.0 0.0 -0.05823264580069921 0.9983030396443008
1629013167.200989485 0.18505737508198197 -0.10419810590298625 0.0 0.0 0.0 -0.058232635863484414 0.9983030402239547
1629013167.200989485 0.18591857590353622 -0.1060109313869308 0.0 0.0 0.0 -0.05823259481431705 0.9983030426184183
1629013167.200989485 0.18604803010255033 -0.10580231106685709 0.0 0.0 0.0 -0.058232625926140334 0.998303040803616
1629013179.925849915 0.231706962151965 0.6204982522340062 0.0 0.0 0.0 0.9997201942866377 0.023654452762371228
1629013179.925849915 0.23172816840477758 0.6210119131225912 0.0 0.0 0.0 0.9997201943146242 0.023654451579566686
1629013179.925849915 0.2321104917029375 0.6200122273298247 0.0 0.0 0.0 0.9997201937733657 0.02365447445503815
1629013179.925849915 0.23249976150743745 0.6226336735474801 0.0 0.0 0.0 0.9997201936565575 0.023654479391759478
1629013179.925849915 0.23250975035785226 0.6219984442774116 0.0 0.0 0.0 0.9997201942128346 0.023654455881547326
1629013179.925849915 0.23328885050030923 0.6203737076116428 0.0 0.0 0.0 0.999720194086767 0.02365446120960911
1629013180.627175808 -0.09594049966888393 0.6246688898494198 0.0 0.0 0.0 -0.9939495046697214 0.10983798144000713
1629013180.627175808 0.2335898605340471 0.6224948402674524 0.0 0.0 0.0 0.9997201949153012 0.02365442619283454
1629013180.627175808 0.23384513712194333 0.6228645535027272 0.0 0.0 0.0 0.9997201943862868 0.023654448550854437
1629013180.828376532 0.23285986657613944 0.622851668261573 0.0 0.0 0.0 0.9997201954459229 0.02365440376685847
1629013180.828376532 0.2329476847023281 0.6228075761836764 0.0 0.0 0.0 0.9997201946393584 0.023654437855156724
1629013180.828376532 0.23329790193570488 0.6225669441297447 0.0 0.0 0.0 0.9997201949482523 0.023654424800202616
1629013180.828376532 0.23332085598169552 0.6230500269583281 0.0 0.0 0.0 0.9997201937507368 0.023654475411415684
1629013180.828376532 0.2333608314551277 0.6221367791139695 0.0 0.0 0.0 0.9997201938039688 0.02365447316164727
1629013180.828376532 -0.4059927329632696 0.5087432305987268 0.0 0.0 0.0 -0.9814795029386707 0.19156718223970357
1629013181.328547478 0.23363078077396732 0.6232104406788276 0.0 0.0 0.0 0.99972019507536 0.023654419428176313
1629013181.328547478 -0.6966305627171477 0.3531919453265156 0.0 0.0 0.0 -0.9542513024695974 0.29900577207652174
1629013181.428739548 0.2340830103446026 0.6235174252507528 0.0 0.0 0.0 0.9997201940393229 0.02365446321476571
1629013181.428739548 -0.9288883337887657 0.1923483862910654 0.0 0.0 0.0 -0.9375616049916174 0.3478192588767078
1629013181.629146099 0.23403319462197827 0.6227722488335724 0.0 0.0 0.0 0.9997201936311323 0.023654480466314708
1629013181.629146099 -0.9897457044113243 0.10406316923336897 0.0 0.0 0.0 -0.9208772047321286 0.3898527591344472
1629013181.832266808 -1.015761478732134 0.007557847409950698 0.0 0.0 0.0 -0.9029598406017154 0.4297249425627104
1629013182.330725193 -1.0369387665774379 -0.22145783626664386 0.0 0.0 0.0 -0.8592590075660345 0.5115407685772791
1629013182.531440973 -1.0418641645823359 -0.33795936577015784 0.0 0.0 0.0 -0.8518156010477357 0.5238417526426132
1629013182.734062195 -1.0408562494364735 -0.4697481148096059 0.0 0.0 0.0 -0.8611308513679664 0.5083833758319418
1629013182.831467628 -1.0475321393997734 -0.5328753557839164 0.0 0.0 0.0 -0.8661735534791745 0.49974330936317674
1629013183.132084608 -1.0593510298483262 -0.7141704921770285 0.0 0.0 0.0 -0.8842896549071348 0.4669387606787644
1629013185.737141132 0.23415933699646418 0.6230761589836985 0.0 0.0 0.0 0.9997201929391483 0.02365450971193956
1629013185.737141132 0.23435341243581473 0.6226150134169113 0.0 0.0 0.0 0.9997201935903971 0.023654482187926432
1629013185.737141132 0.23457106820484247 0.6242547260951905 0.0 0.0 0.0 0.9997201919853829 0.02365455002128016
1629013186.238120079 0.23408126192541268 0.6236430172193448 0.0 0.0 0.0 0.9997201909580551 0.023654593439540784
1629013186.238120079 0.23445630869714007 0.6246391245170677 0.0 0.0 0.0 0.9997201911150848 0.023654586802949823
1629013186.238120079 0.23464903963727207 0.625180501647933 0.0 0.0 0.0 0.9997201909053303 0.02365459566786169
1629013186.538707733 0.23481607882945477 0.6235460441510348 0.0 0.0 0.0 0.9997201918969935 0.02365455375690825
1629013186.538707733 -1.7301761614922233 -1.5844128869080698 0.0 0.0 0.0 -0.9751373585458273 0.22160129053835997
1629013186.638895512 0.23526179547210155 0.6242546500194278 0.0 0.0 0.0 0.9997201919132369 0.023654553070407466
1629013186.638895512 0.235512777482514 0.6237945541736452 0.0 0.0 0.0 0.9997201918555716 0.023654555507535743
1629013186.638895512 -1.7214034722653997 -1.5568521874305634 0.0 0.0 0.0 -0.9809512165624885 0.19425424248796694
1629013186.638895512 -1.7224270475752965 -1.5573233936715036 0.0 0.0 0.0 -0.9809512156451673 0.19425424712028444
1629013186.638895512 -1.7227292469429196 -1.556909763885063 0.0 0.0 0.0 -0.9809512138366528 0.19425425625297715
1629013187.039713860 -1.5556456994126096 -1.4544079088490092 0.0 0.0 0.0 -0.9939585239096261 0.10975633351837727
1629013187.039713860 -1.555904709677927 -1.4520497050955201 0.0 0.0 0.0 -0.9939585300896963 0.10975627755135679
1629013187.039713860 -1.556129026758073 -1.4544760800064376 0.0 0.0 0.0 -0.9939585223037815 0.10975634806098042
1629013187.039713860 -1.556711119992814 -1.4539322180988865 0.0 0.0 0.0 -0.9939585273751146 0.10975630213474602
1629013187.039713860 -1.721177792153518 -1.5566052022828323 0.0 0.0 0.0 -0.9809512109199425 0.1942542709818715
1629013187.039713860 -1.7214911435814477 -1.556245701522126 0.0 0.0 0.0 -0.980951221117881 0.19425421948400007
1629013188.142455101 -1.2447396443447205 -1.3733379332880191 0.0 0.0 0.0 -0.9965174227297787 0.0833848079448492
1629013188.142455101 -1.244857230508964 -1.3708027401911005 0.0 0.0 0.0 -0.9965174220881953 0.08338481561230218
1629013188.142455101 -1.2450399728043788 -1.3725442339978045 0.0 0.0 0.0 -0.9965174245795622 0.08338478583840432
1629013188.142455101 -1.5557999814721806 -1.4526213705200806 0.0 0.0 0.0 -0.9939585307191516 0.10975627185097546
1629013188.142455101 -1.5563132724191426 -1.451338807580433 0.0 0.0 0.0 -0.9939585376711807 0.10975620889301894
1629013188.542624950 -1.2445552213393827 -1.3711701564761813 0.0 0.0 0.0 -0.9965174206104741 0.08338483327228928
1629013188.542624950 -1.33277912268485 -1.3828801433008338 0.0 0.0 0.0 -0.9993076272564363 0.03720572680530932
1629013188.642812967 -1.3321020232373861 -1.3833555614884052 0.0 0.0 0.0 -0.9993076264755992 0.03720574777778661
1629013188.642812967 -1.4117758706527799 -1.3978525931198462 0.0 0.0 0.0 -0.999745113193489 0.022576727967929578
1629013188.642812967 -1.412655049886076 -1.3968587375051675 0.0 0.0 0.0 -0.9997451128582979 0.02257674281089383
1629013188.642812967 -1.4134491347922777 -1.3961375224766304 0.0 0.0 0.0 -0.9997451115846608 0.022576799210120704
1629013188.642812967 -1.4135129155484947 -1.395833285132146 0.0 0.0 0.0 -0.9997451118099686 0.022576789233047703
1629013188.642812967 -1.4135428075005572 -1.3953665839590028 0.0 0.0 0.0 -0.999745112612775 0.02257675368315502
1629013189.150118589 -1.4141947334883165 -1.3959274703992353 0.0 0.0 0.0 -0.9997451115836734 0.022576799253843906
1629013189.150118589 -1.6083809467666097 -1.398604859375498 0.0 0.0 0.0 0.9984323534522497 0.05597173911718345
1629013189.243979216 -1.6073179023655964 -1.3993517924357406 0.0 0.0 0.0 0.99843235115651 0.055971780068920875
1629013189.346075773 -1.6078411390879106 -1.3982395713795206 0.0 0.0 0.0 0.9984323495405774 0.055971808894142085
1629013189.346075773 -1.7566748993692947 -1.3940455340680926 0.0 0.0 0.0 0.996239141508839 0.08664625165424894
1629013189.346075773 -1.757240513678879 -1.3937873860953531 0.0 0.0 0.0 0.9962391363542978 0.08664631091998533
1629013189.346075773 -1.7575079320929563 -1.3940069950477467 0.0 0.0 0.0 0.9962391374786043 0.08664629799297073
1629013189.945374012 -1.7575596255851067 -1.3929350487939607 0.0 0.0 0.0 0.9962391394683853 0.08664627511492433
1629013189.945374012 -1.757624435595413 -1.3923270686760352 0.0 0.0 0.0 0.9962391431642518 0.0866462326206829
1629013189.945374012 -1.989041991762454 -1.330081679744805 0.0 0.0 0.0 0.9857713874012906 0.16809155773248896
1629013189.945374012 -1.9893146007600684 -1.329841723582172 0.0 0.0 0.0 0.9857713949236904 0.1680915136174393
1629013190.145747185 -1.988697390619112 -1.329911663272369 0.0 0.0 0.0 0.9857713919974189 0.1680915307785343
1629013190.145747185 -1.9889558668636478 -1.328881258442653 0.0 0.0 0.0 0.9857713993370422 0.1680914877353691
1629013190.145747185 -2.0791859560621546 -1.3009642205636767 0.0 0.0 0.0 0.9808145178066446 0.19494327805728287
1629013190.145747185 -2.079647962603823 -1.301124862975666 0.0 0.0 0.0 0.9808145271722722 0.19494323093616778
1629013190.145747185 -2.0799889738170383 -1.2999690975759557 0.0 0.0 0.0 0.9808145296318427 0.19494321856137276
1629013190.145747185 -2.080312759284529 -1.3005941332061148 0.0 0.0 0.0 0.9808145231061965 0.19494325139374363
1629013190.446377039 -2.0804391436502443 -1.3006922162998646 0.0 0.0 0.0 0.9808145111799018 0.19494331139828922
1629013190.446377039 -2.080642798860504 -1.3008943638325778 0.0 0.0 0.0 0.9808145102712098 0.19494331597017342
1629013190.446377039 -2.1446455391975268 -1.2473914355251845 0.0 0.0 0.0 0.9716986677322402 0.23622383268288025
1629013190.446377039 -2.145326779845424 -1.2467964441142956 0.0 0.0 0.0 0.9716986566734858 0.23622387817268437
1629013190.446377039 -2.146199854732665 -1.2478120605566774 0.0 0.0 0.0 0.9716986707414996 0.2362238203043942
1629013190.446377039 -2.1469231167675384 -1.2471906768956718 0.0 0.0 0.0 0.9716986652926669 0.23622384271798147
1629013191.448290825 -2.1479557180329314 -1.2470831738599415 0.0 0.0 0.0 0.9716986787538487 0.2362237873458655
1629013191.448290825 -2.2510983170655456 -1.128603701350046 0.0 0.0 0.0 0.939952209198335 0.34130608612090335
1629013191.548486233 -2.14843524019899 -1.246384635979221 0.0 0.0 0.0 0.9716986736218381 0.23622380845621882
1629013191.548486233 -2.148627690683561 -1.2466022085433874 0.0 0.0 0.0 0.971698672337457 0.23622381373947737
1629013191.548486233 -2.2510819353406686 -1.1279396040948673 0.0 0.0 0.0 0.9399522094644414 0.3413060853880501
1629013191.548486233 -2.2733136236703384 -1.0736920852507708 0.0 0.0 0.0 0.9307277928475166 0.36571269546078133
1629013191.548486233 -2.273611698104904 -1.0740087685170285 0.0 0.0 0.0 0.9307277814078685 0.3657127245743399
1629013191.548486233 -2.274174123063034 -1.0735239979560598 0.0 0.0 0.0 0.9307277521687063 0.36571279898711123
1629013191.949263096 -2.274494994688389 -1.073806596900276 0.0 0.0 0.0 0.930727744317419 0.3657128189683937
1629013191.949263096 -2.344942443317655 -0.9053727034046288 0.0 0.0 0.0 0.9025784392483541 0.43052544756843947
1629013192.049455166 -2.2743576791785363 -1.0742401157801689 0.0 0.0 0.0 0.930727734717152 0.36571284340077365
1629013192.049455166 -2.365802699346934 -0.85401382548074 0.0 0.0 0.0 0.8946152270410749 0.4468373255965152
1629013192.249902725 -2.2741826261816827 -1.0754079744386198 0.0 0.0 0.0 0.9307277531156795 0.3657127965770939
1629013192.249902725 -2.274252568884344 -1.0751731310292887 0.0 0.0 0.0 0.9307277501357228 0.3657128041609912
1629013192.249902725 -2.2743120717440792 -1.0766237556420708 0.0 0.0 0.0 0.9307277444991718 0.36571281850583853
1629013192.249902725 -2.2751917039549165 -1.0767345763867333 0.0 0.0 0.0 0.9307277259738714 0.3657128656521481
1629013192.249902725 -2.275913499814304 -1.0773636515331295 0.0 0.0 0.0 0.9307277197279199 0.36571288154789766
1629013192.249902725 -2.414684997590171 -0.7536678759572207 0.0 0.0 0.0 0.8777689136727629 0.4790842662723727
1629013192.851044893 -2.274455284128542 -1.0758244856078483 0.0 0.0 0.0 0.930727712731916 0.36571289935250584
1629013192.851044893 -2.27492700160936 -1.0761574798579916 0.0 0.0 0.0 0.9307277182081455 0.36571288541567554
1629013192.851044893 -2.505818978388502 -0.4864712418347896 0.0 0.0 0.0 0.8216500696563287 0.5699922482225088
1629013193.051414251 -2.2746288593414974 -1.0762009289993038 0.0 0.0 0.0 0.9307277362915725 0.36571283939392285
1629013193.051414251 -2.5637557018295043 -0.33688414944004963 0.0 0.0 0.0 0.7972673912008911 0.6036262974123355
1629013193.151612282 -2.5847267550612316 -0.2690101423562652 0.0 0.0 0.0 0.7856415629630966 0.6186819332620783
1629013193.251803398 -2.6008983303375737 -0.20740095627372254 0.0 0.0 0.0 0.7731960266580281 0.6341670949838362
1629013193.354059696 -2.613822091748116 -0.14367958914501702 0.0 0.0 0.0 0.7610680851360851 0.6486720047815326
1629013193.452210426 -2.625427209503782 -0.08345528335335212 0.0 0.0 0.0 0.7480959835230072 0.6635905359758716
1629013193.552470684 -2.635427264890717 -0.019375359762054845 0.0 0.0 0.0 0.7350891154337094 0.6779704952067506
1629013194.253760338 -2.6639445306351806 0.08176107597273495 0.0 0.0 0.0 0.6827105422521906 0.7306889321029297
1629013202.770405769 -2.274720230620393 -1.0761000383147188 0.0 0.0 0.0 0.9307277207922612 0.3657128788391828
1629013202.870672941 -2.2736763749810973 -1.0753264535306697 0.0 0.0 0.0 0.930727722797273 0.365712873736491
1629013203.171209335 -2.2722523366654026 -1.0749842823757914 0.0 0.0 0.0 0.9307277350126483 0.36571284264874493
1629013203.171209335 -2.272558001718112 -1.075263664512603 0.0 0.0 0.0 0.9307277198015343 0.3657128813605512
1629013203.571948051 -2.271321525628643 -1.0753037887345096 0.0 0.0 0.0 0.9307277249037087 0.36571286837567846
1629013203.677692413 -2.2712021905104267 -1.0759551133931717 0.0 0.0 0.0 0.9307277034104351 0.3657129230753778
1629013203.878424644 -2.2712079314600766 -1.0766838354532957 0.0 0.0 0.0 0.930727709994693 0.3657129063186514
1629013204.072945595 1.2804933072633657 0.87196261732887 0.0 0.0 0.0 -0.02675930919358929 0.9996419055699305
1629013204.072945595 1.2810429120791618 0.8717380255770218 0.0 0.0 0.0 -0.026759322575335504 0.9996419052117159
1629013204.072945595 -2.2713524837107024 -1.0767447870159244 0.0 0.0 0.0 0.9307277245083215 0.3657128693819263
1629013204.072945595 -2.271424090531314 -1.0762728450593142 0.0 0.0 0.0 0.9307277205313907 0.3657128795030898
1629013204.573929071 1.2813087030991706 0.8708788618840995 0.0 0.0 0.0 -0.026759230212411365 0.9996419076841663
1629013204.573929071 1.2815071623808933 0.8707477330911719 0.0 0.0 0.0 -0.026759270801891135 0.9996419065976331
1629013204.573929071 1.2817308049906706 0.8708178101461544 0.0 0.0 0.0 -0.02675929963611739 0.9996419058257734
1629013204.573929071 1.470305602270427 0.8250690902685947 0.0 0.0 0.0 -0.05118531236153747 0.9986891727652062
1629013204.573929071 1.471440092515961 0.8248463436599511 0.0 0.0 0.0 -0.05118528019772365 0.9986891744136814
1629013204.573929071 1.471486519327646 0.8247122572014703 0.0 0.0 0.0 -0.05118532895371548 0.9986891719148155
1629013205.475691319 1.47000574556492 0.8250897039297405 0.0 0.0 0.0 -0.0511852824403403 0.9986891742987417
1629013205.475691319 1.8495387776901546 0.7465462409431449 0.0 0.0 0.0 -0.07119652841268992 0.9974623072286898
1629013205.676188707 1.4698873232608711 0.8259066085659478 0.0 0.0 0.0 -0.05118530537762312 0.9986891731231492
1629013205.878082752 1.4699082120453322 0.8261882554685164 0.0 0.0 0.0 -0.051185336601802967 0.9986891715228318
1629013205.878082752 2.0521944777564145 0.7260784294965567 0.0 0.0 0.0 -0.07952379714734069 0.9968329677971474
1629013206.076845169 1.8508993741542135 0.7454691721136207 0.0 0.0 0.0 -0.07119658889332403 0.9974623029117216
1629013206.076845169 2.051969762411677 0.7274203449798403 0.0 0.0 0.0 -0.079523846218798 0.9968329638823994
1629013206.076845169 2.052118003343939 0.7280387633697718 0.0 0.0 0.0 -0.07952385978834868 0.996832962799868
1629013206.076845169 2.151968422079688 0.7233455202835426 0.0 0.0 0.0 -0.08488509541640664 0.9963907469342274
1629013206.377456665 2.1519290975016125 0.724003310332629 0.0 0.0 0.0 -0.08488504114762323 0.9963907515575234
1629013206.377456665 2.2952687133086456 0.7112199165731325 0.0 0.0 0.0 -0.0905339170381792 0.9958933727391321
1629013206.477707386 2.1519273739140554 0.7246229629536809 0.0 0.0 0.0 -0.08488504165619219 0.9963907515141971
1629013206.477707386 2.322867783495078 0.693092470401524 0.0 0.0 0.0 -0.09185435356412464 0.9957724527879434
1629013207.078907251 2.294592266962174 0.7117311821239156 0.0 0.0 0.0 -0.09053390519406677 0.9958933738158476
1629013207.078907251 2.3236421345350227 0.692931246171878 0.0 0.0 0.0 -0.09185431978342148 0.9957724559040207
1629013207.078907251 2.607466649775565 0.612965610646144 0.0 0.0 0.0 -0.0912110372055318 0.9958315855062497
1629013207.379912376 2.3224728389760436 0.6923417138847794 0.0 0.0 0.0 -0.0918543025838964 0.9957724574905785
1629013207.379912376 2.6069273970945193 0.6119481774346623 0.0 0.0 0.0 -0.09121102953744063 0.9958315862085919
1629013207.379912376 2.7613766648530618 0.6207696895357881 0.0 0.0 0.0 -0.06835222143898818 0.9976612520411703
1629013207.580000401 2.7586033570783624 0.6201798284658999 0.0 0.0 0.0 -0.06835216610320409 0.9976612558323592
1629013207.580000401 2.7601247645135496 0.6209159362701223 0.0 0.0 0.0 -0.06835222665074223 0.9976612516841002
1629013207.580000401 2.8472132114113764 0.6021834671150275 0.0 0.0 0.0 -0.04809984793842234 0.998842532448584
1629013207.580000401 2.847276992461357 0.6038774603685181 0.0 0.0 0.0 -0.04809979234585273 0.9988425351256752
1629013207.580000401 2.847799519025727 0.6028119196822742 0.0 0.0 0.0 -0.048099898269953915 0.9988425300248384
1629013208.080886364 2.8465329029651296 0.6036099770572598 0.0 0.0 0.0 -0.04809992206699427 0.9988425288788764
1629013208.080886364 2.847553842751622 0.6045043408186352 0.0 0.0 0.0 -0.048099858770565225 0.9988425319269558
1629013208.080886364 2.847733136024162 0.603631524154661 0.0 0.0 0.0 -0.048099951533950365 0.9988425274598752
1629013208.080886364 3.027832316758735 0.5268745197902037 0.0 0.0 0.0 0.009144792360711418 0.999958185512114
1629013208.481552601 3.0283732366663654 0.5265376553201762 0.0 0.0 0.0 0.009144853463657175 0.999958184953315
1629013208.481552601 3.02946679959789 0.5261220994020459 0.0 0.0 0.0 0.00914489064464715 0.9999581846132855
1629013208.481552601 3.1963402664684084 0.54046039385038 0.0 0.0 0.0 0.06695370956774678 0.9977560828053708
1629013208.481552601 3.196651877517942 0.5394225568680588 0.0 0.0 0.0 0.0669537011938179 0.9977560833672973
1629013208.481552601 3.1969888356399885 0.5397650500579295 0.0 0.0 0.0 0.06695372196536066 0.9977560819734377
1629013208.481552601 3.1969928097011246 0.5395790249850305 0.0 0.0 0.0 0.0669537249429042 0.9977560817736316
1629013209.383306265 3.1960258353056075 0.5421430606829346 0.0 0.0 0.0 0.06695378960489481 0.9977560774345319
1629013209.383306265 3.3658548266573582 0.5530429121486545 0.0 0.0 0.0 0.17757494780556857 0.9841072796762809
1629013209.483502388 3.365576368479071 0.5534542342464318 0.0 0.0 0.0 0.17757496006215956 0.9841072774646688
1629013209.483502388 3.4811352641136017 0.5108671639568302 0.0 0.0 0.0 0.250935420267643 0.9680038299795624
1629013209.784077168 3.3664083455331952 0.5531852595492862 0.0 0.0 0.0 0.1775749772848879 0.9841072743569532
1629013209.784077168 3.5488871682301193 0.5464690938251192 0.0 0.0 0.0 0.29555494131411275 0.9553257437465041
1629013209.986763000 3.4821545127521203 0.5115318876617421 0.0 0.0 0.0 0.2509354514716656 0.9680038218905498
1629013209.986763000 3.4822121515081044 0.5121840659272294 0.0 0.0 0.0 0.2509354780879433 0.9680038149908167
1629013209.986763000 3.548407644653689 0.5460435934438016 0.0 0.0 0.0 0.29555499263263035 0.9553257278697804
1629013209.986763000 3.6047019980433026 0.5966880277444429 0.0 0.0 0.0 0.3245507799923709 0.945868273707467
1629013209.986763000 3.605193571276289 0.5971892886389149 0.0 0.0 0.0 0.32455077689021317 0.945868274771894
1629013210.385328293 3.605553270834133 0.5951926147243203 0.0 0.0 0.0 0.32455080722360774 0.9458682643637563
1629013210.385328293 3.606309676573022 0.5964484643110958 0.0 0.0 0.0 0.32455077763962037 0.9458682745147539
1629013210.385328293 3.700713930876924 0.6910743054500622 0.0 0.0 0.0 0.38062591474626767 0.9247291025070894
1629013210.385328293 3.7017279097290015 0.6913202844264557 0.0 0.0 0.0 0.3806258616368573 0.9247291243673468
1629013210.786072731 3.700438883643316 0.6902771485960918 0.0 0.0 0.0 0.3806258428345812 0.924729132106513
1629013210.786072731 3.788356254770509 0.8127097952834474 0.0 0.0 0.0 0.44163602037563116 0.8971943075537067
1629013210.786072731 3.7883569287603036 0.813793336006599 0.0 0.0 0.0 0.44163605308016507 0.8971942914551863
1629013210.786072731 3.7886858431277153 0.8140852560813877 0.0 0.0 0.0 0.4416360416909922 0.897194297061407
1629013211.487395525 3.789615565969039 0.8135100760247479 0.0 0.0 0.0 0.4416359853926782 0.8971943247737573
1629013211.487395525 3.790534580907951 0.8138479043363664 0.0 0.0 0.0 0.44163597889903183 0.8971943279701973
1629013211.487395525 3.9599373848246113 1.093573651924532 0.0 0.0 0.0 0.543923086821479 0.839135075910067
1629013211.687815666 3.789589464627139 0.8133736380377526 0.0 0.0 0.0 0.4416359884059168 0.8971943232905171
1629013211.687815666 3.9592668686461563 1.0962167424170957 0.0 0.0 0.0 0.5439230485053784 0.8391351007463672
1629013211.687815666 4.073354313094575 1.3212558148530968 0.0 0.0 0.0 0.6002892595166899 0.7997829736302868
1629013211.687815666 4.073688714955686 1.3217613847100167 0.0 0.0 0.0 0.6002892822900772 0.7997829565373746
1629013212.089605808 4.073882259962513 1.3231948513049634 0.0 0.0 0.0 0.6002892900864891 0.7997829506856589
1629013212.089605808 4.114615785293441 1.5274393280953846 0.0 0.0 0.0 0.654800472243273 0.7558017872101035
1629013212.389182568 4.115621836122858 1.5271634525942055 0.0 0.0 0.0 0.6548004605905449 0.7558017973056231
1629013212.489371300 4.115277325638333 1.527101413549303 0.0 0.0 0.0 0.6548004652109461 0.7558017933026677
1629013212.489371300 4.135677719975172 1.7639600101537618 0.0 0.0 0.0 0.6786364925752855 0.7344743092478555
1629013212.790127516 4.133711590552749 1.763416503589919 0.0 0.0 0.0 0.6786365403287076 0.7344742651248459
1629013212.790127516 4.1345739148339415 1.7636529901544251 0.0 0.0 0.0 0.6786365274771576 0.7344742769993685
1629013212.790127516 4.138587133834972 1.9506379029826706 0.0 0.0 0.0 0.6687394219896345 0.7434968631251712
1629013212.790127516 4.138879386735722 1.9498940212618576 0.0 0.0 0.0 0.6687394580459913 0.7434968306942228
1629013213.491334200 4.116408670344463 2.214395933844252 0.0 0.0 0.0 0.621597453671613 0.7833368404390074
1629013213.491334200 4.1379287310914625 1.9526923591434997 0.0 0.0 0.0 0.6687394762405559 0.7434968143290912
1629013213.691732168 4.120648577121016 2.313743685120776 0.0 0.0 0.0 0.5958629707172868 0.8030861224849859
1629013213.691732168 4.136530033387102 1.952656400863298 0.0 0.0 0.0 0.6687394552934134 0.7434968331700336
1629013213.892106056 4.136271137530461 1.952413334272394 0.0 0.0 0.0 0.6687394086438126 0.7434968751290915
1629013213.992370605 4.136502415413007 1.9521437320574113 0.0 0.0 0.0 0.6687394142853897 0.7434968700547662
1629013213.992370605 4.177152270849046 2.4826500857660094 0.0 0.0 0.0 0.5556449948640239 0.8314196531731487
1629013214.192687035 4.136660580854589 1.9512052306144898 0.0 0.0 0.0 0.6687393988181363 0.743496883966811
1629013214.192687035 4.1780998963639835 2.5574518425530535 0.0 0.0 0.0 0.5282890404338003 0.849064596928605
1629013214.394271851 4.137241180025622 1.9517120760346018 0.0 0.0 0.0 0.6687393959566585 0.7434968865405716
1629013214.394271851 4.137887146069014 1.9522881420929008 0.0 0.0 0.0 0.6687393758676354 0.7434969046096731
1629013214.394271851 4.190609013683167 2.6243690673827462 0.0 0.0 0.0 0.5006045657122133 0.8656760761324563
1629013214.793873310 4.136457670019682 1.9535571119708586 0.0 0.0 0.0 0.6687393627622524 0.7434969163973288
1629013214.793873310 4.136564035752032 1.9526528091625457 0.0 0.0 0.0 0.6687393623139617 0.7434969168005445
1629013214.793873310 4.165553203193602 2.708762576076145 0.0 0.0 0.0 0.4474187782457242 0.8943245702054168
1629013215.094453812 4.135106268595856 1.9539410831751403 0.0 0.0 0.0 0.6687393891170399 0.7434968926924768
1629013215.094453812 4.136169033985903 1.9532220645766374 0.0 0.0 0.0 0.6687393866817933 0.743496894882863
1629013215.094453812 4.136196689407743 1.95266533963937 0.0 0.0 0.0 0.6687394267836024 0.7434968588132292
1629013215.094453812 4.154974699271201 2.7653315440847726 0.0 0.0 0.0 0.4040416079153307 0.9147406075348323
1629013215.595432520 4.140155682124005 2.813302986019066 0.0 0.0 0.0 0.3309215390941024 0.9436582723441735
1629013215.695641518 4.1387636971513535 2.817454206202448 0.0 0.0 0.0 0.31452751157058756 0.9492483576310332
1629013215.795802355 4.142583690354866 2.813001674264525 0.0 0.0 0.0 0.29887672427686 0.9542917288154256
1629013215.996199131 4.184649217771341 2.854666697160071 0.0 0.0 0.0 0.26621071422368786 0.9639148591200958
1629013217.799716949 4.13433846928668 1.9529256089747824 0.0 0.0 0.0 0.668739461197344 0.7434968278597335
1629013217.799716949 4.134928910657842 1.9533835649458118 0.0 0.0 0.0 0.6687394409350524 0.7434968460846848
1629013217.799716949 4.135366307063797 1.9528914022952597 0.0 0.0 0.0 0.6687394598073818 0.7434968291099372
1629013218.100379467 4.135387072099417 1.952139152618657 0.0 0.0 0.0 0.6687394478123526 0.7434968398988859
1629013218.100379467 4.1360869454293185 1.9532509399330162 0.0 0.0 0.0 0.6687394571035765 0.7434968315418794
1629013218.200509548 4.136012444413792 1.9531285967619547 0.0 0.0 0.0 0.6687394450354511 0.7434968423965745
1629013218.200509548 4.136038494046553 1.9530348306290688 0.0 0.0 0.0 0.6687394467649304 0.7434968408409917
1629013218.200509548 4.185084158831523 2.853669832681198 0.0 0.0 0.0 0.2662107550157663 0.9639148478542778
1629013218.200509548 4.185266914615295 2.8550548253488572 0.0 0.0 0.0 0.26621080070875947 0.9639148352349398
1629013218.200509548 4.185432629504551 2.8547714078583244 0.0 0.0 0.0 0.2662107696365742 0.9639148438163523
1629013219.406359673 4.185053056848822 2.8546256189601884 0.0 0.0 0.0 0.26621080759076554 0.9639148333342902
1629013219.406359673 5.511982457168779 3.0388266160940254 0.0 0.0 0.0 -0.16003369762963796 0.9871115517625075
1629013219.503051281 5.512237195051861 3.0372496467210164 0.0 0.0 0.0 -0.1600336817617117 0.9871115543350666
1629013219.503051281 5.51241477837625 3.0382805832550352 0.0 0.0 0.0 -0.16003365227146957 0.9871115591161185
1629013219.503051281 5.575356735612436 3.0186749590214252 0.0 0.0 0.0 -0.1800531098577104 0.983656890196255
1629013219.503051281 5.576329806308992 3.019229473585304 0.0 0.0 0.0 -0.1800531507380668 0.9836568827133245
1629013219.804655790 5.576006337446874 3.018511970863284 0.0 0.0 0.0 -0.18005305605238894 0.9836569000450286
1629013219.804655790 5.75865347602757 2.9501098133323214 0.0 0.0 0.0 -0.23813181081989018 0.9712328457561761
1629013219.804655790 5.75891989860562 2.9500237429175153 0.0 0.0 0.0 -0.2381318017943264 0.9712328479691097
1629013219.804655790 5.759305967432249 2.950416394530018 0.0 0.0 0.0 -0.23813181257348146 0.9712328453262216
1629013220.204417229 5.758433165490656 2.9489637212521242 0.0 0.0 0.0 -0.2381318342870701 0.9712328400023732
1629013220.204417229 5.980087660669227 2.8391034769216974 0.0 0.0 0.0 -0.30118584469011 0.9535654602376834
1629013220.204417229 5.980623233322641 2.8383666012605038 0.0 0.0 0.0 -0.30118581824063334 0.953565468591811
1629013220.204417229 5.980789064519248 2.838806413518597 0.0 0.0 0.0 -0.3011857689185075 0.9535654841703151
1629013220.204417229 5.980983414390825 2.838748443400459 0.0 0.0 0.0 -0.30118580538770023 0.9535654726514391
1629013220.204417229 5.981241361278045 2.8385291619365294 0.0 0.0 0.0 -0.30118576001659597 0.9535654869820035
1629013220.806005239 5.978693862458679 2.83844687351965 0.0 0.0 0.0 -0.3011857709610711 0.9535654835251669
1629013220.806005239 5.979106132719929 2.839246671702893 0.0 0.0 0.0 -0.3011857670942657 0.9535654847465058
1629013220.806005239 5.9798410727595375 2.838141343042613 0.0 0.0 0.0 -0.3011857836673237 0.9535654795118688
1629013220.806005239 6.265319850562485 2.747006628086226 0.0 0.0 0.0 -0.2873448944906992 0.9578271825387548
1629013221.106210232 5.976874007956688 2.837276325043688 0.0 0.0 0.0 -0.3011856967872684 0.9535655069531236
1629013221.106210232 5.977721950367719 2.836930421430726 0.0 0.0 0.0 -0.30118574013729366 0.9535654932609247
1629013221.106210232 5.978154915845833 2.8373079965832604 0.0 0.0 0.0 -0.30118572622326784 0.9535654976557
1629013221.106210232 5.978338650402678 2.838540598085245 0.0 0.0 0.0 -0.30118573117407954 0.9535654960919754
1629013221.106210232 6.319007811054484 2.720523654273574 0.0 0.0 0.0 -0.2769410012425062 0.9608869245810342
1629013221.406772852 5.975724908576579 2.834907623781948 0.0 0.0 0.0 -0.3011857110115982 0.9535655024603387
1629013221.406772852 5.9761889650122235 2.833925693102539 0.0 0.0 0.0 -0.301185728212716 0.9535654970273285
1629013221.406772852 5.976655969956169 2.8361149908451235 0.0 0.0 0.0 -0.3011857091156 0.9535655030591937
1629013221.406772852 6.281271012547985 2.741409238527121 0.0 0.0 0.0 -0.2903063484201916 0.956933761587987
1629013221.607167244 6.206697819564761 2.7750121308781495 0.0 0.0 0.0 -0.31253419393893744 0.9499065099360772
1629013221.707352638 6.165941342822176 2.8017581332827746 0.0 0.0 0.0 -0.32560481265344005 0.9455059523751916
1629013221.807577133 6.112292138873754 2.8316776462541635 0.0 0.0 0.0 -0.3416887882910466 0.9398131580033322
1629013221.907737732 6.057940873922052 2.852472837643207 0.0 0.0 0.0 -0.3580974320686543 0.9336842234641407
1629013223.711259842 5.891813589217147 2.8812114471964305 0.0 0.0 0.0 -0.3990799120448172 0.916916148730243
1629013223.911646843 5.777174605017609 2.9474641079449677 0.0 0.0 0.0 -0.4367013521121154 0.8996065412520354
1629013224.012077093 5.740263616040581 3.0049447657992157 0.0 0.0 0.0 -0.4563518872273958 0.8897993903257039
1629013224.212237358 5.674167876229266 3.0691634237740604 0.0 0.0 0.0 -0.49171405088646114 0.8707567353519734
1629013226.015756130 5.974263134287327 2.836132719186362 0.0 0.0 0.0 -0.30118566278520026 0.9535655176927486
1629013226.015756130 5.975359401295105 2.8353151835763213 0.0 0.0 0.0 -0.3011856839782783 0.9535655109988703
1629013226.416540146 4.737594395069699 3.872949342971318 0.0 0.0 0.0 -0.2439670359840278 0.9697835249957426
1629013226.416540146 4.738073868480369 3.873569677884399 0.0 0.0 0.0 -0.24396703626668864 0.969783524924634
1629013226.416540146 4.738246913950704 3.873447944954372 0.0 0.0 0.0 -0.2439670392804216 0.9697835241664736
1629013226.416540146 5.974434663013458 2.836464058303857 0.0 0.0 0.0 -0.30118571050426024 0.9535655026205824
1629013226.618190289 4.604815961032256 3.928216030781038 0.0 0.0 0.0 -0.20044678302665295 0.9797045917899262
1629013226.618190289 4.736740636585216 3.8727939963193867 0.0 0.0 0.0 -0.24396702891235245 0.9697835267747537
1629013226.618190289 4.7372339741019465 3.872916730330365 0.0 0.0 0.0 -0.24396703354700863 0.96978352560882
1629013226.817325592 4.467173831882648 3.974777195848511 0.0 0.0 0.0 -0.15626449765033065 0.9877152457940952
1629013226.817325592 4.604956782846171 3.9277601437045755 0.0 0.0 0.0 -0.2004468024532729 0.9797045878152549
1629013226.917517185 4.398351684951863 3.984657121409482 0.0 0.0 0.0 -0.13374091902913593 0.9910163301264223
1629013226.917517185 4.398716607719949 3.9861075772566217 0.0 0.0 0.0 -0.1337408724042545 0.9910163364186027
1629013226.917517185 4.398774573020403 3.9852976305724757 0.0 0.0 0.0 -0.13374094226690952 0.991016326990408
1629013226.917517185 4.466917815573081 3.9740406873382823 0.0 0.0 0.0 -0.15626454687349448 0.9877152380065934
1629013227.318311214 4.147425667251135 3.964320079218689 0.0 0.0 0.0 -0.050908101487345474 0.9987033419404153
1629013227.318311214 4.399082423791507 3.985405110513466 0.0 0.0 0.0 -0.13374093158296946 0.9910163284322411
1629013227.418504953 4.066070725222621 3.962051435138796 0.0 0.0 0.0 -0.026870296197116138 0.9996389284047912
1629013227.418504953 4.146511761484732 3.964593972873539 0.0 0.0 0.0 -0.05090811754206728 0.9987033411220386
1629013227.418504953 4.3980936619461 3.9853380904859197 0.0 0.0 0.0 -0.1337409374479698 0.9910163276407399
1629013227.618903399 3.937707536534804 3.9464773985653534 0.0 0.0 0.0 -0.005842587856108971 0.9999829319379124
1629013227.618903399 4.06581008389032 3.961177876998463 0.0 0.0 0.0 -0.026870313529480865 0.9996389279388971
1629013227.618903399 4.065818325265861 3.960593030118541 0.0 0.0 0.0 -0.02687033673147307 0.9996389273152267
1629013227.819284201 3.8205854923317433 3.9458443293307712 0.0 0.0 0.0 -0.009086161501326243 0.999958719982566
1629013227.819284201 3.820747032138617 3.9460219113207806 0.0 0.0 0.0 -0.009086168354724224 0.9999587199202923
1629013227.819284201 3.8222277831849047 3.946544731729779 0.0 0.0 0.0 -0.009086205608483952 0.9999587195817837
1629013227.819284201 3.936969618592967 3.9490984958893933 0.0 0.0 0.0 -0.005842725656373295 0.999982931132779
1629013227.819284201 3.9376911930965863 3.9484300632442144 0.0 0.0 0.0 -0.005842655686072969 0.9999829315416009
1629013228.220059395 3.7174485402370974 3.9438388956982333 0.0 0.0 0.0 -0.02129940813438649 0.9997731418742578
1629013228.220059395 3.821953646178896 3.946978430291282 0.0 0.0 0.0 -0.009086203100485414 0.9999587196045728
1629013228.220059395 3.8223336105751375 3.9458696744922652 0.0 0.0 0.0 -0.009086192140658174 0.9999587197041601
1629013228.420449734 3.717178408682779 3.9444158368231848 0.0 0.0 0.0 -0.02129934980095409 0.9997731431170056
1629013228.420449734 3.717966226231411 3.94482251234123 0.0 0.0 0.0 -0.021299363141296192 0.9997731428328004
1629013228.420449734 3.735427115656103 3.94735014852574 0.0 0.0 0.0 -0.01635072611431028 0.9998663179423212
1629013228.620867252 3.734071064607106 3.9477487853741984 0.0 0.0 0.0 -0.016350783497514176 0.999866317003937
1629013228.620867252 3.7341715876479147 3.9487049731331534 0.0 0.0 0.0 -0.016350746581466614 0.9998663176076233
1629013228.620867252 3.7788303882306082 3.95596546970472 0.0 0.0 0.0 -0.004832532254084597 0.9999883232478334
1629013228.821250439 3.7779283069526923 3.9557191940832888 0.0 0.0 0.0 -0.004832524521202459 0.9999883232852032
1629013228.821250439 3.7784324623344685 3.956265824471908 0.0 0.0 0.0 -0.00483251619245418 0.9999883233254525
1629013228.821250439 3.8517041189307 3.956603662107887 0.0 0.0 0.0 0.01558942448022472 0.9998784775383334
1629013229.021659851 3.851208398969725 3.9570315125887157 0.0 0.0 0.0 0.015589423180494813 0.9998784775585978
1629013229.021659851 3.936824010112571 3.9636130377780003 0.0 0.0 0.0 0.04401338478429165 0.9990309414426711
1629013229.121829271 3.8507358348482352 3.956614545128469 0.0 0.0 0.0 0.015589443151119282 0.9998784772472293
1629013229.121829271 3.981226840262435 3.978816968486337 0.0 0.0 0.0 0.05982118992321636 0.9982091089727495
1629013229.222027302 3.936628465361484 3.9638234496594107 0.0 0.0 0.0 0.04401333132881903 0.9990309437977082
1629013229.222027302 3.9814629704691424 3.97856362109435 0.0 0.0 0.0 0.059821145927553276 0.9982091116093433
1629013229.222027302 4.03097588830995 3.985517204146044 0.0 0.0 0.0 0.0766264181986132 0.9970598738461253
1629013229.422421217 4.032735163193964 3.9860514171989028 0.0 0.0 0.0 0.07662639831588115 0.9970598753741602
1629013229.422421217 4.03295794731938 3.9855784849177693 0.0 0.0 0.0 0.07662642633114357 0.997059873221121
1629013229.422421217 4.141560825460532 4.004889095318184 0.0 0.0 0.0 0.11285509260230847 0.9936114572979341
1629013229.422421217 4.141671346206099 4.003115889093876 0.0 0.0 0.0 0.11285508824343911 0.9936114577930176
1629013229.422421217 4.142233139780223 4.004991921910978 0.0 0.0 0.0 0.11285510834730093 0.9936114555096066
1629013229.422421217 4.1423221891243145 4.0043050295816425 0.0 0.0 0.0 0.11285512237747485 0.9936114539160492
1629013230.023580551 4.141506454198545 4.002539764782379 0.0 0.0 0.0 0.11285504896183796 0.9936114622546487
1629013230.023580551 4.397589625473525 4.0610209478308095 0.0 0.0 0.0 0.21286860948608055 0.9770808334500594
1629013230.123798370 4.142333340578567 4.002431485889383 0.0 0.0 0.0 0.11285501571812001 0.9936114660304917
1629013230.123798370 4.523656367518799 4.0642803335057325 0.0 0.0 0.0 0.25097224631784903 0.967994282823082
1629013230.223979473 4.397050735789577 4.060891475593863 0.0 0.0 0.0 0.21286859112661716 0.9770808374498853
1629013230.223979473 4.523758632924294 4.063661162691018 0.0 0.0 0.0 0.25097230058189873 0.9679942687540196
1629013230.223979473 4.572710642922921 4.081355802804212 0.0 0.0 0.0 0.27012724779100433 0.9628246309691383
1629013230.424386501 4.571064165941683 4.08140639300904 0.0 0.0 0.0 0.2701272795813886 0.962824622050121
1629013230.424386501 4.571583825051999 4.0830172225284445 0.0 0.0 0.0 0.270127268423097 0.9628246251806588
1629013230.424386501 4.65604223931883 4.126589167055198 0.0 0.0 0.0 0.3078359878031108 0.951439438226776
1629013230.624771357 4.570449494997153 4.081976861567523 0.0 0.0 0.0 0.27012723490143176 0.9628246345853988
1629013230.624771357 4.745540484424938 4.165057989038468 0.0 0.0 0.0 0.3374379031496719 0.9413477898831827
1629013230.724998474 4.568623089484677 4.083776827606193 0.0 0.0 0.0 0.27012722566351904 0.9628246371771603
1629013230.724998474 4.569203387891739 4.082913906888492 0.0 0.0 0.0 0.27012720534821544 0.9628246428767614
1629013230.724998474 4.569348498784584 4.0832009045349835 0.0 0.0 0.0 0.2701272138112259 0.9628246405024043
1629013230.724998474 4.569541722589688 4.083292815554923 0.0 0.0 0.0 0.2701271928979666 0.9628246463697658
1629013230.724998474 4.5699835360369505 4.0833550243400625 0.0 0.0 0.0 0.2701272121998602 0.9628246409544844
1629013230.724998474 4.78915241428709 4.183736149819908 0.0 0.0 0.0 0.3439685182283678 0.9389811811041694
1629013231.125766754 4.569592210058362 4.082417262205437 0.0 0.0 0.0 0.27012720327641654 0.9628246434580191
1629013231.125766754 4.902882530252087 4.261162812621297 0.0 0.0 0.0 0.33655963068860995 0.9416621554415079
1629013231.225924015 4.569646696566959 4.08229424878054 0.0 0.0 0.0 0.27012720105594573 0.9628246440809877
1629013231.225924015 4.925798183726844 4.273468139660951 0.0 0.0 0.0 0.3332780251494921 0.942828594152964
1629013231.426332474 4.568601541858049 4.08142577227967 0.0 0.0 0.0 0.27012717049465046 0.9628246526551727
1629013231.426332474 4.568928190574619 4.081342926022013 0.0 0.0 0.0 0.27012718325910695 0.9628246490740153
1629013231.426332474 4.92307138034793 4.274344058714904 0.0 0.0 0.0 0.334945348206253 0.9422375569435725
1629013231.726910353 4.8652869429061365 4.222210204027168 0.0 0.0 0.0 0.35506082770321146 0.934843200023785
1629013231.927503109 4.786188092879348 4.1635581385998215 0.0 0.0 0.0 0.384754923544892 0.9230187694776116
1629013232.027493000 4.740371537291344 4.13010087249545 0.0 0.0 0.0 0.40386590064747296 0.914818197400011
1629013232.227927685 4.651241817844975 4.035745156958745 0.0 0.0 0.0 0.4447644414596264 0.8956475822627483
1629013232.328094959 4.6026255508561205 3.9852971473980476 0.0 0.0 0.0 0.46762167515067843 0.8839287125833584
1629013253.168779850 4.5672954580183225 4.081308156182434 0.0 0.0 0.0 0.27012714288716927 0.9628246604006436
1629013253.168779850 4.56740824177173 4.081263243128988 0.0 0.0 0.0 0.270127168812317 0.9628246531271631
1629013253.168779850 4.567842400104345 4.080447118661873 0.0 0.0 0.0 0.2701271324698237 0.9628246633233023
1629013253.168779850 4.568296383413286 4.080559364924893 0.0 0.0 0.0 0.2701271314188231 0.9628246636181678
1629013253.769940376 4.567317697758231 4.080949340076475 0.0 0.0 0.0 0.2701271620785768 0.9628246550163608
1629013253.769940376 7.287900474774918 -2.7963240616291336 0.0 0.0 0.0 0.869913497525818 0.49320432563228667
1629013253.769940376 7.288225002459415 -2.7968577378194968 0.0 0.0 0.0 0.8699134781007457 0.493204359894216
1629013253.970323563 7.287276851858155 -2.7971007976026487 0.0 0.0 0.0 0.8699134947930552 0.493204330452332
1629013253.970323563 7.328210521210279 -2.8190773361336077 0.0 0.0 0.0 0.8677207714747669 0.4970519718814475
1629013254.070553541 7.288078297911144 -2.7969152860389093 0.0 0.0 0.0 0.8699135186454733 0.49320428838144925
1629013254.070553541 7.337871322095521 -2.8227522650510606 0.0 0.0 0.0 0.8665293031647495 0.4991262032360289
1629013254.170717239 7.288680078008636 -2.7976584418563037 0.0 0.0 0.0 0.8699135060901338 0.49320431052655117
1629013254.170717239 7.288920350724249 -2.7982310499811165 0.0 0.0 0.0 0.869913497818326 0.49320432511636103
1629013254.170717239 7.28962661312069 -2.79719164514223 0.0 0.0 0.0 0.8699134770310873 0.4932043617808786
1629013254.170717239 7.289789881127018 -2.795619739995685 0.0 0.0 0.0 0.8699134645499077 0.4932043837951731
1629013254.170717239 7.289951510151516 -2.7965909673277425 0.0 0.0 0.0 0.8699134568011611 0.4932043974624056
1629013254.170717239 7.351605671056029 -2.8229372821456433 0.0 0.0 0.0 0.8653613138723714 0.501148477452624
1629013254.771917343 7.2895612746549965 -2.795239135226633 0.0 0.0 0.0 0.8699134839329012 0.4932043496074643
1629013254.771917343 7.2898471641519285 -2.7949850207427382 0.0 0.0 0.0 0.8699134583591949 0.49320439471434685
1629013254.771917343 7.459954567069571 -2.878847077109846 0.0 0.0 0.0 0.8584025442905393 0.5129766777890868
1629013254.972341061 7.288276436139939 -2.796100508059321 0.0 0.0 0.0 0.8699134351329201 0.4932044356808269
1629013254.972341061 7.2895356642564835 -2.7953861815890786 0.0 0.0 0.0 0.8699134479353631 0.4932044130998914
1629013254.972341061 7.494597828824218 -2.9198544537384716 0.0 0.0 0.0 0.8565758114772102 0.5160212003320783
1629013255.573482752 7.562584663487062 -2.990693787968958 0.0 0.0 0.0 0.857351460243226 0.5147314577707566
1629013255.974318027 7.57473169655842 -2.9960213641144167 0.0 0.0 0.0 0.8585413640008213 0.5127443088905126
1629013256.074461937 7.574140393107043 -2.9968357173684277 0.0 0.0 0.0 0.8587581193822391 0.5123811983231624
1629013256.174642801 7.57383453277004 -2.996177099652364 0.0 0.0 0.0 0.8584390253545823 0.5129156263444066
1629013256.876011133 7.569941045551911 -2.9968127029943963 0.0 0.0 0.0 0.8576216164646356 0.5142812100131459
1629013257.076419830 7.567242425127792 -2.995320511774115 0.0 0.0 0.0 0.8571773644197493 0.5150213257006085
1629013265.893932343 7.287084401846937 -2.796430749151954 0.0 0.0 0.0 0.869913419636976 0.49320446301255483
1629013265.893932343 7.287192940567565 -2.7961772727086895 0.0 0.0 0.0 0.8699134199984627 0.493204462374965
1629013265.893932343 7.287282421166912 -2.796221299484232 0.0 0.0 0.0 0.8699134222742182 0.4932044583609903
1629013265.893932343 7.287511730750243 -2.796164843173519 0.0 0.0 0.0 0.8699134305441805 0.4932044437744406
1629013265.893932343 7.288028849012809 -2.7957453449197405 0.0 0.0 0.0 0.8699133968254336 0.49320450324752285
1629013266.795362473 7.288313681568314 -2.7963993103873808 0.0 0.0 0.0 0.8699134239556725 0.49320445539524316
1629013296.753854752 7.287890122457155 -2.797584921722563 0.0 0.0 0.0 0.8699134066185512 0.49320448597443545
1629013296.753854752 7.288122077096797 -2.798757145473165 0.0 0.0 0.0 0.8699134112154895 0.493204477866362
1629013296.753854752 7.28844278621639 -2.7967298932427873 0.0 0.0 0.0 0.8699134220593265 0.49320445874001595
1629013297.054462671 7.2883439888722235 -2.797691956264984 0.0 0.0 0.0 0.8699133928216123 0.49320451030945706
1629013297.154661655 7.2883084462254795 -2.79750587680533 0.0 0.0 0.0 0.8699133613727837 0.4932045657788505
1629013297.254834890 7.288744030841055 -2.7967943882848454 0.0 0.0 0.0 0.8699133499111125 0.493204585994926
1629013297.254834890 7.2897968612380355 -2.7974911434921688 0.0 0.0 0.0 0.8699133483702274 0.4932045887127363
1629013297.254834890 7.2903918016094575 -2.7958904554477453 0.0 0.0 0.0 0.8699133543492362 0.49320457816697133
1629013297.555447102 4.550391929042425 -1.858804974441968 0.0 0.0 0.0 0.6553442893559566 0.7553303002055036
1629013297.555447102 7.566189926431869 -2.993336329390407 0.0 0.0 0.0 0.8571773719565204 0.5150213131567596
1629013297.555447102 7.56662751268844 -2.9935923821712422 0.0 0.0 0.0 0.8571773601348125 0.5150213328322565
1629013297.755830765 4.546334995700296 -1.8591165748755176 0.0 0.0 0.0 0.6575620262946396 0.7534004125133512
1629013297.755830765 7.567297773554523 -2.9938323089585435 0.0 0.0 0.0 0.8571773508543594 0.5150213482782071
1629013297.856037855 4.548456320502244 -1.8595450763627372 0.0 0.0 0.0 0.6591375185517429 0.7520224276159926
1629013297.856037855 4.550748754826681 -1.8599312122903766 0.0 0.0 0.0 0.6553442610208546 0.755330324789777
1629013297.956216335 4.547218306662962 -1.8595098387683404 0.0 0.0 0.0 0.6575620482356609 0.7534003933633977
1629013297.956216335 4.547991120511871 -1.8602226125442956 0.0 0.0 0.0 0.6591375277676605 0.7520224195383649
1629013297.956216335 4.549532517239211 -1.8598851918422599 0.0 0.0 0.0 0.660752281218363 0.7506040386680112
1629013298.056957483 4.5490205326262325 -1.8601761141813637 0.0 0.0 0.0 0.6621997444463067 0.7493273640107146
1629013298.056957483 4.550158281169396 -1.8603072154612112 0.0 0.0 0.0 0.6607522530821067 0.7506040634361898
1629013298.156583786 4.55040831989289 -1.8603913376221681 0.0 0.0 0.0 0.6633774350514 0.7482849581974942
1629013298.156583786 4.551302728225984 -1.860400638758304 0.0 0.0 0.0 0.6607522381161066 0.7506040766106695
1629013298.356981039 4.548659490209205 -1.85935050194596 0.0 0.0 0.0 0.6656377989051028 0.7462749631796379
1629013298.356981039 4.549627084839859 -1.8606648873854679 0.0 0.0 0.0 0.6621997474349822 0.7493273613695457
1629013298.356981039 4.550023225763575 -1.8600372720526963 0.0 0.0 0.0 0.6633774381721276 0.7482849554308739
1629013298.557417154 4.544842748866954 -1.8567058311522324 0.0 0.0 0.0 0.6676187540841929 0.7445033238307737
1629013298.557417154 4.545198434674443 -1.856694790985404 0.0 0.0 0.0 0.6676187988608516 0.7445032836781809
1629013298.557417154 4.546092792320953 -1.8561826049832086 0.0 0.0 0.0 0.6676187518424075 0.7445033258410508
1629013298.557417154 4.547781385851292 -1.8591734142278842 0.0 0.0 0.0 0.6656378105910632 0.7462749527563791
1629013298.557417154 4.547854231152297 -1.857771161244213 0.0 0.0 0.0 0.6656378315408991 0.7462749340702324
1629013298.958150387 4.540080209477288 -1.855043216426277 0.0 0.0 0.0 0.6706274967394944 0.7417942845674396
1629013298.958150387 4.545889369947746 -1.8559251154108256 0.0 0.0 0.0 0.6676187216916637 0.7445033528781377
1629013298.958150387 4.5461493857025435 -1.8567641478207269 0.0 0.0 0.0 0.6676187554839624 0.7445033225755578
1629013299.158659935 4.539041324120593 -1.8561263239369015 0.0 0.0 0.0 0.6724590087015607 0.740134367271318
1629013299.158659935 4.540114215621604 -1.8550090653477478 0.0 0.0 0.0 0.6706274873999478 0.7417942930109619
1629013299.158659935 4.540513697302554 -1.855497426200042 0.0 0.0 0.0 0.6706275061534933 0.7417942760566074
1629013299.358932257 4.539446216246688 -1.8556276083224201 0.0 0.0 0.0 0.6706275069183557 0.7417942753651249
1629013299.358932257 4.539470081987988 -1.8538525574032094 0.0 0.0 0.0 0.6744727523999481 0.7382997401259452
1629013299.358932257 4.539576686070439 -1.8552176544447134 0.0 0.0 0.0 0.6724590158323251 0.7401343607925662
1629013299.358932257 4.540143797117048 -1.8541014822075539 0.0 0.0 0.0 0.672459016617292 0.740134360079374
1629013299.358932257 4.54075798999299 -1.8549413433858548 0.0 0.0 0.0 0.6744727322829085 0.7382997585038397
1629013299.759720087 4.536312576469117 -1.8547498521466572 0.0 0.0 0.0 0.6782276627723615 0.7348518472796677
1629013299.759720087 4.536346323624452 -1.8546783768936237 0.0 0.0 0.0 0.6782276845508737 0.7348518271793033
1629013299.759720087 4.54158638919944 -1.855180204832495 0.0 0.0 0.0 0.674472721316214 0.7382997685224483
1629013299.759720087 4.54193187895511 -1.8556330514241812 0.0 0.0 0.0 0.6744727356902641 0.7382997553910546
1629013300.060306549 4.533047019912211 -1.8531566393942525 0.0 0.0 0.0 0.6809585565625681 0.7323219539548325
1629013300.060306549 4.53690655527457 -1.8543165048124683 0.0 0.0 0.0 0.6782276487236159 0.7348518602458836
1629013300.160758972 4.531636671220115 -1.8510687850146899 0.0 0.0 0.0 0.6823306523081641 0.7310436928944228
1629013300.160758972 4.533622557042652 -1.8524670951116484 0.0 0.0 0.0 0.6809585701657834 0.7323219413057155
1629013300.160758972 4.536677747474276 -1.854833805936463 0.0 0.0 0.0 0.6782276618906693 0.7348518480934207
1629013300.361333370 4.531038356362257 -1.8512143628557587 0.0 0.0 0.0 0.6840637665319537 0.7294222119719941
1629013300.361333370 4.531368204752694 -1.8502822542278454 0.0 0.0 0.0 0.6823306906155913 0.7310436571396063
1629013300.461078167 4.528807643759096 -1.8553412103773368 0.0 0.0 0.0 0.6844198193341099 0.7290881365806636
1629013300.461078167 4.529684924043233 -1.853665110771877 0.0 0.0 0.0 0.6844198106336634 0.7290881447480684
1629013300.461078167 4.529797817575561 -1.852257356734133 0.0 0.0 0.0 0.6840637846514194 0.7294221949792703
1629013300.461078167 4.530070630682694 -1.852785115613678 0.0 0.0 0.0 0.6840637476169175 0.7294222297108159
1629013300.461078167 4.530158702251692 -1.8532088916194518 0.0 0.0 0.0 0.6844198152817281 0.7290881403847721
1629013300.461078167 4.530975346833162 -1.8535256269769724 0.0 0.0 0.0 0.6844198253822278 0.7290881309030897
1629013300.962058544 4.528278755295057 -1.8507881558916959 0.0 0.0 0.0 0.6832792522069372 0.7301571498681149
1629013300.962058544 4.528553905475189 -1.8550237257727895 0.0 0.0 0.0 0.6844198426919031 0.7290881146539083
1629013300.962058544 4.529247146644911 -1.8545723379740071 0.0 0.0 0.0 0.6844198150885826 0.7290881405660843
1629013300.962058544 4.529495930576975 -1.8543965050825828 0.0 0.0 0.0 0.6844198307082232 0.7290881259033967
1629013300.962058544 4.529587389809987 -1.8541465746595516 0.0 0.0 0.0 0.6844198331443906 0.7290881236164833
1629013301.362841129 4.529047343658343 -1.851794885469563 0.0 0.0 0.0 0.6836356878352735 0.7298234350293176
1629013301.362841129 4.529068227434774 -1.8515397980136181 0.0 0.0 0.0 0.6844198144077287 0.729088141205225
1629013301.362841129 4.529128123869921 -1.850902064679301 0.0 0.0 0.0 0.6844198283304649 0.7290881281354792
1629013301.362841129 4.529212920241664 -1.8509408787607964 0.0 0.0 0.0 0.6844198884795167 0.7290880716715135
1629013301.362841129 4.529229744178796 -1.8525236513432741 0.0 0.0 0.0 0.6844198922564626 0.7290880681259652
1629013301.362841129 4.529780952038642 -1.8539004931703646 0.0 0.0 0.0 0.6844198780150429 0.7290880814948725
1629013301.863822460 4.52851504419289 -1.851499697980634 0.0 0.0 0.0 0.683635683763836 0.7298234388430892
1629013301.863822460 4.528868673577652 -1.850891385638816 0.0 0.0 0.0 0.684419800892984 0.7290881538919749
1629013302.164443970 4.527897150777346 -1.8524017044698065 0.0 0.0 0.0 0.6836356962427171 0.729823427153949
1629013302.665424824 4.528360950882149 -1.8518597091185172 0.0 0.0 0.0 0.6845437022322893 0.7289718236901278
1629013302.865775824 4.529015981361955 -1.8507847153876515 0.0 0.0 0.0 0.6847216527906236 0.7288046776741192
1629013303.867745638 4.527608992443429 -1.8509764499331187 0.0 0.0 0.0 0.6848995787941103 0.728637472936748
1629013304.068133831 4.526763334250166 -1.851080890403965 0.0 0.0 0.0 0.6847216849854192 0.7288046474266807
1629013304.168321133 4.526496073161187 -1.8511185209829484 0.0 0.0 0.0 0.6847216761667403 0.7288046557119471
1629013304.370109081 4.527380278425705 -1.850480497024554 0.0 0.0 0.0 0.6843657833155949 0.7291388582614646
1629013304.769490957 4.528200537399196 -1.8503416295455786 0.0 0.0 0.0 0.6838781089241005 0.729596280236129
1629013308.777350664 4.527812654744748 -1.8515631649328146 0.0 0.0 0.0 0.6844198290452346 0.7290881274645006
