1629013127.723922968 -0.00037140618598520094 -0.00030486623353534296 0.0 0.0 0.0 -4.858672258866875e-08 0.9999999999999988
1629013128.224887848 -0.0002254830266257457 -0.00034994112615392725 0.0 0.0 0.0 -4.2757294616487954e-08 0.9999999999999991
1629013128.325093031 0.00023593083780632686 -0.0004333054906640404 0.0 0.0 0.0 -3.801590176136064e-08 0.9999999999999992
1629013128.425327301 -0.0007260555560465663 -0.0002698257298550846 0.0 0.0 0.0 -2.4237634806071454e-08 0.9999999999999997
1629013128.525490284 -0.000593262986038003 -0.0004564231137141469 0.0 0.0 0.0 -6.31124766638643e-08 0.999999999999998
1629013128.625700474 -0.001706795465241759 -3.7948007727721346e-05 0.0 0.0 0.0 -9.978009242879686e-08 0.999999999999995
1629013128.926275730 -0.001341623475989783 -0.0008174566116562495 0.0 0.0 0.0 -3.567336215976659e-08 0.9999999999999993
1629013128.325093031 0.00010531986707414061 -0.0010753880606248368 0.0 0.0 0.0 0.000517869643635189 0.9999998659055072
1629013128.425327301 0.0007189185678141409 0.0028502156663616726 0.0 0.0 0.0 -0.00039560848119247387 0.9999999217469617
1629013128.525490284 0.0015358728082654144 0.0019709301002747443 0.0 0.0 0.0 0.00012229126195806192 0.9999999925224236
1629013128.625700474 0.00218543289624963 0.0009281695333710096 0.0 0.0 0.0 0.0008128024092971198 0.9999996696760671
1629013128.926275730 0.003210816757627022 0.00013826468394888378 0.0 0.0 0.0 0.00029493876723551087 0.9999999565055608
1629013129.327075481 0.0024816415693808213 5.6270083351985173e-05 0.0 0.0 0.0 0.0007178212830374299 0.9999997423662697
1629013129.727863789 0.0007257366944775382 -0.0016432499498961802 0.0 0.0 0.0 0.0007177901294164438 0.9999997423886319
1629013129.928267002 0.0007351816486702013 -0.0019355985773034162 0.0 0.0 0.0 0.0007177962821384244 0.9999997423842155
1629013130.128615141 0.0010309830464513932 -0.001988687385960824 0.0 0.0 0.0 0.0007177731719041594 0.9999997424008037
1629013130.729794502 0.00191162544682749 -0.0019279273968528482 0.0 0.0 0.0 0.0007178537076119713 0.999999742342994
1629013130.830001831 0.0014334168534971777 -0.0004954560464763649 0.0 0.0 0.0 0.0007179027640728838 0.9999997423077774
1629013131.230769873 -0.0010740806529612788 0.0009559344770237804 0.0 0.0 0.0 0.0007176889443678374 0.9999997424612564
1629013131.631546736 -0.0012170404642863632 0.0006200213922839793 0.0 0.0 0.0 0.0007176789737053659 0.9999997424684122
1629013131.731744289 -0.0012676814300783196 0.0007601214378910703 0.0 0.0 0.0 0.0007176699808909023 0.9999997424748661
1629013131.831948757 -0.0027947817606793395 0.0005308987673928829 0.0 0.0 0.0 0.0007176412155237671 0.9999997424955097
1629013131.831948757 -0.0019113266986413588 0.0009366538385757121 0.0 0.0 0.0 0.0007176585418629174 0.9999997424830754
1629013132.533311367 -0.002174479776627125 0.0010970305934206099 0.0 0.0 0.0 0.000717587975948984 0.9999997425337153
1629013132.934135914 0.15677058078172282 -0.03414932832994338 0.0 0.0 0.0 0.024679271832584584 0.9996954203865362
1629013133.134488583 0.15762378345869438 -0.0323142094675308 0.0 0.0 0.0 0.02467946716936428 0.9996954155642789
1629013133.635461807 0.15775773867255574 -0.033115048515634994 0.0 0.0 0.0 0.02467949743531051 0.9996954148171034
1629013135.038238049 0.15946514673583523 -0.03196710942691124 0.0 0.0 0.0 0.024679436953104986 0.9996954163102268
1629013135.243909359 0.15681681673321762 -0.029804089698678468 0.0 0.0 0.0 0.02467942666168658 0.9996954165642906
1629013135.639563084 0.15777484613430423 -0.02919284985616021 0.0 0.0 0.0 0.024679490088391303 0.9996954149984769
1629013135.739579201 0.15756034233469696 -0.03058397425138353 0.0 0.0 0.0 0.024679459388677306 0.9996954157563606
1629013135.739579201 0.1780591511401482 -0.09408500170448704 0.0 0.0 0.0 -0.05823279498089553 0.9983030309423652
1629013136.140389442 0.18179171733595068 -0.10596959932136396 0.0 0.0 0.0 -0.05823279609343091 0.9983030308774691
1629013136.240868092 0.18178478646728832 -0.10610030829408205 0.0 0.0 0.0 -0.0582327906188051 0.9983030311968137
1629013136.340748310 0.18216218181621985 -0.10627381918681987 0.0 0.0 0.0 -0.058232799053815114 0.9983030307047845
1629013136.541119576 0.17773827927155939 -0.1011458270298013 0.0 0.0 0.0 -0.05823252398026987 0.9983030467502778
1629013136.340748310 0.19181891856348818 -0.14476803295455498 0.0 0.0 0.0 -0.08446597628456518 0.9964263639879745
1629013136.541119576 0.1994266361077857 -0.17155346047076261 0.0 0.0 0.0 -0.09637636567741098 0.9953449633864704
1629013137.242624760 0.20063438027472186 -0.16813100078797102 0.0 0.0 0.0 -0.09637688423914242 0.9953449131755057
1629013137.342700481 0.19881671768475392 -0.17094773670458424 0.0 0.0 0.0 -0.09637640917819736 0.9953449591744145
1629013137.342700481 0.1996085473955562 -0.1717086838313847 0.0 0.0 0.0 -0.09637643660701149 0.9953449565185603
1629013137.552075386 0.20000657369027028 -0.17208756294552308 0.0 0.0 0.0 -0.09637648236718234 0.9953449520877313
1629013138.044185638 0.20130223826742066 -0.1653963199328896 0.0 0.0 0.0 -0.09637691200090441 0.9953449104873998
1629013138.044185638 0.5357196906898859 -0.377003786174043 0.0 0.0 0.0 -0.20136555260823788 0.9795161633290076
1629013138.545035839 0.5353057438498512 -0.3765182404302669 0.0 0.0 0.0 -0.20136557201487917 0.979516159339457
1629013138.945878506 0.535162225449548 -0.37594408905546944 0.0 0.0 0.0 -0.2013655283698399 0.9795161683118534
1629013139.446808338 0.5359516906468751 -0.37528275278356565 0.0 0.0 0.0 -0.2013655337454434 0.9795161672067555
1629013139.847644329 0.5362510562290976 -0.37878825707853375 0.0 0.0 0.0 -0.20136544010504923 0.9795161864570181
1629013140.047982454 0.5357002007704195 -0.3796121628139835 0.0 0.0 0.0 -0.20136543496949644 0.9795161875127667
1629013140.248363495 0.5339495955318717 -0.37461902354163185 0.0 0.0 0.0 -0.20136557539162722 0.9795161586452767
1629013140.248363495 1.3588619988100676 -0.7717791636137148 0.0 0.0 0.0 -0.2632155043373751 0.9647370617305118
1629013140.649135590 1.3570633236835867 -0.7711335338961763 0.0 0.0 0.0 -0.2632155113676822 0.9647370598123872
1629013141.250308990 1.3569261477388734 -0.7705264264875197 0.0 0.0 0.0 -0.2632155661554217 0.9647370448642888
1629013141.751293659 1.3564453554612692 -0.7718683375343988 0.0 0.0 0.0 -0.26321558646383364 0.9647370393234107
1629013142.853490353 1.3579876904683676 -0.7702534534152229 0.0 0.0 0.0 -0.2632152753381156 0.964737124209844
1629013143.053889513 1.360274954545307 -0.7744341454630942 0.0 0.0 0.0 -0.26321552293450773 0.9647370566565345
1629013143.154386997 1.362830048790947 -0.7736530404304269 0.0 0.0 0.0 -0.26321556985693934 0.9647370438543794
1629013143.254235268 1.3651241323920058 -0.7738557133590164 0.0 0.0 0.0 -0.263215586868698 0.9647370392129488
1629013143.354449272 1.360957267509784 -0.7721151393798326 0.0 0.0 0.0 -0.26321559724607557 0.9647370363816203
1629013143.454634190 1.364343326686188 -0.7728048300909867 0.0 0.0 0.0 -0.2632155352861922 0.9647370532865437
1629013144.055785656 1.3641788835617448 -0.7708559865318875 0.0 0.0 0.0 -0.26321553957925625 0.9647370521152387
1629013144.256221533 1.3654307397709717 -0.771727154600761 0.0 0.0 0.0 -0.26321540939547494 0.9647370876341246
1629013144.357876301 1.3656078723674818 -0.7706370763138878 0.0 0.0 0.0 -0.26321536054230543 0.9647371009630469
1629013144.656959772 1.3649269552891803 -0.7718176931640931 0.0 0.0 0.0 -0.26321533568002164 0.9647371077463817
1629013144.757164955 1.3654039628626016 -0.7699184845597198 0.0 0.0 0.0 -0.2632153523235358 0.964737103205426
1629013144.957559347 1.367447274066806 -0.7768912376183729 0.0 0.0 0.0 -0.2632156280682412 0.9647370279722041
1629013145.057746887 1.3679227408745258 -0.7763761156260771 0.0 0.0 0.0 -0.2632156999515118 0.9647370083598098
1629013145.157940865 1.3669963281781614 -0.774426935187247 0.0 0.0 0.0 -0.26321556664061 0.9647370447319117
1629013145.258138657 1.363842749577052 -0.7742245143675837 0.0 0.0 0.0 -0.2632154341783339 0.9647370808724578
1629013145.658915520 1.3631038462053267 -0.7729639273709467 0.0 0.0 0.0 -0.26321545661396556 0.9647370747511995
1629013145.859305143 1.3579143766160147 -0.7725184479428732 0.0 0.0 0.0 -0.2632154868579906 0.9647370664995261
1629013145.959497690 1.3573838722485294 -0.7727951714093221 0.0 0.0 0.0 -0.2632155010256795 0.9647370626340632
1629013146.260293722 1.357657728649331 -0.7730843416455415 0.0 0.0 0.0 -0.26321553046081586 0.9647370546030827
1629013146.360308409 1.3560077026925916 -0.7737273559034312 0.0 0.0 0.0 -0.2632155473004908 0.9647370500086037
1629013144.757164955 2.4228778167352054 -1.4377565401483432 0.0 0.0 0.0 0.07321378306985364 0.9973162697803543
1629013144.957559347 2.4370272457609317 -1.4444448656225206 0.0 0.0 0.0 0.10712466596162318 0.9942455963908569
1629013145.057746887 2.43737723272437 -1.442519641358558 0.0 0.0 0.0 0.12558519884052877 0.9920828381905338
1629013145.157940865 2.4360835276727215 -1.433719728375279 0.0 0.0 0.0 0.14254035429200332 0.9897889913503333
1629013145.258138657 2.4368758329774773 -1.4248527419147048 0.0 0.0 0.0 0.15937710803452856 0.9872177760932743
1629013145.658915520 2.51166737009381 -1.3891732066605322 0.0 0.0 0.0 0.2274631590573304 0.9737866867397909
1629013145.859305143 2.5533101414545976 -1.3385220931003834 0.0 0.0 0.0 0.2535691023596255 0.9673172749044306
1629013145.959497690 2.5719811972128577 -1.3180539886057885 0.0 0.0 0.0 0.2614975005318287 0.9652041531280345
1629013146.260293722 2.638433743879375 -1.2519245141701731 0.0 0.0 0.0 0.2676819944112511 0.9635073169768951
1629013146.360308409 2.6594094785262987 -1.2189808735650327 0.0 0.0 0.0 0.26675580108997715 0.9637641529880869
1629013146.761072397 2.737016841476436 -1.1256043752794076 0.0 0.0 0.0 0.25027077988487595 0.9681758810958967
1629013146.861275196 2.7470517350127546 -1.1036497552002753 0.0 0.0 0.0 0.24500284963363428 0.9695223585206267
1629013146.961471319 2.7507853089793097 -1.0862602422739824 0.0 0.0 0.0 0.23932027367275385 0.9709406813030331
1629013147.363122463 2.7896039935060415 -1.0052444685144077 0.0 0.0 0.0 0.2137274219808636 0.9768933355763125
1629013147.662840843 2.8632658712249586 -0.9509903311882327 0.0 0.0 0.0 0.19286651396444363 0.9812250036516614
1629013146.861275196 2.86434975279959 -0.9564656317693264 0.0 0.0 0.0 0.1928664963729535 0.9812250071093895
1629013146.961471319 2.8643686338467327 -0.9488087160348813 0.0 0.0 0.0 0.19286645942286973 0.9812250143721809
1629013147.363122463 2.8702453558370777 -0.9545357955752114 0.0 0.0 0.0 0.19286637634271592 0.9812250307021473
1629013147.662840843 2.8702640882683914 -0.95362927681666 0.0 0.0 0.0 0.1928664179649721 0.9812250225210121
1629013147.963420868 2.867230110012932 -0.9543309082541899 0.0 0.0 0.0 0.19286644294216898 0.9812250176115747
1629013148.163911819 2.8653566424584027 -0.954106042798044 0.0 0.0 0.0 0.1928663988787769 0.9812250262725327
1629013148.163911819 3.0275321291552566 -0.8755926897000657 0.0 0.0 0.0 0.16106298137229297 0.986944130146924
1629013148.464430809 3.02271552217034 -0.8715010411712528 0.0 0.0 0.0 0.161063037296035 0.9869441210205246
1629013148.564584255 3.023453616229218 -0.8720755378615745 0.0 0.0 0.0 0.16106299901834054 0.9869441272672015
1629013148.967636585 3.023379941359757 -0.8759087238040926 0.0 0.0 0.0 0.16106307935434622 0.9869441141568734
1629013149.566569805 3.0231028031190528 -0.87673886968698 0.0 0.0 0.0 0.16106304784467912 0.9869441192990526
1629013150.267954588 3.023505945089833 -0.8761472967242687 0.0 0.0 0.0 0.16106307162904593 0.9869441154175939
1629013150.368111134 3.0233124350352263 -0.8756092091628319 0.0 0.0 0.0 0.16106304216397727 0.9869441202261072
1629013150.468353271 3.0360765424139613 -0.8687893811423472 0.0 0.0 0.0 0.1610631505373577 0.9869441025402504
1629013150.571737289 3.018362511807198 -0.8747151814186188 0.0 0.0 0.0 0.1610627806073 0.9869441629104682
1629013150.668736935 3.017463792573777 -0.8744570387401549 0.0 0.0 0.0 0.16106278779676003 0.9869441617371957
1629013150.768898010 3.0178739416507097 -0.8746877737960517 0.0 0.0 0.0 0.1610628060371347 0.9869441587604865
1629013150.869095564 3.0275448216886995 -0.8683286572852483 0.0 0.0 0.0 0.16106322024653386 0.9869440911641432
1629013151.470263958 3.027279603907608 -0.8674875468468858 0.0 0.0 0.0 0.16106321758744901 0.9869440915980895
1629013151.570468903 3.027661907236331 -0.8675112724286654 0.0 0.0 0.0 0.16106323812769352 0.9869440882460474
1629013151.570468903 3.027795524233913 -0.8658139147849298 0.0 0.0 0.0 0.16106327034097023 0.9869440829890372
1629013151.770849705 3.0265857659450486 -0.8664142398701254 0.0 0.0 0.0 0.16106323073861925 0.9869440894518992
1629013151.971232891 3.0255292608239444 -0.8671994836425472 0.0 0.0 0.0 0.1610631564168072 0.9869441015807608
1629013152.171621323 3.0245803671804055 -0.8682473908248477 0.0 0.0 0.0 0.16106317290060365 0.9869440988907073
1629013152.672604084 3.033938442452305 -0.8701482398948645 0.0 0.0 0.0 0.1610631832605779 0.9869440972000235
1629013152.772806168 3.0307489656756172 -0.8712740778448319 0.0 0.0 0.0 0.1610632202425969 0.9869440911647857
1629013152.872993946 3.0297278355352604 -0.8706777257930252 0.0 0.0 0.0 0.1610632504682771 0.9869440862321396
1629013152.872993946 3.0311735681856575 -0.869837057057904 0.0 0.0 0.0 0.1610632616714936 0.986944084403843
1629013153.073383331 3.0307071319506744 -0.8709301629385654 0.0 0.0 0.0 0.16106326697817266 0.9869440835378253
1629013153.574472904 3.022802379525079 -0.8798714795011655 0.0 0.0 0.0 0.16106344827765337 0.9869440539508365
1629013153.874973774 3.022916823905341 -0.8797854789553355 0.0 0.0 0.0 0.16106342109524804 0.9869440583868443
1629013153.975163460 3.0233589407643855 -0.8797301274701521 0.0 0.0 0.0 0.16106344978510242 0.9869440537048297
1629013154.278061152 3.023279396960972 -0.8792557802525832 0.0 0.0 0.0 0.16106345206149877 0.9869440533333352
1629013154.878062725 3.0231876601865566 -0.8799414317639078 0.0 0.0 0.0 0.16106343850252192 0.9869440555460802
1629013155.377923250 3.0338759459222215 -0.8718265887671618 0.0 0.0 0.0 0.16106306943457793 0.9869441157757173
1629013155.578306198 3.032663166720672 -0.8715548632313977 0.0 0.0 0.0 0.16106305866939138 0.9869441175325279
1629013155.778695822 3.0334016510867112 -0.8713117562064058 0.0 0.0 0.0 0.16106306580780091 0.9869441163675844
1629013155.878878117 3.0340002749694044 -0.8697597582633995 0.0 0.0 0.0 0.16106306786750835 0.9869441160314532
1629013155.979108810 3.0345806860810347 -0.8700253336560307 0.0 0.0 0.0 0.16106307494466793 0.9869441148765052
1629013156.079273701 3.034865504328499 -0.8678672803890375 0.0 0.0 0.0 0.16106303220893317 0.9869441218507075
1629013156.279649734 3.033964771515033 -0.8674382291790065 0.0 0.0 0.0 0.16106302358597754 0.9869441232579192
1629013156.379860163 3.0346468800970867 -0.8663555704357865 0.0 0.0 0.0 0.16106306957018973 0.9869441157535862
1629013156.480060577 3.03353671787917 -0.8654813765770106 0.0 0.0 0.0 0.16106307089389338 0.9869441155375661
1629013156.581030369 3.033875030085968 -0.8671005357330217 0.0 0.0 0.0 0.16106300605623436 0.986944126118662
1629013156.680430412 3.035200987834924 -0.868025588283997 0.0 0.0 0.0 0.16106308450383808 0.9869441133165087
1629013156.780653477 3.0346319489481393 -0.8685579539619105 0.0 0.0 0.0 0.16106306748975177 0.9869441160931006
1629013157.181401730 3.033269681353337 -0.865512705439162 0.0 0.0 0.0 0.16106310742548954 0.9869441095758388
1629013153.574472904 3.8263046435297596 -0.1789653213004265 0.0 0.0 0.0 0.4386569369610369 0.8986546008650714
1629013153.874973774 3.9042070259782644 -0.06571267491367268 0.0 0.0 0.0 0.470116233551629 0.8826045133304214
1629013153.975163460 3.923797072759304 -0.03064820661932481 0.0 0.0 0.0 0.4805764240272529 0.8769528497411808
1629013154.278061152 3.9895936840054254 0.09633064954363388 0.0 0.0 0.0 0.5109455509330257 0.8596130780657928
1629013154.375954628 3.9963045827609833 0.13142422707774767 0.0 0.0 0.0 0.5210273587878849 0.8535399764478057
1629013154.576766491 4.040180892522967 0.21363469121288955 0.0 0.0 0.0 0.5399641989689017 0.8416879848446646
1629013154.678047657 4.058601513259993 0.2514722283567309 0.0 0.0 0.0 0.549834095574844 0.8352738876221341
1629013154.878062725 4.067334417419503 0.336199132909797 0.0 0.0 0.0 0.5688479974894189 0.8224426762712876
1629013155.377923250 4.087397543965863 0.53158724091032 0.0 0.0 0.0 0.6153563748036964 0.7882490291706375
1629013155.578306198 4.096254300573703 0.6174766328567048 0.0 0.0 0.0 0.6327795720200775 0.7743319786978241
1629013157.181401730 4.096185691942124 0.6174333024620136 0.0 0.0 0.0 0.6327795697914216 0.7743319805190687
1629013157.686052322 4.0969904655290845 0.6184601736619812 0.0 0.0 0.0 0.6327795722912019 0.7743319784762629
1629013157.982985973 4.096255697347814 0.620109936832534 0.0 0.0 0.0 0.6327795718493775 0.7743319788373192
1629013158.684444427 3.977098805801006 1.9846992257752498 0.0 0.0 0.0 0.8806894120725489 0.4736941623698862
1629013158.784572601 3.977438589961718 1.9851358912570323 0.0 0.0 0.0 0.8806894100724398 0.4736941660884773
1629013158.984942913 3.9779166237912365 1.9846567312688266 0.0 0.0 0.0 0.880689413578942 0.47369415956920896
1629013159.085130692 3.9774719951706876 1.984965248559434 0.0 0.0 0.0 0.8806894126234726 0.47369416134561226
1629013159.485904694 3.976331086100444 1.9863326981043723 0.0 0.0 0.0 0.8806894071824611 0.4736941714615088
1629013159.686296701 3.976842149413438 1.9864780506268094 0.0 0.0 0.0 0.8806894040602613 0.47369417726628416
1629013159.886710405 3.97583797303943 1.9876247324590024 0.0 0.0 0.0 0.8806894151521336 0.47369415664434034
1629013160.187287807 3.9749506419471854 1.987543002227359 0.0 0.0 0.0 0.880689419316273 0.4736941489023967
1629013160.287604094 3.9744298432989518 1.9875683172390473 0.0 0.0 0.0 0.8806894090631697 0.4736941679649064
1629013160.490854502 3.9750932779641848 1.987567646061889 0.0 0.0 0.0 0.8806894188207314 0.4736941498237047
1629013160.588062286 3.9749884306146708 1.9883337042793967 0.0 0.0 0.0 0.8806893921145716 0.4736941994756388
1629013160.788452625 3.974243390073662 1.9881280431190547 0.0 0.0 0.0 0.8806893830299679 0.4736942163656788
1629013161.089177847 3.9733448664702475 1.9877540213402145 0.0 0.0 0.0 0.8806894149867892 0.47369415695174766
1629013161.590049744 3.973641596370078 1.9881491382752408 0.0 0.0 0.0 0.8806894172756617 0.4736941526962891
1629013161.790414810 3.9741543457402315 1.98764323616527 0.0 0.0 0.0 0.8806893989801045 0.4736941867112814
1629013161.990804672 3.972988281603822 1.9880118307723134 0.0 0.0 0.0 0.8806893865415351 0.4736942098369945
1629013162.391571283 3.9717711398472897 1.9881862026646182 0.0 0.0 0.0 0.8806893942622354 0.4736941954827154
1629013162.792377234 3.972731527818882 1.9868742242798665 0.0 0.0 0.0 0.8806894053701346 0.47369417483097537
1629013162.992767334 3.972623844349765 1.985628925718092 0.0 0.0 0.0 0.8806894082792216 0.4736941694224181
1629013163.794341564 3.97241523541012 1.9859686478061378 0.0 0.0 0.0 0.8806894067923889 0.47369417218672866
1629013163.994716644 3.971817868631257 1.9857441291728273 0.0 0.0 0.0 0.8806894127774172 0.4736941610593993
1629013164.297129869 3.9725919847582736 1.984760916773795 0.0 0.0 0.0 0.8806894300456802 0.47369412895434426
1629013164.395480871 3.9713442066302393 1.9849477578736467 0.0 0.0 0.0 0.8806894306402747 0.4736941278488775
1629013164.395480871 3.97145242998112 1.985484051688811 0.0 0.0 0.0 0.8806894513701742 0.4736940893079643
1629013164.796288013 3.971475643914721 1.985982102774016 0.0 0.0 0.0 0.8806894389686578 0.4736941123647947
1629013165.197075605 3.972138219415751 1.9858522680010322 0.0 0.0 0.0 0.8806894417840594 0.4736941071304159
1629013165.597881317 3.9710467960351647 1.9862655787815011 0.0 0.0 0.0 0.8806894445215353 0.4736941020409158
1629013165.898430824 3.9702775787667277 1.9866957176335858 0.0 0.0 0.0 0.8806894365802428 0.4736941168053225
1629013165.998615742 3.9698840029712255 1.9873176262662342 0.0 0.0 0.0 0.8806894280972217 0.4736941325769071
1629013166.299229145 3.9692194935281417 1.9872733129621591 0.0 0.0 0.0 0.8806893949515636 0.4736941942011204
1629013167.200989485 3.9697851553277173 1.9875473304161955 0.0 0.0 0.0 0.8806893914605637 0.47369420069156654
1629013167.902340412 3.970373372983577 1.9881745916987112 0.0 0.0 0.0 0.8806893808577668 0.47369422040422154
1629013168.102773190 3.9712392906823597 1.9883890563275415 0.0 0.0 0.0 0.8806893770973359 0.4736942273955917
1629013168.206339836 3.9710204677194803 1.988088911268654 0.0 0.0 0.0 0.8806893765861226 0.4736942283460364
1629013168.403431416 3.9715292008621805 1.9896763124495729 0.0 0.0 0.0 0.8806893729408801 0.4736942351232483
1629013168.603710651 3.971985565309876 1.9894712016469283 0.0 0.0 0.0 0.8806893763750672 0.47369422873842915
1629013168.804109335 3.971640158035801 1.989061920296948 0.0 0.0 0.0 0.8806893943847205 0.4736941952549918
1629013169.004486561 3.9708827832264206 1.9890050599537483 0.0 0.0 0.0 0.880689402983532 0.47369417926813284
1629013169.305072069 3.9723448600454665 1.9899315220438125 0.0 0.0 0.0 0.8806894179120187 0.47369415151317795
1629013169.605694056 3.9739848513180482 1.9886451666174658 0.0 0.0 0.0 0.8806894175304526 0.47369415222258354
1629013169.705881596 3.9729897090081354 1.9889622694435143 0.0 0.0 0.0 0.8806894032729086 0.47369417873012576
1629013169.806046009 3.9738734956632045 1.9877545421236682 0.0 0.0 0.0 0.8806894124328435 0.47369416170002876
1629013170.010056734 3.97267429243984 1.9862898313453077 0.0 0.0 0.0 0.8806894136069018 0.47369415951722627
1629013170.106631994 3.973179094465341 1.985732782022013 0.0 0.0 0.0 0.8806893989016135 0.4736941868572114
1629013170.206834793 3.9739878926189824 1.9864688006358906 0.0 0.0 0.0 0.8806893852630303 0.47369421221398267
1629013170.307057381 3.9729701226239063 1.9859899109691073 0.0 0.0 0.0 0.8806894100823408 0.47369416607006937
1629013170.407232761 3.971521391825994 1.9859844079957658 0.0 0.0 0.0 0.8806894088880962 0.47369416829040206
1629013170.507467270 3.9716441708453845 1.9856054567344863 0.0 0.0 0.0 0.8806893993194816 0.47369418608031344
1629013170.707806826 3.9727620589937613 1.9852196945317253 0.0 0.0 0.0 0.8806893850210168 0.47369421266393275
1629013171.009956837 3.971012435588002 1.9853308107224763 0.0 0.0 0.0 0.8806893866566659 0.47369420962294406
1629013171.108597279 3.9715213396552613 1.9851546108195839 0.0 0.0 0.0 0.8806894083782207 0.47369416923835955
1629013171.108597279 3.9706972776232043 1.985394548978309 0.0 0.0 0.0 0.8806894189080755 0.47369414966131496
1629013171.309024096 3.9694932663563574 1.9853378964816808 0.0 0.0 0.0 0.8806893934853405 0.4736941969271136
1629013171.509395123 3.968944250471772 1.984714300300195 0.0 0.0 0.0 0.8806893840287132 0.4736942145088176
1629013171.709802628 3.9694937371378844 1.985073012970148 0.0 0.0 0.0 0.8806893810188563 0.47369422010472517
1629013172.310935020 3.970069210597132 1.9859662222412136 0.0 0.0 0.0 0.8806893505187736 0.4736942768102869
1629013172.411147356 3.9703217041091823 1.9856722750275797 0.0 0.0 0.0 0.8806893254775532 0.4736943233667597
1629013172.611762047 3.9696172828697533 1.9844791492079763 0.0 0.0 0.0 0.880689315877495 0.47369434121512355
1629013172.811977863 3.9695228199546597 1.984359538475122 0.0 0.0 0.0 0.8806893142202307 0.47369434429629814
1629013173.112493277 3.968822896106483 1.985209900962573 0.0 0.0 0.0 0.8806893019615305 0.4736943670875897
1629013173.212690830 3.968678668752312 1.9840741811464782 0.0 0.0 0.0 0.8806893185304717 0.4736943362827271
1629013173.312892914 3.9681951394866606 1.9833270468613424 0.0 0.0 0.0 0.8806892786991554 0.4736944103368346
1629013173.413134813 3.9679376356359386 1.9840276681136888 0.0 0.0 0.0 0.8806892774693078 0.4736944126233585
1629013174.114495277 3.9680016230810327 1.985081957401655 0.0 0.0 0.0 0.8806892438009571 0.47369447521931085
1629013174.314868450 3.9683842560669915 1.9853151955622221 0.0 0.0 0.0 0.8806892232801901 0.47369451337136625
1629013174.415051937 3.9678495511603593 1.9845068456314767 0.0 0.0 0.0 0.8806892254132478 0.4736945094056016
1629013174.916043282 3.9664153428524798 1.9839065718693771 0.0 0.0 0.0 0.8806892324790382 0.4736944962689378
1629013175.116446972 3.9661728576556317 1.9842700419060884 0.0 0.0 0.0 0.8806892257232252 0.47369450882929415
1629013175.216599941 3.9659979157917267 1.98452753819056 0.0 0.0 0.0 0.8806892233639242 0.47369451321568845
1629013175.517198086 3.965137115593226 1.9849984352480912 0.0 0.0 0.0 0.8806892216105867 0.47369451647548005
1629013175.817921162 3.964206572805571 1.9832275647214608 0.0 0.0 0.0 0.8806892160940424 0.47369452673179696
1629013176.018274307 3.9637428486569255 1.9832018092602337 0.0 0.0 0.0 0.8806892090324129 0.4736945398607239
1629013176.218912125 3.9635482068505707 1.9838042439092984 0.0 0.0 0.0 0.8806892242362138 0.4736945115939344
1629013176.420287848 3.9638891058867216 1.9838223818569203 0.0 0.0 0.0 0.880689244507503 0.4736944739057061
1629013176.619600296 3.965434653563632 1.984143387695154 0.0 0.0 0.0 0.8806892274515286 0.4736945056160456
1629013176.820007801 3.9661258762428213 1.9858628061213037 0.0 0.0 0.0 0.8806892136392698 0.4736945312956913
1629013177.621303797 3.965866730277239 1.9862743154036278 0.0 0.0 0.0 0.8806892094629291 0.47369453906031156
1629013177.721537590 3.9659438997316374 1.986060553040085 0.0 0.0 0.0 0.8806892145804347 0.4736945295458847
1629013176.619600296 1.2526964197776136 -0.021799851811273075 0.0 0.0 0.0 0.993237774654296 0.11609790265022876
1629013176.820007801 1.1536588209807244 0.0011297450715041046 0.0 0.0 0.0 0.9897898850084454 0.1425341486625864
1629013177.621303797 0.9070623265671864 0.15996246834288227 0.0 0.0 0.0 0.9775268614165924 0.21081089917038504
1629013177.721537590 0.8125689754378665 0.1854861959181103 0.0 0.0 0.0 0.976801548535717 0.21414652642110582
1629013177.921918392 0.7312605293386881 0.24011787904028867 0.0 0.0 0.0 0.9778004253948565 0.2095383690344989
1629013178.122301817 0.6669978325835321 0.2890502483279898 0.0 0.0 0.0 0.9809487831943049 0.19426653018369516
1629013178.523101568 0.5266086434904124 0.379952641272027 0.0 0.0 0.0 0.9888729445173603 0.14876256115557288
1629013178.723504305 0.40684057225079395 0.41297625110405023 0.0 0.0 0.0 0.9925431239784163 0.12189399920901067
1629013179.925849915 0.40774002920560454 0.414287137273054 0.0 0.0 0.0 0.9925431230107866 0.1218940070881032
1629013180.627175808 0.4076552580116853 0.41556447629798565 0.0 0.0 0.0 0.9925431315952179 0.12189393718786046
1629013180.828376532 0.4073586847550157 0.4143455280717564 0.0 0.0 0.0 0.9925431318093187 0.12189393544450534
1629013181.328547478 0.40698428471875575 0.41522405823893055 0.0 0.0 0.0 0.9925431385232512 0.12189388077509974
1629013181.428739548 0.4077200338848156 0.4145835598962901 0.0 0.0 0.0 0.9925431305901381 0.12189394537190092
1629013181.428739548 0.4084791064687405 0.4148879250930648 0.0 0.0 0.0 0.9925431311659179 0.12189394068351189
1629013181.629146099 0.40890498166152384 0.4149703885262531 0.0 0.0 0.0 0.9925431283099504 0.12189396393873389
1629013181.832266808 0.40969802126912247 0.41394497390138785 0.0 0.0 0.0 0.9925431293599899 0.12189395538860179
1629013182.330725193 -1.0522426035402006 -0.20285638620276505 0.0 0.0 0.0 -0.8592592773208 0.5115403154572828
1629013182.531440973 -1.051980085500461 -0.20365594296154974 0.0 0.0 0.0 -0.859259274098568 0.5115403208698236
1629013182.734062195 -1.052505262888414 -0.20333334719590973 0.0 0.0 0.0 -0.8592592779077458 0.5115403144713614
1629013182.831467628 -1.0528741321807928 -0.20297425884286688 0.0 0.0 0.0 -0.8592592819394999 0.5115403076990268
1629013182.831467628 -1.0510753216515316 -0.20274517476054207 0.0 0.0 0.0 -0.859259277913509 0.5115403144616807
1629013183.132084608 -1.0519766474552334 -0.2031943456889277 0.0 0.0 0.0 -0.8592592682202292 0.5115403307439563
1629013183.634452820 -1.0519482397059108 -0.2021487734767545 0.0 0.0 0.0 -0.8592592824503097 0.5115403068409947
1629013184.033816814 -1.0519275895219367 -0.20158678082867948 0.0 0.0 0.0 -0.8592592888436905 0.5115402961017199
1629013184.033816814 -1.2689697951363887 -1.1923329000439844 0.0 0.0 0.0 -0.9341938098380955 0.3567659255873299
1629013184.635001659 -1.2688622112749708 -1.1921969373269707 0.0 0.0 0.0 -0.9341937937538979 0.3567659677038992
1629013184.835386753 -1.2679939954938004 -1.1931263866959967 0.0 0.0 0.0 -0.9341937669515977 0.3567660378858726
1629013185.035778046 -1.2673767501041724 -1.1939480269930147 0.0 0.0 0.0 -0.9341937771032097 0.3567660113038216
1629013185.035778046 -1.2675309015148164 -1.1937918818319437 0.0 0.0 0.0 -0.9341937899193895 0.35676597774458196
1629013185.737141132 -1.2671083402751233 -1.1942451761525255 0.0 0.0 0.0 -0.9341937922528503 0.35676597163440127
1629013186.238120079 -1.267216008748613 -1.1943670203751153 0.0 0.0 0.0 -0.9341938073549938 0.35676593208934737
1629013186.538707733 -1.2676046189617762 -1.1948395269816243 0.0 0.0 0.0 -0.9341937967444717 0.3567659598730641
1629013186.638895512 -1.2694581252597494 -1.1939363495596484 0.0 0.0 0.0 -0.9341937897636516 0.35676597815238237
1629013186.638895512 -1.2713413084991654 -1.1942015443964529 0.0 0.0 0.0 -0.9341937864016885 0.35676598695570233
1629013187.039713860 -1.2709052825077856 -1.1948911340008617 0.0 0.0 0.0 -0.9341937827683863 0.35676599646952506
1629013187.039713860 -1.27068081316309 -1.194275995412605 0.0 0.0 0.0 -0.9341937711271415 0.35676602695218884
1629013188.142455101 -1.2702243438587708 -1.1942806834303055 0.0 0.0 0.0 -0.9341937703425821 0.3567660290065619
1629013188.542624950 -1.271330331967426 -1.194623895831448 0.0 0.0 0.0 -0.934193792519588 0.356765970935947
1629013188.642812967 -1.2708310676677428 -1.1941688108319257 0.0 0.0 0.0 -0.9341937767917884 0.35676601211927994
1629013189.150118589 -1.2698892745053822 -1.194043292438659 0.0 0.0 0.0 -0.9341937926721741 0.3567659705363994
1629013189.243979216 -1.2693698706477006 -1.1934909917431318 0.0 0.0 0.0 -0.9341937940443081 0.3567659669434584
1629013189.243979216 -1.2686194883005548 -1.1942521092343827 0.0 0.0 0.0 -0.9341937923216752 0.3567659714541827
1629013189.346075773 -1.2682710802438326 -1.1935367626007582 0.0 0.0 0.0 -0.9341938022997602 0.3567659453265073
1629013189.945374012 -1.267250859517287 -1.1948034298691923 0.0 0.0 0.0 -0.9341937932923904 0.3567659689123595
1629013190.145747185 -1.267466431725698 -1.1954578438583026 0.0 0.0 0.0 -0.9341937910184308 0.3567659748667359
1629013190.446377039 -1.2672973334844067 -1.1950604561961466 0.0 0.0 0.0 -0.9341938007112065 0.35676594948614515
1629013191.448290825 -1.2665135769403104 -1.1947568037274783 0.0 0.0 0.0 -0.9341937897125483 0.356765978286197
1629013191.548486233 -1.2667348844304334 -1.1946222229477186 0.0 0.0 0.0 -0.9341938034581961 0.356765942293136
1629013191.548486233 -1.2657571038866324 -1.1948037891572527 0.0 0.0 0.0 -0.934193808454995 0.35676592920898714
1629013191.949263096 -1.2667107717847974 -1.1946872695797515 0.0 0.0 0.0 -0.9341938187149591 0.35676590234320604
1629013192.049455166 -1.2667991948292752 -1.1951175587687348 0.0 0.0 0.0 -0.9341938163928675 0.35676590842361805
1629013192.249902725 -1.2675536870407231 -1.1941694082864052 0.0 0.0 0.0 -0.9341938130888399 0.35676591707523525
1629013192.249902725 -1.2666647055278093 -1.1934776538767065 0.0 0.0 0.0 -0.934193822739912 0.3567658918038409
1629013192.851044893 -1.266238785338039 -1.1924471002969959 0.0 0.0 0.0 -0.9341938268963875 0.3567658809200824
1629013193.051414251 -1.2659049093110633 -1.1917115137481984 0.0 0.0 0.0 -0.9341938194282494 0.3567659004754509
1629013193.151612282 -1.2665830525444992 -1.1915824853501347 0.0 0.0 0.0 -0.9341938221829312 0.3567658932622987
1629013193.251803398 -1.266789615093014 -1.191624037054934 0.0 0.0 0.0 -0.9341937848226171 0.35676599109051
1629013193.251803398 -1.2670918135926768 -1.1915602613703278 0.0 0.0 0.0 -0.9341938022472238 0.35676594546407436
1629013193.354059696 -1.2665208129891619 -1.1915573769182783 0.0 0.0 0.0 -0.9341937966687863 0.3567659600712465
1629013193.452210426 -1.2656779219507224 -1.1923407958805619 0.0 0.0 0.0 -0.9341938102943588 0.3567659243926016
1629013193.552470684 -1.2661827525859228 -1.1911894533138976 0.0 0.0 0.0 -0.9341938199446483 0.3567658991232569
1629013194.253760338 -1.2647169955615691 -1.1911982442432245 0.0 0.0 0.0 -0.9341938315783522 0.3567658686603263
1629013194.554497957 -1.264385181381491 -1.1913481532838446 0.0 0.0 0.0 -0.9341938495532943 0.35676582159281583
1629013194.854950905 -1.2649189469384656 -1.1910975412518274 0.0 0.0 0.0 -0.9341938380592102 0.3567658516901556
1629013195.957142353 -1.2659341547781522 -1.1910234468745138 0.0 0.0 0.0 -0.9341938350091771 0.3567658596766884
1629013196.458153248 -1.2661160833749838 -1.190308722262887 0.0 0.0 0.0 -0.9341938381094128 0.3567658515586997
1629013197.259631634 -1.2662056940200088 -1.1905053156851195 0.0 0.0 0.0 -0.9341938251468054 0.3567658855013748
1629013197.359828949 -1.266649797780327 -1.1905108941459486 0.0 0.0 0.0 -0.9341938298048257 0.3567658733043176
1629013197.760605812 -1.2667110389886471 -1.1905444883871623 0.0 0.0 0.0 -0.9341938335894987 0.3567658633941257
1629013198.161396980 -1.2675973019024003 -1.190865447624736 0.0 0.0 0.0 -0.9341938152779881 0.35676591134293706
1629013198.562168837 -1.2670579743939552 -1.1902447026121081 0.0 0.0 0.0 -0.9341938213194461 0.3567658955233402
1629013199.066054821 -1.2660397743875946 -1.1898193180874785 0.0 0.0 0.0 -0.9341938123144419 0.3567659191030015
1629013199.163362503 -1.2656594091951976 -1.188677191245761 0.0 0.0 0.0 -0.9341938165388343 0.35676590804140296
1629013199.263733149 -1.266140081901821 -1.1892324642047067 0.0 0.0 0.0 -0.9341938290349592 0.35676587532021825
1629013199.363727808 -1.2666179772112152 -1.1898150437717094 0.0 0.0 0.0 -0.9341938130215398 0.35676591725146095
1629013199.865200996 -1.2669150447311153 -1.1911818428470429 0.0 0.0 0.0 -0.9341938317444158 0.3567658682254876
1629013200.065204859 -1.267734953175943 -1.1912030685784218 0.0 0.0 0.0 -0.9341938263319183 0.35676588239814866
1629013200.065204859 -1.268221808592279 -1.1907596930167543 0.0 0.0 0.0 -0.934193810305846 0.3567659243625222
1629013200.767469406 -1.267224848301428 -1.1898575032914749 0.0 0.0 0.0 -0.9341938205185029 0.3567658976206153
1629013201.067073822 -1.266410736567877 -1.1898427425785023 0.0 0.0 0.0 -0.9341938041433369 0.3567659404990907
1629013201.267458916 -1.2667845090044005 -1.1887545513644664 0.0 0.0 0.0 -0.9341938002289878 0.35676595074883755
1629013201.467884541 -1.2674094041310584 -1.1901125760303235 0.0 0.0 0.0 -0.9341938083632255 0.3567659294492863
1629013201.568065166 -1.2674015680056088 -1.1906723134188453 0.0 0.0 0.0 -0.9341938061902701 0.35676593513918337
1629013201.768421173 -1.267950481663516 -1.1910579563534403 0.0 0.0 0.0 -0.9341937870506575 0.3567659852563733
1629013201.868645191 -1.2681153133322773 -1.1905383177083622 0.0 0.0 0.0 -0.9341937915125044 0.35676597357300144
1629013202.074606419 -1.2680643487430938 -1.191207596456048 0.0 0.0 0.0 -0.9341937911458166 0.3567659745331756
1629013201.067073822 0.6040221690034863 1.0510237057148997 0.0 0.0 0.0 -0.057630045069816234 0.9983380078436616
1629013201.267458916 0.6995924459630193 1.0393273722436167 0.0 0.0 0.0 -0.03617365061215836 0.9993455193282199
1629013201.467884541 0.7669351191435613 1.0241006605677145 0.0 0.0 0.0 -0.01517759629024142 0.9998848136514777
1629013201.568065166 0.8027346911200804 1.0182675357214623 0.0 0.0 0.0 -0.004938602268551787 0.9999878050294578
1629013201.768421173 0.8483112396305516 1.0005360577901719 0.0 0.0 0.0 0.014642139707717352 0.999892798126269
1629013201.868645191 0.8664740334560992 0.9874256379216171 0.0 0.0 0.0 0.02560200665603838 0.9996722149060582
1629013202.169236660 0.9180587980565169 0.9663130733464325 0.0 0.0 0.0 0.05483762922480815 0.9984952851270769
1629013202.369596958 0.9455300336034386 0.9552171928231885 0.0 0.0 0.0 0.07046286771920485 0.9975144030402698
1629013202.670295238 0.9940805032223989 0.9457808743859377 0.0 0.0 0.0 0.0904599442831989 0.995900094628111
1629013202.870672941 0.9942856516405821 0.9444283215655508 0.0 0.0 0.0 0.09045996197916069 0.9959000930207451
1629013203.171209335 0.9953826252099691 0.9445386528859164 0.0 0.0 0.0 0.09045993378827794 0.9959000955813894
1629013203.171209335 0.9954342648187302 0.9434398605597122 0.0 0.0 0.0 0.09045989304468627 0.9959000992822241
1629013203.571948051 0.9959167267057004 0.9436280669253554 0.0 0.0 0.0 0.09045986894513726 0.9959001014712412
1629013203.677692413 0.9952513742609465 0.9429939545905214 0.0 0.0 0.0 0.09045981470206055 0.9959001063982617
1629013203.878424644 0.9953326495766527 0.9443745518770802 0.0 0.0 0.0 0.09045984998474135 0.9959001031934569
1629013204.072945595 0.9955258842106941 0.9451509291117439 0.0 0.0 0.0 0.09045984740614388 0.9959001034276767
1629013204.072945595 0.9954495315247586 0.9438709770055143 0.0 0.0 0.0 0.09045979249787227 0.995900108415117
1629013204.573929071 0.9957481827135369 0.9449475901567476 0.0 0.0 0.0 0.09045975198878906 0.9959001120946451
1629013205.475691319 0.9954581712963636 0.9449348083420452 0.0 0.0 0.0 0.09045978621332945 0.9959001089859558
1629013205.676188707 0.995032220013502 0.9439828934494553 0.0 0.0 0.0 0.09045973799907626 0.9959001133653608
1629013205.878082752 0.9939782907331551 0.9421153019146599 0.0 0.0 0.0 0.09045974388214248 0.9959001128309893
1629013206.076845169 0.9931251710049669 0.9418563372947901 0.0 0.0 0.0 0.09045976471692542 0.995900110938521
1629013206.076845169 0.9933514358364401 0.9414937772447964 0.0 0.0 0.0 0.09045973212778223 0.995900113898663
1629013206.377456665 0.9939495575735143 0.9409574368110957 0.0 0.0 0.0 0.09045970999988322 0.995900115908587
1629013206.477707386 0.9922651594370421 0.9415746643512847 0.0 0.0 0.0 0.09045966235894029 0.9959001202359132
1629013207.078907251 0.9917550806192815 0.9419510577477282 0.0 0.0 0.0 0.09045969088001318 0.995900117645285
1629013207.078907251 0.9919724172473694 0.9412052467019227 0.0 0.0 0.0 0.09045973725738721 0.99590011343273
1629013207.379912376 0.9915449238158175 0.9417372115248664 0.0 0.0 0.0 0.09045978290647921 0.9959001092863243
1629013207.580000401 0.991434298577201 0.9411234555630031 0.0 0.0 0.0 0.09045980949331515 0.9959001068713835
1629013208.080886364 0.9913634201324731 0.9413534659734126 0.0 0.0 0.0 0.09045981502358148 0.9959001063690572
1629013208.481552601 0.9916530480482539 0.9412808429162197 0.0 0.0 0.0 0.0904597935146565 0.9959001083227603
1629013209.383306265 0.991779132547074 0.9421014473777765 0.0 0.0 0.0 0.0904598072927329 0.9959001070712673
1629013209.483502388 0.9912115977786935 0.9401204766892435 0.0 0.0 0.0 0.09045981618005994 0.9959001062640117
1629013209.483502388 0.9919859118994515 0.9401130244527103 0.0 0.0 0.0 0.09045983640055553 0.995900104427339
1629013209.784077168 0.9919644645153061 0.9395430824189392 0.0 0.0 0.0 0.09045986136782894 0.9959001021595053
1629013209.986763000 0.9912107184068953 0.9381546534245824 0.0 0.0 0.0 0.09045981439308451 0.9959001064263266
1629013209.986763000 0.990893809849157 0.9373257029651765 0.0 0.0 0.0 0.09045982733974399 0.9959001052503528
1629013210.385328293 0.9909351961499758 0.9363948380583739 0.0 0.0 0.0 0.09045983531273624 0.9959001045261481
1629013210.786072731 0.9914080140969275 0.9362089344196834 0.0 0.0 0.0 0.09045977612305149 0.9959001099024778
1629013211.487395525 0.9920605745959759 0.9359930238695564 0.0 0.0 0.0 0.09045980089368262 0.9959001076525071
1629013211.687815666 0.9937828883038884 0.9357356188517233 0.0 0.0 0.0 0.09045977742654236 0.995900109784079
1629013211.687815666 0.9933999674981047 0.9354378011064391 0.0 0.0 0.0 0.09045970775947185 0.9959001161120883
1629013212.089605808 0.9928358906014287 0.934662315201547 0.0 0.0 0.0 0.09045971321018155 0.9959001156169888
1629013212.389182568 0.9931213537028812 0.9352524140701969 0.0 0.0 0.0 0.09045971020003674 0.9959001158904066
1629013212.489371300 0.9934199740378467 0.9351131716384145 0.0 0.0 0.0 0.09045976868782354 0.9959001105778358
1629013212.790127516 0.993251346445275 0.9349268982403981 0.0 0.0 0.0 0.09045978389457657 0.9959001091965732
1629013213.491334200 0.9922833573537384 0.9344368007581851 0.0 0.0 0.0 0.09045977756424098 0.9959001097715714
1629013213.691732168 0.9926723995714537 0.9353384083996747 0.0 0.0 0.0 0.090459789576372 0.9959001086804833
1629013213.892106056 0.992914115785038 0.9350860767263853 0.0 0.0 0.0 0.09045978845738872 0.995900108782123
1629013213.992370605 0.9925496550150389 0.9349458216249504 0.0 0.0 0.0 0.09045979776076317 0.9959001079370771
1629013214.192687035 0.9924237102901758 0.9343754370467754 0.0 0.0 0.0 0.09045979623772467 0.9959001080754181
1629013214.394271851 0.993637354558885 0.9333238762496037 0.0 0.0 0.0 0.09045979376620067 0.995900108299912
1629013214.394271851 0.9943965708864078 0.9322322430088671 0.0 0.0 0.0 0.09045972683390191 0.9959001143795174
1629013214.793873310 0.994255423789954 0.9325526072436401 0.0 0.0 0.0 0.09045973446720666 0.995900113686168
1629013214.793873310 0.9937257959619048 0.9332477033526999 0.0 0.0 0.0 0.09045970938740074 0.9959001159642201
1629013215.094453812 0.9930140865978956 0.9333430899720627 0.0 0.0 0.0 0.09045969175138914 0.9959001175661361
1629013215.595432520 0.9926221640366131 0.9323363917345716 0.0 0.0 0.0 0.09045975188268728 0.9959001121042826
1629013215.695641518 0.9925354026569306 0.9337681717716312 0.0 0.0 0.0 0.09045975312812701 0.9959001119911566
1629013215.795802355 0.9919801032130223 0.9333118350899418 0.0 0.0 0.0 0.09045975755880829 0.9959001115887083
1629013215.795802355 0.9928530942049094 0.9329177445605532 0.0 0.0 0.0 0.09045976866764208 0.9959001105796689
1629013215.996199131 0.9935659628334479 0.9329253065260332 0.0 0.0 0.0 0.09045978027547838 0.9959001095253038
1629013216.196589470 0.9934752560459191 0.9331556577556709 0.0 0.0 0.0 0.090459816977434 0.9959001061915844
1629013216.497184753 0.992981706210221 0.9334982092414728 0.0 0.0 0.0 0.09045982454183962 0.9959001055044926
1629013216.597385406 0.9920847381818462 0.9324681221997753 0.0 0.0 0.0 0.09045982714075215 0.9959001052684276
1629013216.597385406 0.9925017318348337 0.9329950096777602 0.0 0.0 0.0 0.09045979125771093 0.9959001085277637
1629013217.098364115 0.9937115083596827 0.931788283907263 0.0 0.0 0.0 0.09045981010608198 0.9959001068157246
1629013217.499140263 0.9931524043771582 0.932360130861783 0.0 0.0 0.0 0.09045978732072364 0.9959001088853688
1629013217.599331856 0.993184584202944 0.9335788030973271 0.0 0.0 0.0 0.09045977694648719 0.9959001098276834
1629013217.599331856 0.9925046933304578 0.9324674166156783 0.0 0.0 0.0 0.09045975320807738 0.9959001119838946
1629013217.799716949 0.99303111938831 0.9323246904558099 0.0 0.0 0.0 0.09045979275837153 0.9959001083914554
1629013217.799716949 0.9930301076555637 0.9317966143857956 0.0 0.0 0.0 0.09045975995303204 0.9959001113712358
1629013218.100379467 0.993549881365184 0.9312907107430053 0.0 0.0 0.0 0.09045976835266337 0.9959001106082791
1629013218.200509548 0.9936361696884255 0.9302173740101902 0.0 0.0 0.0 0.09045978870300565 0.995900108759813
1629013218.200509548 0.9932607115358096 0.9305999164722492 0.0 0.0 0.0 0.09045982630346784 0.99590010534448
1629013219.406359673 0.9935675940604122 0.9312770469065429 0.0 0.0 0.0 0.09045980965031243 0.9959001068571232
1629013219.503051281 0.9934389938053155 0.9306535367118539 0.0 0.0 0.0 0.09045978355974249 0.9959001092269869
1629013219.804655790 0.9946152611372232 0.9303900394089873 0.0 0.0 0.0 0.09045981951088759 0.9959001059614652
1629013220.204417229 0.9945128400605379 0.9313141777865903 0.0 0.0 0.0 0.09045981890480707 0.9959001060165169
1629013220.806005239 0.994667392560392 0.9318100872328923 0.0 0.0 0.0 0.09045982694434246 0.9959001052862679
1629013221.106210232 0.9941341495543796 0.9329158981969561 0.0 0.0 0.0 0.09045981290022796 0.9959001065619261
1629013221.406772852 0.9948312836546531 0.9339280201786581 0.0 0.0 0.0 0.09045973463948737 0.9959001136705194
1629013221.607167244 0.994971157214081 0.9348863623710003 0.0 0.0 0.0 0.09045971113697514 0.9959001158053026
1629013221.707352638 0.995434643653071 0.9347473693230901 0.0 0.0 0.0 0.09045969799209445 0.9959001169992797
1629013221.807577133 0.9952058003388023 0.9336328534243991 0.0 0.0 0.0 0.09045972264295286 0.9959001147601902
1629013221.907737732 0.9954677610520871 0.9342228713808461 0.0 0.0 0.0 0.09045973064770757 0.9959001140331013
1629013223.711259842 0.9954938263729018 0.9329017864882158 0.0 0.0 0.0 0.09045978397620276 0.9959001091891589
1629013223.911646843 0.9945552977594068 0.9323102796197089 0.0 0.0 0.0 0.09045979373814328 0.9959001083024606
1629013224.012077093 0.9941045054949931 0.9324211039929705 0.0 0.0 0.0 0.09045976625920196 0.9959001107984327
1629013224.012077093 0.9947643535799063 0.9324105830629209 0.0 0.0 0.0 0.09045975645651552 0.995900111688832
1629013224.212237358 0.996260734915945 0.9328600854715676 0.0 0.0 0.0 0.09045972685541412 0.9959001143775634
1629013224.813429356 0.9958886141144151 0.932771072003745 0.0 0.0 0.0 0.0904598028458591 0.9959001074751866
1629013225.014685154 0.9951692227286488 0.9333964971593134 0.0 0.0 0.0 0.09045979070076268 0.9959001085783524
1629013225.114006281 0.9933203699835512 0.9333052594973723 0.0 0.0 0.0 0.09045975986435582 0.9959001113792905
1629013225.314388275 0.9930751243079242 0.9332305486454611 0.0 0.0 0.0 0.0904597986409491 0.9959001078571279
1629013225.514781952 0.9919839741474191 0.9321971861592164 0.0 0.0 0.0 0.0904597995322683 0.9959001077761674
1629013225.614995480 0.9925384288357029 0.931236935248811 0.0 0.0 0.0 0.09045980205102573 0.9959001075473831
1629013225.715173721 0.9930449835851815 0.9310764555388803 0.0 0.0 0.0 0.09045979884728841 0.9959001078383857
1629013225.816148996 0.9938850859181294 0.9297678990536398 0.0 0.0 0.0 0.09045981393402876 0.9959001064680236
1629013225.915573120 0.9935590535750836 0.929677233112689 0.0 0.0 0.0 0.0904598397649764 0.9959001041217411
1629013226.015756130 0.9946389648648687 0.9304108998265612 0.0 0.0 0.0 0.09045989687075552 0.9959000989346934
1629013226.015756130 0.9947448903436373 0.9301109425326187 0.0 0.0 0.0 0.09045989200576643 0.9959000993765916
1629013226.416540146 0.9944417065525093 0.9298345987021477 0.0 0.0 0.0 0.09045987258950794 0.9959001011402148
1629013226.618190289 0.9937996381486305 0.9293120817567315 0.0 0.0 0.0 0.09045984072769525 0.9959001040342952
1629013226.817325592 0.9928407667781431 0.9296332827707294 0.0 0.0 0.0 0.09045984793024496 0.9959001033800714
1629013226.917517185 0.9934014060505229 0.9294337772970864 0.0 0.0 0.0 0.09045984449045813 0.995900103692515
1629013227.318311214 0.9936703468075611 0.9290990842946278 0.0 0.0 0.0 0.09045989220235508 0.995900099358735
1629013227.418504953 0.9938422884307069 0.9305235567183606 0.0 0.0 0.0 0.09045989747805175 0.9959000988795313
1629013227.418504953 0.9921698993519743 0.9313072759379394 0.0 0.0 0.0 0.09045989774720208 0.9959000988550838
1629013227.618903399 0.9923450997635433 0.931150608657498 0.0 0.0 0.0 0.0904599007211367 0.9959000985849545
1629013227.819284201 0.9931811910809404 0.9315249341394229 0.0 0.0 0.0 0.09045994214765267 0.9959000948220877
1629013228.220059395 0.9932767270914618 0.9311534201728986 0.0 0.0 0.0 0.09045992426045692 0.9959000964468235
1629013228.420449734 0.9927424286982071 0.9310312896027135 0.0 0.0 0.0 0.09045993906217827 0.9959000951023486
1629013228.620867252 0.9935716680606523 0.9305196238073773 0.0 0.0 0.0 0.0904599723432837 0.9959000920793473
1629013228.821250439 0.992983291498637 0.9301106398672784 0.0 0.0 0.0 0.09045995563700672 0.995900093596818
1629013229.021659851 0.9925538885811073 0.9301514716893345 0.0 0.0 0.0 0.09045992363157036 0.9959000965039467
1629013229.121829271 0.9930038182212051 0.929000139684929 0.0 0.0 0.0 0.09045992215143933 0.9959000966383905
1629013229.222027302 0.992761554993994 0.9290811914639264 0.0 0.0 0.0 0.09045997265523076 0.9959000920510124
1629013229.222027302 0.9925879475402812 0.9294142702042699 0.0 0.0 0.0 0.09045992671381085 0.9959000962239797
1629013229.422421217 0.9920739752064095 0.9294756268990026 0.0 0.0 0.0 0.09045993550909945 0.9959000954250831
1629013230.023580551 0.9921937969507316 0.9306075351302985 0.0 0.0 0.0 0.09045995649994672 0.9959000935184351
1629013230.123798370 0.9931491358038036 0.9302541551087834 0.0 0.0 0.0 0.09045997396004238 0.9959000919324932
1629013230.123798370 0.9925959818579835 0.9307731268444762 0.0 0.0 0.0 0.09045995951181572 0.99590009324486
1629013230.223979473 0.9915491719133007 0.9305500029189292 0.0 0.0 0.0 0.0904599173650254 0.9959000970731516
1629013230.424386501 0.9918905310917471 0.9292100459741099 0.0 0.0 0.0 0.09045997524040789 0.9959000918161945
1629013230.624771357 0.9909319010850867 0.9286021258022836 0.0 0.0 0.0 0.09045995709730577 0.9959000934641755
1629013230.724998474 0.9910545750549641 0.9295949882367242 0.0 0.0 0.0 0.09045994307051396 0.995900094738262
1629013230.724998474 0.9893147269438077 0.9288935653894097 0.0 0.0 0.0 0.09045990679729156 0.9959000980330434
1629013231.125766754 0.9898749312286129 0.9297707321628375 0.0 0.0 0.0 0.09045991210018944 0.9959000975513689
1629013231.225924015 0.9903017865793037 0.9301084715576959 0.0 0.0 0.0 0.09045995224553084 0.9959000939048737
1629013231.426332474 0.9906932963943039 0.9312173695508925 0.0 0.0 0.0 0.09045990630669822 0.995900098077605
1629013231.726910353 0.9919561248020176 0.9309482524512676 0.0 0.0 0.0 0.09045986678071394 0.9959001016678407
1629013231.927503109 0.9909362517278945 0.9308217736976191 0.0 0.0 0.0 0.09045987590717156 0.9959001008388638
1629013232.027493000 0.9919023440486846 0.9305100468248314 0.0 0.0 0.0 0.09045982310763437 0.9959001056347647
1629013232.227927685 0.9920433089983924 0.9298358249158861 0.0 0.0 0.0 0.09045978155055806 0.9959001094094856
1629013232.328094959 0.9924147359273235 0.93089698730281 0.0 0.0 0.0 0.09045975779525207 0.9959001115672316
1629013232.428275108 0.9925121499472704 0.9303042773388733 0.0 0.0 0.0 0.0904597351285546 0.9959001136260964
1629013232.528468847 0.9921023918383842 0.930090242736468 0.0 0.0 0.0 0.09045970036625683 0.9959001167836296
1629013232.628664970 0.9924627965977801 0.9307640023081999 0.0 0.0 0.0 0.09045967733467526 0.9959001188756362
1629013232.728875399 0.9913265009957574 0.9305499641060984 0.0 0.0 0.0 0.09045967118965452 0.9959001194338013
1629013232.728875399 0.9907117530620607 0.9299196805868627 0.0 0.0 0.0 0.090459679454982 0.9959001186830444
1629013233.129659176 0.9908615637823488 0.929328058568521 0.0 0.0 0.0 0.09045965800260859 0.9959001206316078
1629013233.430244684 0.9927249066458003 0.9286981231163118 0.0 0.0 0.0 0.09045966011018237 0.9959001204401726
1629013233.530465126 0.9917506292675352 0.9295269878630007 0.0 0.0 0.0 0.09045967801988801 0.995900118813397
1629013233.530465126 0.9915068747124101 0.9271411521560485 0.0 0.0 0.0 0.09045964438647208 0.9959001218683895
1629013233.730814695 0.9909679990357958 0.9258909278519923 0.0 0.0 0.0 0.09045967296871504 0.9959001192722055
1629013234.632601976 0.9899843195527787 0.9263429835088941 0.0 0.0 0.0 0.09045970486398862 0.9959001163750911
1629013235.033603668 0.9905647319614992 0.9261268210254706 0.0 0.0 0.0 0.09045970429625459 0.9959001164266597
1629013235.133549213 0.9924684144838234 0.9250887153642651 0.0 0.0 0.0 0.0904597010935922 0.9959001167175642
1629013235.133549213 0.9926099104285863 0.9245494006911189 0.0 0.0 0.0 0.09045972477153674 0.9959001145668465
1629013235.534484386 0.9909153330366857 0.9234688101358829 0.0 0.0 0.0 0.09045973898091743 0.9959001132761781
1629013236.035361052 0.9900910899882863 0.9237123176843391 0.0 0.0 0.0 0.0904596692232487 0.995900119612414
1629013236.335923672 0.9907054995395665 0.9241410125022336 0.0 0.0 0.0 0.09045966059728326 0.9959001203959282
1629013236.536616802 0.9916393923413308 0.9248846392327738 0.0 0.0 0.0 0.09045964099838079 0.9959001221761368
1629013236.736684799 0.990946501512086 0.9247628680534861 0.0 0.0 0.0 0.09045964900872103 0.9959001214485411
1629013237.037281513 0.990407017525849 0.9259156911847545 0.0 0.0 0.0 0.09045967113279893 0.9959001194389655
1629013237.137472868 0.98988200407241 0.9256475291776399 0.0 0.0 0.0 0.09045968847912308 0.9959001178633629
1629013237.237663746 0.9896855883004254 0.9256915080344286 0.0 0.0 0.0 0.09045974188773137 0.9959001130121459
1629013237.337888718 0.9902904603543015 0.9258181153113 0.0 0.0 0.0 0.09045977082211461 0.9959001103839734
1629013237.337888718 0.9911946198745512 0.9251004846299063 0.0 0.0 0.0 0.09045977315310222 0.9959001101722448
1629013237.738643646 0.9910551267831159 0.924787388033718 0.0 0.0 0.0 0.09045974798107163 0.9959001124586747
1629013238.239623070 0.9915925652228269 0.9255182704661092 0.0 0.0 0.0 0.09045977890911704 0.9959001096494134
1629013238.441780090 0.9913396679911981 0.9258456682009104 0.0 0.0 0.0 0.09045978528445987 0.9959001090703271
1629013238.640418053 0.9904805033742413 0.9256189911236885 0.0 0.0 0.0 0.09045978876447287 0.9959001087542299
1629013238.941011429 0.9903631260709275 0.9238858568922177 0.0 0.0 0.0 0.09045980841897569 0.9959001069689681
1629013239.041179180 0.9903255148359217 0.9236359930013183 0.0 0.0 0.0 0.09045980795223736 0.995900107011363
1629013239.141399860 0.9892542889686345 0.9236473956484843 0.0 0.0 0.0 0.09045982147640429 0.995900105782933
1629013239.141399860 0.9891966310378474 0.92483493919742 0.0 0.0 0.0 0.09045978122770378 0.9959001094388111
1629013239.141399860 0.9886018878270588 0.9244471947674298 0.0 0.0 0.0 0.09045980714754842 0.9959001070844548
1629013239.542208195 0.9883518510805542 0.9238919049892874 0.0 0.0 0.0 0.09045982258275836 0.9959001056824404
1629013239.942944527 0.9887435395425731 0.9240423403567998 0.0 0.0 0.0 0.09045976944998965 0.9959001105086065
1629013240.043147087 0.9889974158500535 0.924365149394809 0.0 0.0 0.0 0.09045976173308182 0.99590011120955
1629013240.143421173 0.9882473876096908 0.924513980760578 0.0 0.0 0.0 0.09045977043720513 0.9959001104189357
1629013240.143421173 0.9887018853872143 0.9250654731106556 0.0 0.0 0.0 0.09045978312133626 0.9959001092668084
1629013240.443916321 0.9888456999033683 0.9251828214460175 0.0 0.0 0.0 0.09045975845707498 0.9959001115071168
1629013240.544137478 0.989263928786733 0.9257176185006089 0.0 0.0 0.0 0.0904597072312113 0.9959001161600713
1629013240.644346952 0.9888810045025811 0.9257930357518371 0.0 0.0 0.0 0.09045961427633994 0.9959001246033539
1629013240.644346952 0.9889975677447643 0.9242252885368943 0.0 0.0 0.0 0.09045962553622675 0.9959001235805957
1629013241.045111418 0.9899848874279659 0.9236621830357148 0.0 0.0 0.0 0.09045960518828934 0.9959001254288398
1629013241.245482445 0.9901129992281713 0.9233234389293815 0.0 0.0 0.0 0.09045962094946758 0.9959001239972203
1629013241.646275520 0.9895732058367295 0.9229312020606899 0.0 0.0 0.0 0.09045956717191656 0.9959001288819425
1629013241.746649981 0.9898778734216465 0.9224746797224294 0.0 0.0 0.0 0.0904595540679592 0.9959001300722006
1629013241.846660614 0.990603639285034 0.9228615492189527 0.0 0.0 0.0 0.09045952514780638 0.9959001326990741
1629013242.247446537 0.9900393567254842 0.9221579792909319 0.0 0.0 0.0 0.09045953501549496 0.9959001318027729
1629013242.347635746 0.9903906212708498 0.9216101147789383 0.0 0.0 0.0 0.09045951757446771 0.995900133386975
1629013242.748418331 0.9912101415306509 0.9204973250183961 0.0 0.0 0.0 0.09045955847962835 0.99590012967148
1629013242.948856115 0.9906824548239604 0.9200039557816413 0.0 0.0 0.0 0.09045954281410302 0.9959001310944102
1629013243.049047709 0.9913810664390346 0.9203933965029818 0.0 0.0 0.0 0.09045956585076419 0.9959001290019452
1629013243.550235271 0.991177670677617 0.9205800454458883 0.0 0.0 0.0 0.09045957714906866 0.995900127975698
1629013243.750394821 0.9910504587374588 0.9205083110156893 0.0 0.0 0.0 0.0904596139775665 0.995900124630492
1629013243.850748301 0.9916525980663615 0.9190621904713088 0.0 0.0 0.0 0.09045958364291613 0.995900127385849
1629013244.051008224 0.9914790252438361 0.9190618199422682 0.0 0.0 0.0 0.09045963707427801 0.995900122532571
1629013244.351556540 0.9904191052606475 0.91932559021854 0.0 0.0 0.0 0.09045967730275038 0.995900118878536
1629013244.551958561 0.9905445472727114 0.9204448604813281 0.0 0.0 0.0 0.09045967657738287 0.9959001189444227
1629013244.752338409 0.9905634877643507 0.9214555642198748 0.0 0.0 0.0 0.09045965020627647 0.9959001213397647
1629013245.052947521 0.9905665676078932 0.9219909775248016 0.0 0.0 0.0 0.09045964167801854 0.9959001221144038
1629013245.253318071 0.9909817468413128 0.9240947800961498 0.0 0.0 0.0 0.09045967297449263 0.9959001192716807
1629013245.654092550 0.9921977837118136 0.9247847964083576 0.0 0.0 0.0 0.09045961351021055 0.995900124672943
1629013245.858057976 0.9925102098145099 0.9246442389460037 0.0 0.0 0.0 0.09045962695514845 0.9959001234517121
1629013245.954675913 0.9933174245856975 0.9243613087558302 0.0 0.0 0.0 0.09045962308052513 0.995900123803652
1629013245.954675913 0.9936113784315246 0.9259064351457452 0.0 0.0 0.0 0.09045958715769423 0.9959001270665947
1629013246.255266666 0.9931208400874669 0.9250981888076591 0.0 0.0 0.0 0.09045960844339869 0.9959001251331717
1629013246.555862904 0.9925560294654299 0.925706461732396 0.0 0.0 0.0 0.09045959386598348 0.9959001264572674
1629013246.956682920 0.9924089374377578 0.9257174189767374 0.0 0.0 0.0 0.09045954826058204 0.995900130599696
1629013247.057110310 0.9920590831484751 0.9256435617060779 0.0 0.0 0.0 0.09045951856191381 0.9959001332972833
1629013247.157055855 0.9920088426950995 0.9245359519535188 0.0 0.0 0.0 0.0904595166729704 0.9959001334688597
1629013247.358104467 0.9918272188554282 0.9239945610837644 0.0 0.0 0.0 0.09045949344325421 0.995900135578859
1629013247.358104467 0.9922183296151472 0.9243002582834703 0.0 0.0 0.0 0.09045946202665141 0.995900138432488
1629013247.557822704 0.992007398088097 0.923632317416075 0.0 0.0 0.0 0.09045945071738104 0.99590013945973
1629013247.958601952 0.9906252836229256 0.9226220298875751 0.0 0.0 0.0 0.09045942121755152 0.9959001421392536
1629013248.259931803 0.9910097782427256 0.9211239297876637 0.0 0.0 0.0 0.09045946009023437 0.9959001386083763
1629013248.359395504 0.9907995153824082 0.9214606849609704 0.0 0.0 0.0 0.09045942296731749 0.9959001419803192
1629013248.359395504 0.9903939282754927 0.9219067576549486 0.0 0.0 0.0 0.09045939385389928 0.9959001446247435
1629013248.459567547 0.9892993535555762 0.9223560675675619 0.0 0.0 0.0 0.09045939338063723 0.9959001446677308
1629013248.559775829 0.9878049144541701 0.9217518566286192 0.0 0.0 0.0 0.09045933866952054 0.9959001496372379
1629013248.559775829 0.987048147427612 0.9220880165839006 0.0 0.0 0.0 0.09045935014789082 0.9959001485946376
1629013248.960558414 0.9870228278736007 0.9230876221437183 0.0 0.0 0.0 0.09045938728845858 0.9959001452210943
1629013249.261137486 0.9858514272883855 0.9234915652326562 0.0 0.0 0.0 0.09045937320183153 0.9959001465006077
1629013249.461553097 0.9860171614305977 0.9241641909505209 0.0 0.0 0.0 0.09045939250130741 0.9959001447476019
1629013249.661929369 0.9857711627242176 0.9255544745947398 0.0 0.0 0.0 0.0904594488141176 0.9959001396326069
1629013250.263106346 0.9861287796260876 0.9260272850389929 0.0 0.0 0.0 0.09045944180238238 0.9959001402694958
1629013250.363283634 0.9864175187139212 0.9259362294548782 0.0 0.0 0.0 0.09045946196618297 0.9959001384379805
1629013250.463474512 0.9860225424055664 0.926351994360201 0.0 0.0 0.0 0.09045947005959841 0.9959001377028405
1629013250.666935921 0.9860376844679374 0.9262274289425872 0.0 0.0 0.0 0.09045944398902347 0.9959001400708791
1629013250.864261150 0.984745981305027 0.9264210110879179 0.0 0.0 0.0 0.09045951234777477 0.9959001338617255
1629013251.365235329 0.983631204002571 0.9260344027597132 0.0 0.0 0.0 0.0904594948591647 0.9959001354502492
1629013251.465437651 0.9828093768059639 0.9258166791658473 0.0 0.0 0.0 0.09045945785450646 0.9959001388114517
1629013251.565629005 0.9826345971524006 0.9257003599209372 0.0 0.0 0.0 0.09045948170302033 0.9959001366452467
1629013251.565629005 0.9818549746671134 0.9252342949148528 0.0 0.0 0.0 0.09045947064470077 0.9959001376496945
1629013252.166831970 0.9831713811881534 0.9246331845132993 0.0 0.0 0.0 0.09045944849565941 0.9959001396615331
1629013252.367221832 0.9832101562123972 0.9246896932390706 0.0 0.0 0.0 0.09045945258175538 0.9959001392903855
1629013252.467393875 0.9838939819586102 0.9248748464678855 0.0 0.0 0.0 0.09045945297494937 0.9959001392546709
1629013252.567692995 0.9828857152075047 0.9242606956826789 0.0 0.0 0.0 0.09045944883735009 0.9959001396304967
1629013252.667804718 0.9832565310120907 0.9249092992033333 0.0 0.0 0.0 0.09045947911345717 0.9959001368804615
1629013252.667804718 0.9828657812258874 0.925334396731549 0.0 0.0 0.0 0.0904594870083306 0.9959001361633553
1629013252.868175983 0.98292553177318 0.9245172434934834 0.0 0.0 0.0 0.09045948696152424 0.9959001361676069
1629013253.068570137 0.9831944716409394 0.9241948914925172 0.0 0.0 0.0 0.09045945221763385 0.9959001393234593
1629013253.168779850 0.9824073660821666 0.9237533841749557 0.0 0.0 0.0 0.09045949643911895 0.995900135306739
1629013253.168779850 0.9828641631482938 0.923485337122297 0.0 0.0 0.0 0.09045953099534376 0.995900132167931
1629013253.769940376 0.9822224673209148 0.9234829949266411 0.0 0.0 0.0 0.09045948263476339 0.9959001365606147
1629013253.970323563 0.9821988128857803 0.9233258397476956 0.0 0.0 0.0 0.09045947844699265 0.9959001369409978
1629013254.070553541 0.9841576946135195 0.9227262740405408 0.0 0.0 0.0 0.09045947294603685 0.9959001374406599
1629013254.170717239 0.983390395137848 0.9230452399836193 0.0 0.0 0.0 0.09045946420326031 0.9959001382347826
1629013254.170717239 0.9834677144345683 0.9224810934733381 0.0 0.0 0.0 0.09045949079423676 0.9959001358194743
1629013254.771917343 0.9831367470652881 0.9217660674184961 0.0 0.0 0.0 0.09045949173077109 0.9959001357344072
1629013254.972341061 0.9826571047885039 0.9206237499309502 0.0 0.0 0.0 0.09045951188246798 0.9959001339039902
1629013255.573482752 0.9835104911070479 0.921689982199437 0.0 0.0 0.0 0.09045951600631452 0.9959001335294133
1629013255.974318027 0.9843428149936057 0.9221063037529323 0.0 0.0 0.0 0.09045955372071306 0.9959001301037416
1629013256.074461937 0.9830423289554249 0.9213177543568835 0.0 0.0 0.0 0.09045953618567391 0.9959001316964833
1629013256.074461937 0.9826139132198877 0.9217378986497322 0.0 0.0 0.0 0.09045948212678265 0.9959001366067555
1629013256.174642801 0.9830473122287434 0.9209696915965815 0.0 0.0 0.0 0.09045950925431619 0.9959001341427103
1629013256.876011133 0.9826911586125096 0.9206883966509484 0.0 0.0 0.0 0.09045952681203902 0.9959001325479087
1629013257.076419830 0.9823316342832205 0.9198110563900351 0.0 0.0 0.0 0.09045952852844598 0.995900132392004
1629013257.276793480 0.9829290028060289 0.920965780969268 0.0 0.0 0.0 0.0904595370098014 0.9959001316216262
1629013258.078352928 0.9822941289383034 0.9200897061081333 0.0 0.0 0.0 0.09045951876979672 0.995900133278401
1629013258.579374075 0.9825038607337504 0.9202471796832074 0.0 0.0 0.0 0.09045950415425362 0.9959001346059586
1629013258.779723406 0.9821338291631871 0.9205976722144471 0.0 0.0 0.0 0.09045948215524194 0.9959001366041705
1629013258.779723406 0.9828597200999096 0.9200553589162114 0.0 0.0 0.0 0.09045950371383221 0.9959001346459629
1629013258.980110645 0.9830956763874215 0.9202383763613375 0.0 0.0 0.0 0.09045949115971577 0.9959001357862771
1629013259.581286430 0.9827938525128376 0.9192144311401202 0.0 0.0 0.0 0.09045950653485137 0.9959001343897245
1629013260.082254410 0.9833899611914999 0.9190741529308538 0.0 0.0 0.0 0.0904595013195604 0.9959001348634392
1629013260.182537079 0.9822209197236933 0.9189889851913414 0.0 0.0 0.0 0.090459499086134 0.9959001350663056
1629013260.182537079 0.9826397755976404 0.9199306743961572 0.0 0.0 0.0 0.09045948787005807 0.995900136085083
1629013260.382846355 0.9826954519884821 0.9212260797485171 0.0 0.0 0.0 0.09045952218187421 0.9959001329684755
1629013260.683427811 0.9823796478826189 0.9213806989591308 0.0 0.0 0.0 0.09045957183646824 0.995900128458252
1629013260.783623695 0.9828152595268024 0.9211243522887089 0.0 0.0 0.0 0.0904595666588063 0.9959001289285492
1629013260.783623695 0.982474583252254 0.9198067929986928 0.0 0.0 0.0 0.0904595604406882 0.995900129493353
1629013260.984056950 0.9821261131242548 0.9191603192478565 0.0 0.0 0.0 0.09045953847901467 0.9959001314881747
1629013261.184803009 0.9814344197676748 0.9184514907715332 0.0 0.0 0.0 0.09045948783775576 0.9959001360880171
1629013261.385650158 0.9827459338290825 0.919096024891278 0.0 0.0 0.0 0.09045946095847048 0.9959001385295129
1629013261.485024929 0.9825495900039272 0.9185545293867724 0.0 0.0 0.0 0.09045940599934368 0.995900143521551
1629013261.485024929 0.983337416030213 0.9180569074500444 0.0 0.0 0.0 0.09045941831877821 0.9959001424025545
1629013262.086208582 0.98422947603019 0.9170659412422609 0.0 0.0 0.0 0.09045942646242372 0.9959001416628523
1629013262.186375856 0.9835271788127283 0.9174325573683391 0.0 0.0 0.0 0.0904594168340725 0.995900142537413
1629013262.186375856 0.9832741211447091 0.9176584541105323 0.0 0.0 0.0 0.09045945108721568 0.9959001394261373
1629013262.286608219 0.982625152731679 0.9182084526307863 0.0 0.0 0.0 0.09045941284365398 0.99590014289987
1629013262.687365055 0.9837309103040676 0.9178410497981001 0.0 0.0 0.0 0.09045947771881613 0.9959001370071394
1629013262.787581205 0.9838445476487773 0.9192987770464003 0.0 0.0 0.0 0.0904594721985242 0.9959001375085579
1629013262.887779713 0.9840040668421203 0.9204744673281491 0.0 0.0 0.0 0.09045950660392092 0.9959001343834507
1629013263.088128090 0.9840797321993503 0.9199208958947881 0.0 0.0 0.0 0.09045950969047871 0.9959001341030927
1629013263.088128090 0.9832754224688753 0.9193208540445666 0.0 0.0 0.0 0.09045953226144954 0.9959001320529282
1629013263.388790369 0.9844266851890959 0.9192766519533953 0.0 0.0 0.0 0.09045951242338088 0.9959001338548581
1629013263.589112759 0.984291935075253 0.9201392482665653 0.0 0.0 0.0 0.09045950149489604 0.9959001348475132
1629013263.689300060 0.9844090446981157 0.9203916733652918 0.0 0.0 0.0 0.09045951459859744 0.995900133657279
1629013263.689300060 0.9845830679314747 0.9194063634335279 0.0 0.0 0.0 0.09045947522713528 0.9959001372334634
1629013264.691281557 0.9848350647310983 0.9189340191353518 0.0 0.0 0.0 0.09045948891621329 0.9959001359900588
1629013265.292447567 0.9846453194675473 0.9187802817978855 0.0 0.0 0.0 0.09045947405256424 0.9959001373401519
1629013265.893932343 0.9848256339433934 0.9182728716302042 0.0 0.0 0.0 0.09045948114823722 0.9959001366956386
1629013266.795362473 0.9844181898473616 0.9197204991356941 0.0 0.0 0.0 0.09045947733273083 0.9959001370422083
1629013266.996018648 0.9844055985523396 0.9202552832048484 0.0 0.0 0.0 0.09045945136846253 0.9959001394005911
1629013267.296465397 0.9848396903728897 0.919576645987669 0.0 0.0 0.0 0.09045940819094699 0.9959001433224838
1629013267.396602631 0.9861117520134277 0.9198040923233781 0.0 0.0 0.0 0.09045940292846825 0.9959001438004842
1629013267.396602631 0.9850014450326852 0.9207400808133053 0.0 0.0 0.0 0.09045938376655223 0.9959001455409953
1629013267.596940279 0.9847409455594422 0.9209967700573025 0.0 0.0 0.0 0.0904593712057322 0.9959001466819168
1629013268.498708248 0.9856042188499239 0.9210664914635763 0.0 0.0 0.0 0.0904593963350544 0.9959001443993758
1629013269.099856377 0.9855050339787385 0.9217139775465222 0.0 0.0 0.0 0.0904593716540754 0.9959001466411931
1629013269.200072765 0.9842475615050289 0.9218269367308519 0.0 0.0 0.0 0.09045936054258649 0.9959001476504692
1629013269.400448322 0.9839488111576871 0.9225778869184019 0.0 0.0 0.0 0.09045931200009462 0.9959001520596679
1629013269.500660896 0.9839451814583389 0.9228917752227728 0.0 0.0 0.0 0.09045933431596848 0.9959001500326786
1629013269.600833416 0.9842528879012594 0.9236466827050307 0.0 0.0 0.0 0.09045936367383023 0.9959001473660528
1629013269.702066660 0.9834547117043442 0.924719270113568 0.0 0.0 0.0 0.09045940679594125 0.9959001434491946
1629013269.801248312 0.9829457546466195 0.92537579554404 0.0 0.0 0.0 0.09045938485846945 0.9959001454418145
1629013269.801248312 0.9818709525254715 0.9241669361312674 0.0 0.0 0.0 0.09045937886878698 0.9959001459858681
1629013269.901425600 0.9838900845504807 0.92384559828739 0.0 0.0 0.0 0.09045935805582668 0.995900147876346
1629013270.202024698 0.9847100412150331 0.9237140456212304 0.0 0.0 0.0 0.09045935228460059 0.9959001484005565
1629013270.302225113 0.9839984430430577 0.9236463749176007 0.0 0.0 0.0 0.0904594312105715 0.9959001412315694
1629013270.403551102 0.9843957800562588 0.9246706359846072 0.0 0.0 0.0 0.09045939000584423 0.9959001449742693
1629013270.602983952 0.9841026622854022 0.9250032990622362 0.0 0.0 0.0 0.09045938100023224 0.995900145792265
1629013270.702999592 0.9825342319042712 0.9256152143992707 0.0 0.0 0.0 0.09045942482595638 0.9959001418114957
1629013270.903461933 0.9827011542866427 0.9264880768184012 0.0 0.0 0.0 0.0904594171588613 0.9959001425079118
1629013270.903461933 0.9820089377405167 0.9277140088660679 0.0 0.0 0.0 0.09045940336545974 0.9959001437607914
1629013271.204852819 0.9806182567735056 0.9263892804338769 0.0 0.0 0.0 0.09045941718341313 0.9959001425056817
1629013271.404375553 0.9809419025670293 0.9252066822402061 0.0 0.0 0.0 0.09045945495772989 0.9959001390745713
1629013271.805147171 0.9799267833408005 0.9248885619243352 0.0 0.0 0.0 0.09045944362912793 0.9959001401035691
1629013271.905340433 0.9803761585718503 0.9250021641615498 0.0 0.0 0.0 0.09045942567119276 0.9959001417347213
1629013271.905340433 0.9807252686123031 0.9253189800100914 0.0 0.0 0.0 0.09045942602506879 0.9959001417025781
1629013272.206001997 0.9817165788814086 0.9246554526309979 0.0 0.0 0.0 0.09045943397093932 0.9959001409808401
1629013272.707123518 0.982110849486219 0.9253616935058676 0.0 0.0 0.0 0.0904594400043452 0.9959001404328148
1629013273.207884312 0.9823388132950941 0.9251448566466719 0.0 0.0 0.0 0.09045946690605644 0.9959001379892826
1629013273.408269882 0.9839529749416307 0.9248835662837036 0.0 0.0 0.0 0.09045948126742068 0.9959001366848129
1629013273.809125662 0.9837062955146945 0.9251993463371595 0.0 0.0 0.0 0.09045952317683478 0.9959001328781012
1629013274.009464025 4.887128220102709 1.2823204066723697 0.0 0.0 0.0 0.8663363475446085 0.4994610424478243
1629013275.311985254 4.887961955563557 1.2816494628234252 0.0 0.0 0.0 0.8663363445009667 0.49946104772714983
1629013275.812977314 4.887912115391063 1.2815561807782867 0.0 0.0 0.0 0.8663363054591351 0.49946111544685445
1629013275.913190365 4.889069524782115 1.2809486278055184 0.0 0.0 0.0 0.8663363282934925 0.49946107583969934
1629013276.013378859 4.889275098049052 1.2802529820424473 0.0 0.0 0.0 0.8663363050169574 0.4994611162138305
1629013276.013378859 4.8887735256980145 1.2794836878986944 0.0 0.0 0.0 0.8663362859532171 0.49946114928068797
1629013276.313955784 4.888123889464637 1.2788358303746183 0.0 0.0 0.0 0.8663362802413432 0.4994611591881723
1629013276.514402390 4.888592313118101 1.278397767097567 0.0 0.0 0.0 0.8663362759735556 0.4994611665908285
1629013276.514402390 4.888091299501028 1.2794935217721812 0.0 0.0 0.0 0.8663362621636114 0.4994611905447534
1629013276.614527225 4.887102216665265 1.2798314776216886 0.0 0.0 0.0 0.8663362664636495 0.49946118308615794
1629013277.015316010 4.887364332527692 1.2791686888763512 0.0 0.0 0.0 0.866336260708373 0.499461193068925
1629013277.015316010 4.887461485079139 1.2803291872110558 0.0 0.0 0.0 0.8663362438252591 0.49946122235338886
1629013277.215725422 4.8869304631450845 1.2805857836968166 0.0 0.0 0.0 0.8663362237728801 0.4994612571350718
1629013277.416112423 4.886283143428678 1.2798781997432607 0.0 0.0 0.0 0.8663362211825884 0.49946126162804
1629013277.616681337 4.886529770728681 1.2792115894165395 0.0 0.0 0.0 0.866336233069205 0.49946124101021094
1629013278.117462635 4.887056418433298 1.2785456168749751 0.0 0.0 0.0 0.8663362206437555 0.4994612625626679
1629013278.317893028 4.8873133930112935 1.2786848574853227 0.0 0.0 0.0 0.8663362224903666 0.49946125935964447
1629013278.418324947 4.888317163747515 1.2775677972933788 0.0 0.0 0.0 0.8663362275636561 0.4994612505598138
1629013278.518271446 4.889108459452208 1.276708913959831 0.0 0.0 0.0 0.8663362190961577 0.49946126524704015
1629013278.518271446 4.8899421866845225 1.2765614500297566 0.0 0.0 0.0 0.86633618993463 0.49946131582891257
1629013278.718654156 4.889607964923559 1.275050904657111 0.0 0.0 0.0 0.8663361827053119 0.4994613283684618
1629013278.919036388 4.88916827450466 1.2753686911804243 0.0 0.0 0.0 0.8663362006103749 0.49946129731139366
1629013279.019241810 4.889901548800067 1.2753726213040226 0.0 0.0 0.0 0.8663362070721123 0.4994612861032435
1629013279.019241810 4.8894150693813785 1.2743298992519105 0.0 0.0 0.0 0.8663362059224273 0.4994612880974195
1629013279.822077751 4.888347636711207 1.2742344535347276 0.0 0.0 0.0 0.8663362193842612 0.49946126474731267
1629013280.021559715 4.888762078487772 1.2753885317617715 0.0 0.0 0.0 0.8663362474414771 0.49946121608090827
1629013280.822953224 4.163781482659225 -0.13551667992673866 0.0 0.0 0.0 0.6945054164271618 0.7194874749106719
1629013281.023141384 4.164500098632407 -0.13529349442005048 0.0 0.0 0.0 0.694505388904917 0.7194875014772877
1629013281.323719501 4.165124796853344 -0.135796161147049 0.0 0.0 0.0 0.6945054176134821 0.719487473765543
1629013281.524127960 4.165642908061043 -0.13552874813099616 0.0 0.0 0.0 0.6945054104988558 0.719487480633135
1629013281.724548578 4.165210424095445 -0.13523422137090188 0.0 0.0 0.0 0.6945053979970613 0.7194874927008416
1629013281.824714661 4.16437094083661 -0.13483532506126034 0.0 0.0 0.0 0.6945053966741984 0.7194874939777718
1629013281.323719501 4.194276670611314 -0.5740833863108591 0.0 0.0 0.0 0.787422743446562 0.6164133540921138
1629013281.524127960 4.245874941483555 -0.7382175505619851 0.0 0.0 0.0 0.8046717180292283 0.5937199897290726
1629013281.724548578 4.294760286413595 -0.9308947998925744 0.0 0.0 0.0 0.7990588835454431 0.6012527759828724
1629013281.824714661 4.335880362318308 -1.003829109189994 0.0 0.0 0.0 0.7900068589997075 0.6130980041831944
1629013282.125304222 4.336146521240455 -1.0025403112627715 0.0 0.0 0.0 0.7900068297633183 0.6130980418557145
1629013282.225491524 4.335172052722522 -1.002190275277166 0.0 0.0 0.0 0.7900068323265159 0.6130980385529089
1629013282.225491524 4.334642824040923 -1.002508498969777 0.0 0.0 0.0 0.790006812554529 0.613098064030081
1629013282.526069880 4.334607478957101 -1.0031060899023665 0.0 0.0 0.0 0.7900068349577857 0.613098035162389
1629013283.027065277 4.334865866830483 -1.0024230398885416 0.0 0.0 0.0 0.7900068647851283 0.6130979967283958
1629013283.127244234 4.334842354947555 -1.0028349304484747 0.0 0.0 0.0 0.790006831323709 0.6130980398450747
1629013283.227453947 4.335002919258911 -1.0011800981932182 0.0 0.0 0.0 0.7900068104030238 0.6130980668024005
1629013283.227453947 4.335232702129375 -1.0008051603173822 0.0 0.0 0.0 0.7900068135650244 0.6130980627280082
1629013283.728429317 4.335097504110888 -1.001270291457116 0.0 0.0 0.0 0.7900068248621128 0.6130980481711575
1629013283.928811550 4.334552338786673 -1.00274125232979 0.0 0.0 0.0 0.790006834837418 0.6130980353174887
1629013284.029018402 4.3343844939132445 -1.0031113360904858 0.0 0.0 0.0 0.7900068067548941 0.6130980715031938
1629013284.129204512 4.334547226781393 -1.0030297178146428 0.0 0.0 0.0 0.7900067733204096 0.6130981145851576
1629013284.129204512 4.332957253801007 -1.0038660945223348 0.0 0.0 0.0 0.7900067752122497 0.6130981121474295
1629013285.031048775 4.33355813760351 -1.004792480263593 0.0 0.0 0.0 0.7900067723076939 0.6130981158900911
1629013285.131157875 4.332776892263538 -1.004478157591286 0.0 0.0 0.0 0.7900067999998935 0.6130980802073419
1629013285.131157875 4.333521614518343 -1.0033714934849565 0.0 0.0 0.0 0.7900068156639176 0.6130980600234818
1629013285.331543922 4.332925491725388 -1.0027396784877969 0.0 0.0 0.0 0.7900068314832773 0.6130980396394631
1629013285.331543922 4.3340192455545035 -1.0030859261735416 0.0 0.0 0.0 0.790006823045895 0.613098050511443
1629013285.632148743 4.334205573369465 -1.0030537302384275 0.0 0.0 0.0 0.7900068345408645 0.6130980356996123
1629013285.732345343 4.33449485368475 -1.0029381373003494 0.0 0.0 0.0 0.7900068347577911 0.6130980354200918
1629013285.932733774 4.333342324750778 -1.0026846710491646 0.0 0.0 0.0 0.7900068349896967 0.61309803512127
1629013285.932733774 4.334094126394454 -1.002838877851473 0.0 0.0 0.0 0.7900068354455855 0.613098034533835
1629013286.233335018 4.333895530343277 -1.0026460447322403 0.0 0.0 0.0 0.7900068148449264 0.613098061078792
1629013287.335497141 4.3339298145691565 -1.002994426786737 0.0 0.0 0.0 0.7900068335144302 0.6130980370222232
1629013288.238262653 4.333638084660111 -1.0026198119402396 0.0 0.0 0.0 0.7900068430119571 0.6130980247841946
1629013289.139037371 4.333586161113546 -1.0029908718704341 0.0 0.0 0.0 0.7900068455384477 0.6130980215286876
1629013289.239264727 4.333848707017398 -1.0027276305878108 0.0 0.0 0.0 0.7900068319007504 0.6130980391015286
1629013289.339389801 4.333856518229567 -1.003272497579572 0.0 0.0 0.0 0.790006838553709 0.6130980305288657
1629013289.539778709 4.3334991153326765 -1.0023787060746472 0.0 0.0 0.0 0.7900068385066561 0.6130980305894956
1629013289.539778709 4.333195997516968 -1.003658187478573 0.0 0.0 0.0 0.7900068622189305 0.6130980000350676
1629013289.740151167 4.3325590444484545 -1.0025049319794692 0.0 0.0 0.0 0.7900068292991226 0.6130980424538535
1629013289.740151167 4.333036115518427 -1.002528974598008 0.0 0.0 0.0 0.7900067855793494 0.6130980987889164
1629013289.940553188 4.333170412061624 -1.0039170325529394 0.0 0.0 0.0 0.7900068068748615 0.6130980713486099
1629013290.241132259 4.333231939531463 -1.0033641858257634 0.0 0.0 0.0 0.7900068131152497 0.6130980633075649
1629013290.642004013 4.334051438589645 -1.0026586274167117 0.0 0.0 0.0 0.7900068222490053 0.6130980515382743
1629013290.942499161 4.334063744441965 -1.0034645266258753 0.0 0.0 0.0 0.7900068431459084 0.6130980246115918
1629013291.042703152 4.334138117590139 -1.0043209001959728 0.0 0.0 0.0 0.7900068469409524 0.6130980197214917
1629013291.042703152 4.33409511866687 -1.0032950667472886 0.0 0.0 0.0 0.790006836599854 0.6130980330465036
1629013291.643872261 4.334887971392801 -1.002205945307044 0.0 0.0 0.0 0.7900068428792145 0.6130980249552399
1629013291.944457531 4.335116405890273 -1.0011040532423365 0.0 0.0 0.0 0.7900068452816403 0.6130980218595966
1629013292.144999266 4.335510088184778 -1.0014065796658225 0.0 0.0 0.0 0.7900068195856148 0.6130980549701833
1629013292.345243454 4.335642352451339 -1.0021808231727238 0.0 0.0 0.0 0.7900068430448897 0.6130980247417595
1629013292.445479393 4.335814692960927 -1.0020882338258221 0.0 0.0 0.0 0.7900067914786731 0.61309809118735
1629013292.445479393 4.335722145098988 -1.0017117253478778 0.0 0.0 0.0 0.7900068038346051 0.6130980752661289
1629013293.047432423 4.335763466503444 -1.0012838124930286 0.0 0.0 0.0 0.7900068314607211 0.6130980396685278
1629013293.247035027 4.3346374721936884 -1.001311834760528 0.0 0.0 0.0 0.7900068218237237 0.6130980520862704
1629013293.848223686 4.334458006078979 -1.0017326516727512 0.0 0.0 0.0 0.7900068520850655 0.6130980130930498
1629013294.248976707 4.3344163888645655 -1.0015311590575937 0.0 0.0 0.0 0.7900068259055464 0.6130980468266423
1629013294.449362993 4.335186036026851 -1.0023205756504643 0.0 0.0 0.0 0.7900068228574728 0.6130980507542342
1629013294.549557686 4.334830091833249 -1.0024260176397521 0.0 0.0 0.0 0.7900067919876322 0.6130980905315315
1629013295.150742054 4.334503199318837 -1.0026683521710058 0.0 0.0 0.0 0.7900068151458339 0.6130980606910579
1629013295.250942469 4.334124012095651 -1.0030598024154314 0.0 0.0 0.0 0.7900067970426299 0.6130980840179203
1629013295.351131916 4.333828552079448 -1.0031408142512888 0.0 0.0 0.0 0.7900068212269796 0.6130980528552044
1629013295.351131916 4.333719503097249 -1.0024071690686969 0.0 0.0 0.0 0.790006775167614 0.6130981122049448
1629013295.351131916 4.332819740901582 -1.0019914927978781 0.0 0.0 0.0 0.7900067908699859 0.6130980919716732
1629013295.651784420 4.332940530288213 -1.0026875935290158 0.0 0.0 0.0 0.7900067729775344 0.613098115026969
1629013296.152692318 4.332107270425552 -1.001669406405542 0.0 0.0 0.0 0.7900067445725948 0.613098151628115
1629013296.252875090 4.331860615595466 -1.0011646267272432 0.0 0.0 0.0 0.7900067318998618 0.6130981679575465
1629013296.252875090 4.331714435069327 -1.0014726421054552 0.0 0.0 0.0 0.7900067590899131 0.6130981329218447
1629013296.453254938 4.332227218108241 -1.0030031595828286 0.0 0.0 0.0 0.7900067495780805 0.6130981451783034
1629013296.753854752 4.333217661949776 -1.002781539087837 0.0 0.0 0.0 0.79000677498819 0.6130981124361412
1629013297.054462671 4.333027133989887 -1.003368080227664 0.0 0.0 0.0 0.7900067721995582 0.6130981160294292
1629013297.154661655 4.333144695270817 -1.0038132402588793 0.0 0.0 0.0 0.7900067666717353 0.613098123152298
1629013297.254834890 4.333338244569325 -1.0034296493917487 0.0 0.0 0.0 0.7900067879474596 0.613098095737491
1629013297.254834890 4.334026340711652 -1.0038826245066477 0.0 0.0 0.0 0.7900067934053914 0.6130980887046797
1629013297.555447102 4.334294143579336 -1.0049287832015261 0.0 0.0 0.0 0.7900067828981873 0.6130981022437245
1629013297.755830765 4.334097537532724 -1.0075259740050748 0.0 0.0 0.0 0.7900067723645687 0.6130981158168051
1629013297.856037855 4.334187244155254 -1.0071546523786823 0.0 0.0 0.0 0.7900067654902159 0.6130981246747432
1629013297.956216335 4.333167735370659 -1.0066446551659745 0.0 0.0 0.0 0.7900067504888584 0.613098144004722
1629013298.056957483 4.333075911025707 -1.0070706819802382 0.0 0.0 0.0 0.7900067778031773 0.613098108808893
1629013298.156583786 4.333546193784774 -1.0075475166500953 0.0 0.0 0.0 0.7900067392340285 0.6130981585071167
1629013298.356981039 4.333960004099416 -1.0068294978122778 0.0 0.0 0.0 0.7900067159754837 0.6130981884768796
1629013298.356981039 4.333959196940205 -1.005432161570221 0.0 0.0 0.0 0.7900067247811177 0.6130981771303936
1629013298.557417154 4.333976437075214 -1.004895531299272 0.0 0.0 0.0 0.7900067417521384 0.61309815526241
1629013298.958150387 4.333466012724272 -1.0028232300270281 0.0 0.0 0.0 0.7900067601168357 0.613098131598605
1629013299.158659935 4.334227900534515 -1.0016337654776681 0.0 0.0 0.0 0.7900067586036531 0.6130981335484145
1629013299.358932257 4.334248286608948 -1.0001863817754635 0.0 0.0 0.0 0.7900068060254388 0.6130980724431326
1629013299.759720087 4.334359272214085 -1.0002010028553414 0.0 0.0 0.0 0.7900067875581451 0.6130980962391416
1629013300.060306549 4.334558285591233 -0.9994616731904121 0.0 0.0 0.0 0.7900068032520896 0.6130980760167285
1629013300.160758972 4.333827513207877 -0.9989602881691396 0.0 0.0 0.0 0.7900067818072416 0.6130981036494612
1629013300.361333370 4.333422906395659 -0.9998534582851657 0.0 0.0 0.0 0.7900067601224925 0.613098131591316
1629013300.461078167 4.333547887882906 -1.0000034974954441 0.0 0.0 0.0 0.7900067809512225 0.6130981047524835
1629013300.461078167 4.333843194301087 -0.9998746217056055 0.0 0.0 0.0 0.7900067574451438 0.61309813504121
1629013300.962058544 4.334341985531764 -1.0006640774719602 0.0 0.0 0.0 0.7900067551277664 0.6130981380272633
1629013301.362841129 4.33513446937381 -1.0012793562543512 0.0 0.0 0.0 0.7900067466083487 0.6130981490049471
1629013301.863822460 4.3349373813549015 -1.0013472960270144 0.0 0.0 0.0 0.7900067903526756 0.6130980926382528
1629013302.164443970 4.334582664730649 -1.0012882624975568 0.0 0.0 0.0 0.7900067602933902 0.613098131371106
1629013302.665424824 4.335707600051844 -1.001862776301548 0.0 0.0 0.0 0.7900067652770116 0.6130981249494672
1629013302.865775824 4.336115748154479 -1.001712068720646 0.0 0.0 0.0 0.7900066968743803 0.6130982130895759
1629013303.867745638 4.33555737474278 -1.000678494795924 0.0 0.0 0.0 0.7900067020618556 0.613098206405263
1629013304.068133831 4.33570127376304 -1.0003399949846674 0.0 0.0 0.0 0.7900067043638043 0.6130982034390907
1629013304.168321133 4.334856953649165 -1.0007348736771766 0.0 0.0 0.0 0.7900067083818703 0.6130981982616183
1629013304.168321133 4.334821273155227 -1.0006203259997686 0.0 0.0 0.0 0.790006739722884 0.6130981578772027
1629013304.370109081 4.334581899878801 -1.000826030882005 0.0 0.0 0.0 0.7900067617551478 0.6130981294875602
1629013304.769490957 4.3357057610541165 -1.0006496702845364 0.0 0.0 0.0 0.7900067988262007 0.6130980817197023
1629013305.271343708 4.336209948863549 -1.000795722278183 0.0 0.0 0.0 0.7900068146310866 0.613098061354335
1629013305.470873833 4.336447547077056 -1.0004348761399222 0.0 0.0 0.0 0.790006841772546 0.6130980263812366
1629013305.571066380 4.335500576022482 -1.0011495183165233 0.0 0.0 0.0 0.7900068403478747 0.6130980282169953
1629013305.571066380 4.334716154125993 -1.000738441161285 0.0 0.0 0.0 0.7900067948179298 0.613098086884555
1629013306.072058678 4.335358791921748 -1.0008709858028246 0.0 0.0 0.0 0.7900067867910454 0.6130980972275869
1629013306.172584057 4.335561107744717 -1.000307478442378 0.0 0.0 0.0 0.790006798922414 0.6130980815957269
1629013306.272438526 4.334762939589457 -0.9992757586763916 0.0 0.0 0.0 0.7900068090430115 0.6130980685548428
1629013306.272438526 4.335497035728548 -0.9995005957194504 0.0 0.0 0.0 0.7900068147524761 0.6130980611979188
1629013306.272438526 4.336221920485771 -0.9991784088280232 0.0 0.0 0.0 0.7900068100923769 0.6130980672026841
1629013306.575726032 4.336759414307276 -0.9985926291093501 0.0 0.0 0.0 0.7900067862801615 0.6130980978858858
1629013307.374596596 4.3375953401502025 -1.0005007451908972 0.0 0.0 0.0 0.790006805043569 0.6130980737083198
1629013307.975763083 4.337464758674937 -1.000736351291364 0.0 0.0 0.0 0.7900067880691696 0.6130980955806616
1629013308.075963020 4.337555617002556 -1.0006045509330042 0.0 0.0 0.0 0.790006810543294 0.6130980666216556
1629013308.075963020 4.337302507621407 -1.0018627992332958 0.0 0.0 0.0 0.7900067930908203 0.6130980891100197
1629013308.476742268 4.337450002849306 -1.0016526781104194 0.0 0.0 0.0 0.7900067999661026 0.6130980802508832
1629013308.577086210 4.336861268925381 -1.0024670494593395 0.0 0.0 0.0 0.790006790593241 0.6130980923282726
1629013308.577086210 4.336268966129704 -1.0023057775961004 0.0 0.0 0.0 0.7900067655927431 0.613098124542632
1629013308.777350664 4.337189863933302 -1.0024769932974338 0.0 0.0 0.0 0.7900067459585879 0.6130981498421955
