1629013127.723922968 0.00040663716968924486 0.0004984136408024062 0.0 0.0 0.0 -3.103936025899334e-08 0.9999999999999996
1629013127.723922968 0.0009549235320092369 0.00013499569067038146 0.0 0.0 0.0 2.9792318553339458e-08 0.9999999999999996
1629013127.723922968 0.0016646467578383568 0.0001416481686992097 0.0 0.0 0.0 7.118070718185087e-08 0.9999999999999974
1629013127.723922968 0.00191650094421598 -0.000342836574458096 0.0 0.0 0.0 6.248899615785734e-08 0.999999999999998
1629013127.723922968 0.0024109941499806946 -0.0008755415966984394 0.0 0.0 0.0 3.835431034791057e-08 0.9999999999999992
1629013128.224887848 0.0007324834443385134 0.00029069762397959724 0.0 0.0 0.0 7.1077609633479015e-09 1.0
1629013128.224887848 0.003560303317028255 -0.0013424564312230721 0.0 0.0 0.0 6.199313547550657e-09 1.0
1629013128.325093031 -0.0007555720113378835 -0.0003302430180016156 0.0 0.0 0.0 0.0005179569218043406 0.9999998658603045
1629013128.325093031 0.002998962627010413 -0.002032955453501329 0.0 0.0 0.0 1.7532335998963303e-08 0.9999999999999999
1629013128.425327301 0.00012776116586141997 0.002861009564776157 0.0 0.0 0.0 -0.0003955438168295894 0.9999999217725414
1629013128.425327301 0.003611265526661824 -0.003050236281820482 0.0 0.0 0.0 3.504650490546527e-08 0.9999999999999993
1629013128.525490284 -0.0002935987223766575 0.003556823804783748 0.0 0.0 0.0 0.00012237266515070834 0.9999999925124654
1629013128.525490284 0.004785859677649196 -0.0041307162338531465 0.0 0.0 0.0 3.2157145020204626e-08 0.9999999999999994
1629013128.625700474 0.0038857819799502603 -0.004655661698486554 0.0 0.0 0.0 -3.3803286651384e-09 1.0
1629013128.625700474 0.004513809834193418 -0.004148435573033085 0.0 0.0 0.0 3.758066453415043e-08 0.9999999999999993
1629013128.625700474 0.0056104421478020755 -0.004304811953086013 0.0 0.0 0.0 -3.52137857730096e-09 1.0
1629013128.625700474 -6.206782082514267e-05 0.0015382788788072205 0.0 0.0 0.0 0.0008129181141135957 0.9999996695820152
1629013128.926275730 -0.0007790124694705725 0.0008257526062953755 0.0 0.0 0.0 0.00029501241312988386 0.9999999564838371
1629013128.926275730 -0.0009431358482723534 -0.010253918418064842 0.0 0.0 0.0 -2.5966631290228883e-08 0.9999999999999997
1629013128.926275730 -0.0017093098988407904 -0.009357292704600005 0.0 0.0 0.0 -6.756676306735905e-08 0.9999999999999977
1629013128.926275730 -0.0020045797342026586 -0.009309190400762432 0.0 0.0 0.0 -1.0334216825118582e-07 0.9999999999999947
1629013128.926275730 0.004535978777054292 -0.0037837908459163517 0.0 0.0 0.0 4.4193834445419513e-08 0.999999999999999
1629013129.327075481 -0.0009657783536110037 0.0007124647485851647 0.0 0.0 0.0 0.0007178941461814033 0.9999997423139643
1629013129.727863789 -0.0015514842131508215 0.00024568358536643166 0.0 0.0 0.0 0.0007178978175662097 0.9999997423113286
1629013129.928267002 -0.0025267486922299527 0.00017520295240461278 0.0 0.0 0.0 0.0007178489416171662 0.9999997423464153
1629013130.128615141 -0.003071786949703159 -1.3571821969800597e-05 0.0 0.0 0.0 0.000717856426682059 0.9999997423410422
1629013130.729794502 -0.0025179938632014947 -0.0015543757164592162 0.0 0.0 0.0 0.001429647035218838 0.9999989780541552
1629013132.533311367 0.003049914083391715 -0.010074043934915768 0.0 0.0 0.0 -1.1312267174264173e-08 0.9999999999999999
1629013137.552075386 0.008793205494043579 -0.008486333818804412 0.0 0.0 0.0 1.8784857987888095e-07 0.9999999999999823
1629013137.552075386 -0.012167412847766828 -0.002972558201502216 0.0 0.0 0.0 1.7633626790764918e-07 0.9999999999999845
1629013137.552075386 -0.013312725792556868 -0.003965926253906662 0.0 0.0 0.0 1.6576615165108812e-07 0.9999999999999862
1629013138.044185638 0.007844933643466475 -0.009233691857543996 0.0 0.0 0.0 2.0630970866109913e-07 0.9999999999999787
1629013142.853490353 -0.004970137810570753 -0.012064913299397493 0.0 0.0 0.0 1.6457007191216313e-08 0.9999999999999999
1629013142.853490353 -0.005030347626738963 -0.01193310390570652 0.0 0.0 0.0 -8.651142861319307e-09 1.0
1629013142.853490353 0.008535929035085089 -0.00876613399380973 0.0 0.0 0.0 2.3229146163989335e-07 0.999999999999973
1629013143.053889513 -0.006702557440860441 -0.011878560336002202 0.0 0.0 0.0 1.842417464964781e-08 0.9999999999999998
1629013143.154386997 -0.006777764205965217 -0.010908455190610077 0.0 0.0 0.0 3.477083156146242e-08 0.9999999999999994
1629013143.254235268 -0.006863817238981374 -0.010755126843783342 0.0 0.0 0.0 4.128365241552222e-08 0.9999999999999991
1629013143.354449272 -0.006759140498790464 -0.010623097394083457 0.0 0.0 0.0 4.617283821070933e-08 0.9999999999999989
1629013143.454634190 0.006235284118785424 0.015939136931698343 0.0 0.0 0.0 -1.3796717774713056e-07 0.9999999999999905
1629013143.454634190 0.01029752938666675 0.012754895130990197 0.0 0.0 0.0 -7.975126664005083e-09 1.0
1629013143.454634190 0.013725803351687575 -0.008976713056467842 0.0 0.0 0.0 7.797606216752077e-08 0.999999999999997
1629013144.055785656 0.010279793710197332 0.013207787459236167 0.0 0.0 0.0 -2.1182547095992875e-09 1.0
1629013144.055785656 0.01612550022213897 -0.004764366354927675 0.0 0.0 0.0 -1.0145862664341053e-07 0.9999999999999949
1629013144.256221533 -0.0011154864794933315 0.017794213073479986 0.0 0.0 0.0 -1.6638887305473893e-07 0.9999999999999861
1629013144.357876301 -0.0008855070228517576 0.01784641689565644 0.0 0.0 0.0 -1.6907198933331888e-07 0.9999999999999857
1629013144.357876301 -0.001590353718820199 0.019068257703007324 0.0 0.0 0.0 -1.5863060945669565e-07 0.9999999999999875
1629013144.357876301 -0.0019333116011142997 0.01765250314692745 0.0 0.0 0.0 -1.8871762460208115e-07 0.9999999999999822
1629013156.079273701 0.009251787743020877 0.017742152496806413 0.0 0.0 0.0 -1.7738024265607582e-07 0.9999999999999842
1629013156.079273701 -0.011092148558105275 0.012088481408055365 0.0 0.0 0.0 3.648308775537701e-08 0.9999999999999993
1629013156.279649734 -0.011543972006758437 -0.01532584691396071 0.0 0.0 0.0 1.281204944474519e-07 0.9999999999999918
1629013156.581030369 -0.008343670750556491 -0.016967069546555708 0.0 0.0 0.0 4.720887715648357e-08 0.9999999999999989
1629013156.780653477 0.0009654106758836894 -0.021572516372529743 0.0 0.0 0.0 9.275429081874843e-08 0.9999999999999957
1629013156.780653477 -0.00869989890426018 -0.017839349976913967 0.0 0.0 0.0 7.297962299757157e-08 0.9999999999999973
1629013156.780653477 0.016569886782829373 -0.0009583488172099698 0.0 0.0 0.0 -4.0906097532271233e-07 0.9999999999999163
1629013157.181401730 -0.017407985486344014 -0.010939498534924976 0.0 0.0 0.0 -6.991888921568324e-08 0.9999999999999976
1629013157.181401730 -0.01990740234846565 -0.007461866698628191 0.0 0.0 0.0 -1.9411128134032937e-07 0.9999999999999811
1629013157.686052322 -0.012953808841274297 -0.020657150434347932 0.0 0.0 0.0 1.7130910807636863e-07 0.9999999999999853
1629013157.686052322 -0.013180728240594958 -0.017345035717530176 0.0 0.0 0.0 1.689039932220355e-07 0.9999999999999858
1629013157.686052322 -0.01815488752483087 -0.010657871023310764 0.0 0.0 0.0 -1.2258844022803339e-07 0.9999999999999925
1629013157.982985973 -0.015229765966277835 -0.02033864527901343 0.0 0.0 0.0 2.5436797951107453e-07 0.9999999999999677
1629013157.982985973 0.022238992769643227 0.007748111945534165 0.0 0.0 0.0 1.5458498506504062e-07 0.999999999999988
1629013157.982985973 0.02326553798582022 0.008096654241039244 0.0 0.0 0.0 1.2516272478642554e-07 0.9999999999999921
1629013158.684444427 -0.01973873592837453 -0.01647958774912484 0.0 0.0 0.0 2.7410918286603333e-07 0.9999999999999625
1629013158.984942913 0.02129291825425074 -0.0006727725520818408 0.0 0.0 0.0 2.1083952578926993e-07 0.9999999999999778
1629013159.085130692 -0.021507358789143553 -0.015109171395143055 0.0 0.0 0.0 2.8714250805248243e-07 0.9999999999999588
1629013159.485904694 -0.011938472618566768 -0.0015256192402497988 0.0 0.0 0.0 -1.5267491001267625e-07 0.9999999999999883
1629013159.485904694 0.024160220200942 0.0020396893927030783 0.0 0.0 0.0 1.9124150571918046e-07 0.9999999999999817
1629013159.886710405 0.002290089366969527 -0.02499413249945699 0.0 0.0 0.0 1.8308857463725652e-09 1.0
1629013159.886710405 -0.02287402732027056 -0.015912245629525288 0.0 0.0 0.0 2.6782723259148173e-07 0.9999999999999641
1629013160.187287807 -0.007410643536832097 0.02298813263177276 0.0 0.0 0.0 -1.9488832435305223e-07 0.999999999999981
1629013160.287604094 -0.022469758428136682 -0.014994843231055256 0.0 0.0 0.0 2.5306748176565595e-07 0.999999999999968
1629013160.490854502 -0.019470621247386615 -0.020220836245369925 0.0 0.0 0.0 -3.329127533021556e-07 0.9999999999999446
1629013160.588062286 0.017777166439378735 -0.010122981917487589 0.0 0.0 0.0 -2.0353328928565605e-07 0.9999999999999792
1629013160.788452625 -0.02227462785127962 0.00708167109554062 0.0 0.0 0.0 -9.190531763262536e-08 0.9999999999999958
1629013161.089177847 -0.017999308160003835 0.017318480416106445 0.0 0.0 0.0 4.408899311921287e-07 0.9999999999999029
1629013161.089177847 -0.02072755856234757 -0.02219803416720503 0.0 0.0 0.0 -3.06467959832399e-07 0.999999999999953
1629013161.089177847 -0.02149717042433924 0.007364913646332753 0.0 0.0 0.0 -1.4955898718077708e-07 0.9999999999999888
1629013161.590049744 -0.02505260448471991 0.0043197916494524796 0.0 0.0 0.0 -8.32797833946149e-08 0.9999999999999966
1629013161.790414810 -0.008854047890446632 -0.024243299667304374 0.0 0.0 0.0 2.2684061663529093e-07 0.9999999999999742
1629013161.990804672 0.0042324732523257545 -0.022390088193533598 0.0 0.0 0.0 -8.46143887971736e-08 0.9999999999999964
1629013161.990804672 -0.01591958031712874 -0.024084787897120145 0.0 0.0 0.0 -4.046234008062457e-07 0.9999999999999182
1629013162.391571283 -0.01170087864885128 0.025212658113902518 0.0 0.0 0.0 -7.547887534370132e-08 0.9999999999999971
1629013162.391571283 -0.027948767815548205 0.0044567095454989 0.0 0.0 0.0 -1.0414229923030644e-07 0.9999999999999946
1629013162.792377234 -0.011056802080700352 0.025845816893402245 0.0 0.0 0.0 -1.2892819240378403e-07 0.9999999999999917
1629013162.992767334 0.027685761587685136 0.016745969243706228 0.0 0.0 0.0 9.26209746056198e-09 1.0
1629013162.992767334 0.028233383194587083 -0.00302894318170929 0.0 0.0 0.0 2.984472368804362e-07 0.9999999999999555
1629013170.106631994 -0.02888141207205934 0.007297063451299667 0.0 0.0 0.0 -3.079477650695182e-07 0.9999999999999526
1629013170.307057381 -0.02878504643702875 0.006376184080527227 0.0 0.0 0.0 -3.0073550691495634e-07 0.9999999999999548
1629013170.507467270 -0.030436819427418958 0.006385812816019001 0.0 0.0 0.0 -2.7001001730653606e-07 0.9999999999999636
1629013170.707806826 -0.022983068154984 -0.024753509939307472 0.0 0.0 0.0 -6.623147812937928e-07 0.9999999999997806
1629013171.009956837 -0.028094042024967496 -0.019692063311859822 0.0 0.0 0.0 -9.9044605469157e-08 0.9999999999999951
1629013171.108597279 0.029370112652106286 0.014974336430191587 0.0 0.0 0.0 1.1779548806081564e-07 0.9999999999999931
1629013171.309024096 0.027413160876986413 -0.0050456989248610015 0.0 0.0 0.0 2.807148912357423e-07 0.9999999999999606
1629013171.509395123 -0.021143584137559256 -0.029236606586125296 0.0 0.0 0.0 -5.715242369071784e-07 0.9999999999998367
1629013171.709802628 -0.017648065154042766 0.023044259425222077 0.0 0.0 0.0 1.1870825791416096e-07 0.999999999999993
1629013171.709802628 0.03515366570169803 0.002083378700016543 0.0 0.0 0.0 3.024162032866896e-07 0.9999999999999543
1629013172.310935020 -0.028110786384950993 -0.0029454477166227793 0.0 0.0 0.0 -1.134910570803789e-07 0.9999999999999936
1629013172.411147356 -0.02243893268860503 0.02252104316193392 0.0 0.0 0.0 6.63321902862154e-08 0.9999999999999978
1629013172.611762047 -0.03109523216631651 -0.02339258706347038 0.0 0.0 0.0 3.487815073690993e-08 0.9999999999999994
1629013172.811977863 -0.027606509660722905 0.009546936658586892 0.0 0.0 0.0 4.7057741370101956e-07 0.9999999999998893
1629013172.811977863 -0.03120515851097775 -0.020869774748731567 0.0 0.0 0.0 -4.0267207597454764e-08 0.9999999999999992
1629013173.112493277 -0.00015632269935848462 -0.0311544682365568 0.0 0.0 0.0 -2.4248500859730095e-07 0.9999999999999706
1629013173.312892914 -0.009138977667147821 -0.033063874173201856 0.0 0.0 0.0 -4.164830445695874e-07 0.9999999999999133
1629013173.413134813 -0.020698540983354975 0.024524846469823117 0.0 0.0 0.0 2.038121974582937e-07 0.9999999999999792
1629013173.413134813 -0.03477802584012778 -0.001751526935701346 0.0 0.0 0.0 2.8979015356846936e-07 0.999999999999958
1629013173.413134813 0.03537193851075859 0.012161816338668438 0.0 0.0 0.0 8.456098402638807e-08 0.9999999999999964
1629013174.114495277 0.028177852413163895 -0.015674340120914152 0.0 0.0 0.0 -1.5593369779457224e-07 0.9999999999999878
1629013174.314868450 0.027968739264155527 -0.014470888323372002 0.0 0.0 0.0 -1.5945961282898373e-07 0.9999999999999872
1629013174.415051937 -0.02483685300786467 0.027046508867109055 0.0 0.0 0.0 1.2587849918232362e-07 0.9999999999999921
1629013174.415051937 -0.035274877335672736 -0.0015616113542430434 0.0 0.0 0.0 2.0057265922297072e-07 0.9999999999999799
1629013174.415051937 -0.03589959704694639 -0.00031011836263726545 0.0 0.0 0.0 2.561012351644279e-07 0.9999999999999672
1629013174.916043282 -0.024878887751540138 0.028179633898197626 0.0 0.0 0.0 1.3335753059714058e-07 0.9999999999999911
1629013174.916043282 -0.03606960235590095 -0.0011415549632327576 0.0 0.0 0.0 2.1842530783279896e-07 0.9999999999999761
1629013175.216599941 -0.024983596090280273 0.02797619096764231 0.0 0.0 0.0 1.4268662206602576e-07 0.9999999999999898
1629013175.216599941 -0.03705169692463257 0.0032392955431659745 0.0 0.0 0.0 2.179474809264613e-07 0.9999999999999762
1629013175.517198086 -0.02556877573783685 0.027133496583375324 0.0 0.0 0.0 6.971789489495892e-08 0.9999999999999976
1629013175.817921162 -0.03774189728040191 -0.0024092899863543352 0.0 0.0 0.0 2.3690141258185157e-07 0.9999999999999719
1629013176.018274307 0.021801461441064866 0.030397335763839396 0.0 0.0 0.0 -3.2603877342831796e-07 0.9999999999999468
1629013176.018274307 0.036185791842860124 0.019636322625875762 0.0 0.0 0.0 -2.8640634000333298e-08 0.9999999999999996
1629013176.218912125 -0.04114757561378191 0.0019725177193597385 0.0 0.0 0.0 2.39329536371648e-07 0.9999999999999714
1629013176.420287848 -0.024977289315181762 0.02799610052536127 0.0 0.0 0.0 -6.705047056045431e-08 0.9999999999999978
1629013176.619600296 -0.005002998958079265 0.02849835937708988 0.0 0.0 0.0 -1.8607468072957074e-07 0.9999999999999827
1629013176.820007801 0.004745561208412809 0.02906179695893588 0.0 0.0 0.0 2.7266349140997736e-07 0.9999999999999628
1629013176.820007801 -0.006937439557176041 0.03022665105714874 0.0 0.0 0.0 -1.9037051147538555e-07 0.9999999999999819
1629013176.820007801 0.0251810176359331 0.02975595073352637 0.0 0.0 0.0 -1.7284927353215136e-07 0.999999999999985
1629013177.621303797 -0.018527756822539695 -0.03550429576129995 0.0 0.0 0.0 -3.261000131124808e-07 0.9999999999999468
1629013177.721537590 0.016175442434286893 -0.03246485889953935 0.0 0.0 0.0 -3.915236126905691e-07 0.9999999999999234
1629013177.721537590 -0.04428338129766279 0.002046480007117612 0.0 0.0 0.0 1.6235979040205047e-07 0.9999999999999868
1629013177.921918392 -0.04040696679577735 -0.015308511879884164 0.0 0.0 0.0 -7.96455306990693e-08 0.9999999999999968
1629013178.122301817 -0.016888641014920068 -0.03521588438068841 0.0 0.0 0.0 -3.114774509149422e-07 0.9999999999999515
1629013178.122301817 -0.01710354782503499 -0.03560391413937361 0.0 0.0 0.0 -2.621920782820437e-07 0.9999999999999656
1629013178.523101568 0.04299092876757936 0.026580668726403377 0.0 0.0 0.0 -3.5904919188478655e-08 0.9999999999999993
1629013178.723504305 -0.008987985716086576 -0.02683934022205728 0.0 0.0 0.0 -1.8757011396985682e-07 0.9999999999999825
1629013178.723504305 -0.019143946966292572 0.018000956862416446 0.0 0.0 0.0 4.474125296109621e-07 0.9999999999998999
1629013178.723504305 0.04356573630967591 0.026702917775944628 0.0 0.0 0.0 -4.596105253685594e-08 0.9999999999999989
1629013179.925849915 0.023467196374134955 0.03215040728645759 0.0 0.0 0.0 -4.0875933858158203e-07 0.9999999999999165
1629013179.925849915 -0.024967870895933653 0.016465781494933485 0.0 0.0 0.0 4.434722733258664e-07 0.9999999999999016
1629013179.925849915 -0.046416819935987966 0.0019150015291996103 0.0 0.0 0.0 3.256127404632884e-07 0.999999999999947
1629013179.925849915 -0.04740803903020695 0.003430397809085507 0.0 0.0 0.0 3.8743996653163384e-07 0.999999999999925
1629013179.925849915 -0.04772803616309666 0.0015449508606540216 0.0 0.0 0.0 3.607492609231708e-07 0.9999999999999349
1629013180.627175808 0.015116911391840928 -0.03690437145670875 0.0 0.0 0.0 -7.248611995883277e-08 0.9999999999999973
1629013180.627175808 -0.0483315383272984 -0.013719277908714009 0.0 0.0 0.0 -3.93868442888908e-08 0.9999999999999992
1629013180.828376532 0.018298842636792025 0.03709050526315818 0.0 0.0 0.0 6.99547135250584e-07 0.9999999999997553
1629013180.828376532 0.03216856567539921 0.032337226145570025 0.0 0.0 0.0 -1.4647462306732496e-07 0.9999999999999892
1629013180.828376532 -0.04711702804780601 0.008250387470452713 0.0 0.0 0.0 3.1605879152170257e-07 0.99999999999995
1629013180.828376532 -0.049082528643219714 -0.016669932864773338 0.0 0.0 0.0 8.733058658488605e-08 0.9999999999999962
1629013181.428739548 -0.04620153321806502 0.007638063270399558 0.0 0.0 0.0 4.2904670380474784e-07 0.999999999999908
1629013181.629146099 0.013268103387415398 -0.03905878545662771 0.0 0.0 0.0 -1.472632755425164e-07 0.9999999999999891
1629013181.629146099 -0.04648934430753492 0.009528701179307344 0.0 0.0 0.0 2.9645041214716917e-07 0.999999999999956
1629013181.832266808 -0.027893355293223638 0.028894594398290056 0.0 0.0 0.0 -1.26741858368109e-07 0.999999999999992
1629013181.832266808 -0.049001920578303805 -0.002411597282003403 0.0 0.0 0.0 3.592117554868941e-07 0.9999999999999355
1629013182.330725193 -0.050602153199129224 -0.018764249740196137 0.0 0.0 0.0 4.4134095910836224e-08 0.999999999999999
1629013182.531440973 -0.051035486957581574 -0.01816463918238664 0.0 0.0 0.0 3.288353101483663e-08 0.9999999999999994
1629013182.734062195 -0.05033972309679284 -0.01952285893723152 0.0 0.0 0.0 4.922220042123643e-08 0.9999999999999988
1629013182.831467628 -0.05017990913478383 0.008117879156481454 0.0 0.0 0.0 3.8243320126486036e-07 0.9999999999999268
1629013183.132084608 0.04805861826264098 0.0022461705568489893 0.0 0.0 0.0 3.000386540883193e-07 0.999999999999955
1629013183.132084608 -0.05030358536798491 0.008241654343637111 0.0 0.0 0.0 3.989923527910242e-07 0.9999999999999204
1629013183.132084608 -0.05116473386494671 -0.0013376565318355175 0.0 0.0 0.0 2.8441587684976905e-07 0.9999999999999596
1629013183.634452820 -0.028834631130436314 0.032465029086441936 0.0 0.0 0.0 -1.5757720840822334e-07 0.9999999999999876
1629013183.634452820 0.03887219387314598 0.03232060192064337 0.0 0.0 0.0 3.3172026392075586e-08 0.9999999999999994
1629013183.634452820 -0.05121716946617989 -0.021028333836194877 0.0 0.0 0.0 1.8141043684294758e-07 0.9999999999999836
1629013183.634452820 -0.051419526980728346 0.00899330046873892 0.0 0.0 0.0 2.7670347106703517e-07 0.9999999999999617
1629013183.634452820 -0.05515480702034283 0.00016315215118549176 0.0 0.0 0.0 2.450271296263518e-07 0.99999999999997
1629013184.033816814 -0.006378786389802813 -0.03810730960238713 0.0 0.0 0.0 4.956755959016404e-08 0.9999999999999988
1629013184.033816814 -0.01952028757179949 0.04891540586232709 0.0 0.0 0.0 -1.8492914374535058e-07 0.9999999999999829
1629013184.033816814 0.02290334689757192 0.03290545339532002 0.0 0.0 0.0 4.6036888091118193e-07 0.9999999999998941
1629013184.033816814 0.03836795551408927 0.0320745560669787 0.0 0.0 0.0 -7.760395272180938e-08 0.999999999999997
1629013184.033816814 0.038822718191360114 0.0318581313191871 0.0 0.0 0.0 1.557065916922331e-08 0.9999999999999999
1629013184.033816814 -0.05555038281304585 0.006411045990224248 0.0 0.0 0.0 6.881113891774017e-07 0.9999999999997633
1629013184.635001659 0.03809958370646832 0.031436831359417744 0.0 0.0 0.0 -8.261652730802092e-08 0.9999999999999966
1629013184.635001659 -0.03987173727906318 -0.027106275151081494 0.0 0.0 0.0 -8.644972986828569e-08 0.9999999999999962
1629013184.835386753 0.01723078377468901 0.03337154206517707 0.0 0.0 0.0 4.536346129744873e-07 0.9999999999998971
1629013184.835386753 -0.04994984682696222 -0.021567380861975922 0.0 0.0 0.0 1.0441131031655148e-07 0.9999999999999946
1629013185.035778046 0.0066660621137361944 0.0459840127658815 0.0 0.0 0.0 -2.7034449190551043e-08 0.9999999999999997
1629013185.035778046 -0.030433782189211823 0.03351302468937702 0.0 0.0 0.0 -2.680750498448331e-07 0.999999999999964
1629013185.035778046 0.03784118645673459 0.03302153870490889 0.0 0.0 0.0 -5.5401895281590384e-08 0.9999999999999984
1629013185.035778046 0.04012127413796832 0.030488320339280204 0.0 0.0 0.0 -1.3060897885743404e-07 0.9999999999999915
1629013185.035778046 -0.04270003448205936 -0.02055151877601988 0.0 0.0 0.0 1.0917465924898109e-07 0.999999999999994
1629013185.737141132 0.027156674314795275 0.03417213924982302 0.0 0.0 0.0 3.689221701913489e-07 0.9999999999999319
1629013185.737141132 -0.032640116187100526 0.031179727728470465 0.0 0.0 0.0 2.3895524116724646e-09 1.0
1629013185.737141132 -0.050973187338769314 -0.027517366359431857 0.0 0.0 0.0 1.7750835186817098e-07 0.9999999999999842
1629013185.737141132 -0.05669110497578911 -0.010835262237799136 0.0 0.0 0.0 6.286687941228382e-08 0.999999999999998
1629013185.737141132 -0.061709207081526544 0.011129344582085865 0.0 0.0 0.0 7.054205909087506e-07 0.9999999999997512
1629013186.238120079 0.02122428801149272 0.03232313974456542 0.0 0.0 0.0 5.92977911587986e-07 0.9999999999998241
1629013186.238120079 -0.06169802886669085 0.012308679618174697 0.0 0.0 0.0 5.574455893203236e-07 0.9999999999998447
1629013186.238120079 -0.062286636597425324 0.011820985706499254 0.0 0.0 0.0 5.452554237778909e-07 0.9999999999998513
1629013186.538707733 0.030257072158943094 0.03565198334442927 0.0 0.0 0.0 2.231100223289548e-07 0.9999999999999751
1629013186.638895512 -0.013067779461494873 0.05145197718714909 0.0 0.0 0.0 -3.0000402725361096e-07 0.999999999999955
1629013186.638895512 -0.04601875083291495 -0.015104893782760956 0.0 0.0 0.0 1.8682810237330376e-07 0.9999999999999826
1629013186.638895512 0.04879073665194802 0.01507658534055537 0.0 0.0 0.0 -3.1619354310446687e-07 0.99999999999995
1629013186.638895512 -0.06321641863782329 0.006792127927972028 0.0 0.0 0.0 9.5486693859618e-07 0.9999999999995441
1629013187.039713860 0.03954295025892138 0.0316685730353248 0.0 0.0 0.0 -3.969555081312157e-07 0.9999999999999212
1629013187.039713860 -0.053087396532259114 -0.02325615728579332 0.0 0.0 0.0 2.5756140151071616e-08 0.9999999999999997
1629013187.039713860 -0.05337183735898097 -0.023468888060635764 0.0 0.0 0.0 2.454274919899771e-08 0.9999999999999997
1629013188.142455101 0.03909303614894115 0.03274199957369847 0.0 0.0 0.0 -3.58329507231438e-07 0.9999999999999358
1629013188.142455101 -0.05358897343876659 -0.023896065697724827 0.0 0.0 0.0 8.960978257163727e-08 0.999999999999996
1629013188.142455101 -0.060138432494177996 -0.01783693206204346 0.0 0.0 0.0 9.585872294982476e-08 0.9999999999999954
1629013188.542624950 -0.06473304830609627 0.008631271485617889 0.0 0.0 0.0 7.55612065841726e-07 0.9999999999997146
1629013188.642812967 0.006639917598087801 0.05093765082115485 0.0 0.0 0.0 5.868006809938708e-08 0.9999999999999982
1629013188.642812967 0.012824147374609022 -0.049252422597925685 0.0 0.0 0.0 1.1383223793643817e-10 1.0
1629013188.642812967 -0.05508051754662822 -0.025603030137728005 0.0 0.0 0.0 4.7784392921049835e-08 0.9999999999999989
1629013188.642812967 -0.06550203661838572 0.008178053479497904 0.0 0.0 0.0 7.246294650011278e-07 0.9999999999997374
1629013189.346075773 0.00655275120207193 -0.0435200048690105 0.0 0.0 0.0 1.4966740019942743e-08 0.9999999999999999
1629013189.346075773 -0.049170759918367585 -0.028554734986150507 0.0 0.0 0.0 9.681474877149407e-08 0.9999999999999953
1629013189.346075773 -0.06658799386606312 0.007760973893212369 0.0 0.0 0.0 8.633877285762575e-07 0.9999999999996273
1629013189.945374012 -0.06127642330531987 -0.0161148253717458 0.0 0.0 0.0 3.256883995221317e-07 0.9999999999999469
1629013189.945374012 -0.06759148999190606 0.007502959312783635 0.0 0.0 0.0 8.634424925637123e-07 0.9999999999996272
1629013190.145747185 -0.028814624913176802 0.047722676666219134 0.0 0.0 0.0 -2.629032905419757e-07 0.9999999999999655
1629013190.145747185 0.038523402597951874 0.03219849184262149 0.0 0.0 0.0 -3.2167741916153126e-07 0.9999999999999483
1629013190.145747185 0.043478752317948254 0.03073469769831301 0.0 0.0 0.0 -4.498679514489236e-07 0.9999999999998989
1629013190.145747185 -0.07182503432490668 0.00702881091474349 0.0 0.0 0.0 8.694136595810112e-07 0.9999999999996221
1629013190.446377039 0.010869664680525075 0.05511728805679617 0.0 0.0 0.0 3.038238245145632e-07 0.9999999999999538
1629013190.446377039 -0.07027099694247922 0.005135138119657418 0.0 0.0 0.0 8.979774144556822e-07 0.9999999999995968
1629013191.448290825 -0.030638744794948384 0.037317878190245124 0.0 0.0 0.0 -4.808520770953511e-07 0.9999999999998844
1629013191.548486233 0.00492433059543001 0.025801486103144786 0.0 0.0 0.0 -1.388373978859012e-07 0.9999999999999903
1629013191.548486233 0.005311260706387092 0.026043029708214954 0.0 0.0 0.0 -9.72658203489412e-08 0.9999999999999952
1629013191.548486233 0.005354912831109193 0.026274666567547834 0.0 0.0 0.0 -1.1083561840276221e-07 0.9999999999999939
1629013191.548486233 0.005404021483760599 0.026663356152565827 0.0 0.0 0.0 -1.3234896165082026e-07 0.9999999999999912
1629013191.548486233 0.00600489262687011 0.025416742039588262 0.0 0.0 0.0 -1.2788585999332277e-07 0.9999999999999918
1629013191.949263096 0.005993701229008861 0.024957398456392336 0.0 0.0 0.0 -1.6623170566626758e-07 0.9999999999999862
1629013192.049455166 0.0054499208214332405 0.026391008087831187 0.0 0.0 0.0 -1.2848799893684208e-07 0.9999999999999918
1629013192.249902725 0.005719206981623714 0.02573733890712707 0.0 0.0 0.0 -9.912685410268007e-08 0.9999999999999951
1629013192.249902725 0.00575287720517744 0.024814762119321588 0.0 0.0 0.0 -6.41599860816e-08 0.9999999999999979
1629013192.249902725 0.0060063030841389356 0.025989689790112645 0.0 0.0 0.0 -7.489387447074236e-08 0.9999999999999972
1629013192.249902725 0.006116568167517173 0.02623507670043089 0.0 0.0 0.0 -5.212873762421663e-08 0.9999999999999987
1629013192.249902725 0.006213977976081324 0.026328042851041535 0.0 0.0 0.0 -6.424861208667629e-08 0.9999999999999979
1629013192.851044893 -2.5160091321284552 -0.5002333829795134 0.0 0.0 0.0 0.8216503278223187 0.5699918760732263
1629013192.851044893 -2.516439953241717 -0.49932376604024825 0.0 0.0 0.0 0.8216503289404846 0.5699918744613763
1629013192.851044893 -2.51669403870751 -0.4994223495128516 0.0 0.0 0.0 0.8216503006069155 0.5699919153045642
1629013193.051414251 -2.5145459080506534 -0.501393995460761 0.0 0.0 0.0 0.8216503116320178 0.5699918994117442
1629013193.051414251 -2.514884739254403 -0.50087646843048 0.0 0.0 0.0 0.8216503154759428 0.5699918938706792
1629013193.051414251 -2.515834893341629 -0.5004739874471854 0.0 0.0 0.0 0.8216503231358939 0.5699918828287655
1629013193.051414251 -2.572355905369277 -0.35195964431461035 0.0 0.0 0.0 0.7972676696887641 0.6036259295864018
1629013193.151612282 -2.572879250079943 -0.35107187237845394 0.0 0.0 0.0 0.7972676745962939 0.6036259231045483
1629013193.151612282 -2.5925683222159375 -0.2836401076878962 0.0 0.0 0.0 0.7856417903707693 0.6186816444852815
1629013193.251803398 -2.5721651121062306 -0.35073865680052446 0.0 0.0 0.0 0.7972676537646533 0.6036259506189284
1629013193.251803398 -2.59264515438228 -0.283135891871668 0.0 0.0 0.0 0.7856418081813799 0.6186816218682207
1629013193.251803398 -2.6098479843959637 -0.22265134211899498 0.0 0.0 0.0 0.7731963188602721 0.6341667387217059
1629013193.354059696 -2.609532726251391 -0.22085656220301628 0.0 0.0 0.0 0.7731963438804264 0.6341667082163344
1629013193.354059696 -2.6098361043492013 -0.22023848480857058 0.0 0.0 0.0 0.7731963540193988 0.6341666958545746
1629013193.354059696 -2.611477676437955 -0.22089870912332654 0.0 0.0 0.0 0.7731963682573655 0.634166678495189
1629013193.354059696 -2.6245173745636547 -0.1576008263963575 0.0 0.0 0.0 0.761068395843803 0.6486716402369849
1629013193.452210426 -2.6241263830494908 -0.1569369779949111 0.0 0.0 0.0 0.7610683944465512 0.6486716418763416
1629013193.452210426 -2.6346172082034447 -0.10164409501722377 0.0 0.0 0.0 0.7480963416932527 0.663590132193941
1629013193.552470684 -2.624191314943221 -0.15660894878842074 0.0 0.0 0.0 0.7610684196410507 0.648671612316335
1629013193.552470684 -2.6247868510359704 -0.15762513668981307 0.0 0.0 0.0 0.7610684139075582 0.6486716190432826
1629013193.552470684 -2.624937003179436 -0.1569311018350384 0.0 0.0 0.0 0.7610684304879669 0.6486715995899486
1629013193.552470684 -2.625152793081688 -0.1577055101720027 0.0 0.0 0.0 0.7610684418953287 0.6486715862060066
1629013193.552470684 -2.6252936791580237 -0.1569214414562332 0.0 0.0 0.0 0.761068407494215 0.6486716265678802
1629013193.552470684 -2.6439692570387883 -0.03718190582035455 0.0 0.0 0.0 0.7350894849154265 0.6779700945961946
1629013194.253760338 -2.6241471308974984 -0.15817841845334912 0.0 0.0 0.0 0.7610684587298553 0.6486715664545214
1629013194.253760338 -2.624430477325986 -0.15930816179834953 0.0 0.0 0.0 0.7610684436650144 0.6486715841296834
1629013194.253760338 -2.6247738440693698 -0.15770761052085855 0.0 0.0 0.0 0.7610684330590991 0.6486715965733103
1629013194.253760338 -2.6250544863549683 -0.15790462780032494 0.0 0.0 0.0 0.7610684750166657 0.6486715473456554
1629013194.253760338 -2.6735883287383704 0.06502448294332466 0.0 0.0 0.0 0.6827109263599505 0.7306885732162084
1629013194.554497957 -2.6240225611763783 -0.16030024141676244 0.0 0.0 0.0 0.7610684543464605 0.6486715715974375
1629013194.554497957 -2.6241038842284015 -0.15883910796939713 0.0 0.0 0.0 0.761068439040211 0.6486715895558373
1629013194.554497957 -2.689952273891421 0.24987262609869496 0.0 0.0 0.0 0.6365167051489137 0.7712629150078272
1629013194.854950905 -2.6580610019853452 0.44148091175671883 0.0 0.0 0.0 0.5870606096311783 0.8095429825645265
1629013195.957142353 -2.5101424675147634 0.7014421064625473 0.0 0.0 0.0 0.500527517508287 0.8657206271176583
1629013196.458153248 -2.3638599333000396 0.9753135748019212 0.0 0.0 0.0 0.4035588429559768 0.9149536929659519
1629013196.458153248 -2.623907238605804 -0.16126185241451127 0.0 0.0 0.0 0.761068475440716 0.648671546848129
1629013196.458153248 -2.6239390900247526 -0.1602504711752498 0.0 0.0 0.0 0.7610684928827806 0.648671526383834
1629013196.458153248 -2.6239624516326376 -0.1606624639350778 0.0 0.0 0.0 0.7610684357506553 0.648671593415382
1629013196.458153248 -2.624335016056162 -0.16164190472252732 0.0 0.0 0.0 0.7610684727147151 0.6486715500464706
1629013197.259631634 -2.1669427566214896 1.2431042831027674 0.0 0.0 0.0 0.2513083879236621 0.9679070689685091
1629013197.359828949 -1.9072442408311134 1.446292721225012 0.0 0.0 0.0 0.14316278975357205 0.9896991541018788
1629013197.760605812 -1.6393657502306456 1.5402460138454117 0.0 0.0 0.0 0.058198130565993586 0.998305052375587
1629013198.161396980 -1.3697564572932779 1.5671203353369372 0.0 0.0 0.0 -0.029006366225952842 0.9995792268341545
1629013206.477707386 -2.6231161951191564 -0.16003540895679266 0.0 0.0 0.0 0.7610684521064539 0.6486715742255755
1629013206.477707386 -2.623826477201413 -0.1596499446052931 0.0 0.0 0.0 0.7610684697768333 0.6486715534934064
1629013207.078907251 -2.6230851726152253 -0.16005745250641804 0.0 0.0 0.0 0.7610684309550457 0.6486715990419379
1629013207.379912376 -2.623339664419046 -0.16107957170125717 0.0 0.0 0.0 0.7610684407366199 0.6486715875654876
1629013207.379912376 -2.623439347531975 -0.16007090954600592 0.0 0.0 0.0 0.7610684168115517 0.6486716156361076
1629013207.379912376 -2.6237468903020527 -0.1605284417630747 0.0 0.0 0.0 0.7610684054290925 0.6486716289908312
1629013207.580000401 -2.6228956525999947 -0.15994426965592448 0.0 0.0 0.0 0.7610684375374396 0.6486715913189974
1629013207.580000401 -2.6233576986598837 -0.15952772405816956 0.0 0.0 0.0 0.7610684222251599 0.6486716092844712
1629013207.580000401 -2.623582345502435 -0.15978927201649748 0.0 0.0 0.0 0.7610684208993772 0.6486716108399754
1629013208.080886364 -1.37051175098773 1.5692974154893593 0.0 0.0 0.0 -0.029006361051052938 0.9995792269843227
1629013208.080886364 -1.3709949763388745 1.567731444734798 0.0 0.0 0.0 -0.02900637117219818 0.9995792266906214
1629013208.080886364 3.011028488188647 0.5151041718653383 0.0 0.0 0.0 0.009145057401118949 0.999958183088238
1629013208.481552601 -1.370620101876652 1.5681676010056287 0.0 0.0 0.0 -0.02900636989779366 0.9995792267276028
1629013208.481552601 -1.3709295666890244 1.5679836869313382 0.0 0.0 0.0 -0.029006355507540955 0.9995792271451874
1629013208.481552601 -1.3711285598895355 1.567475753551312 0.0 0.0 0.0 -0.029006385026759014 0.9995792262885816
1629013208.481552601 -1.3715749772050676 1.567301479302508 0.0 0.0 0.0 -0.029006339457290913 0.9995792276109425
1629013208.481552601 -1.3725403774094314 1.5679563073542255 0.0 0.0 0.0 -0.029006421211051306 0.9995792252385636
1629013208.481552601 3.179346992416276 0.5292131162025764 0.0 0.0 0.0 0.06695387297253085 0.9977560718401959
1629013209.383306265 -1.3725194362803155 1.569159207543689 0.0 0.0 0.0 -0.02900643485430221 0.999579224842655
1629013209.383306265 3.348890179306485 0.5398254218576392 0.0 0.0 0.0 0.17757501036350862 0.9841072683881569
1629013209.483502388 -1.3708836348006537 1.568695841542941 0.0 0.0 0.0 -0.029006432220267712 0.9995792249190911
1629013209.483502388 -1.371277877990895 1.5689980910236618 0.0 0.0 0.0 -0.02900646860810637 0.9995792238631648
1629013209.483502388 -1.3717401424992368 1.5685869877427212 0.0 0.0 0.0 -0.0290064853878891 0.9995792233762375
1629013209.483502388 3.4652902083329753 0.4973123621865762 0.0 0.0 0.0 0.2509353987637069 0.9680038355540227
1629013209.784077168 -1.3715021787868267 1.5680571972264672 0.0 0.0 0.0 -0.02900645083784647 0.9995792243788341
1629013209.784077168 3.530736197608059 0.5318946110125214 0.0 0.0 0.0 0.2955548878571203 0.9553257602848177
1629013209.986763000 -1.3719468840327815 1.568105953870654 0.0 0.0 0.0 -0.02900646064827922 0.9995792240941485
1629013209.986763000 3.5856454110631795 0.5827778793317101 0.0 0.0 0.0 0.32455063394976613 0.9458683238182812
1629013210.385328293 3.6792007152382538 0.6793628489491267 0.0 0.0 0.0 0.38062574732108195 0.9247291714206208
1629013210.786072731 3.7663710537226844 0.8016563242736182 0.0 0.0 0.0 0.44163579166010497 0.89719442013688
1629013211.487395525 3.9356262967072784 1.0822367043019188 0.0 0.0 0.0 0.5439229113723395 0.8391351896352804
1629013211.687815666 4.048927759532803 1.3066062177963378 0.0 0.0 0.0 0.600289070607864 0.7997831154186408
1629013212.089605808 4.089473680428538 1.5098849429226415 0.0 0.0 0.0 0.6548003182637222 0.755801920612622
1629013217.799716949 -1.3712871036333014 1.5680748239550821 0.0 0.0 0.0 -0.029006486097807472 0.9995792233556366
1629013217.799716949 -1.37227170990585 1.568269467854214 0.0 0.0 0.0 -0.0290064610951698 0.9995792240811803
1629013217.799716949 -1.372491209705828 1.5682643941633005 0.0 0.0 0.0 -0.029006527577741602 0.9995792221519422
1629013217.799716949 -1.3725699853420115 1.5684144940811982 0.0 0.0 0.0 -0.029006476808061996 0.9995792236252129
1629013218.100379467 -1.3715152642879822 1.567591049031432 0.0 0.0 0.0 -0.029006461471915296 0.9995792240702476
1629013218.200509548 -1.371974820112341 1.5666782273640945 0.0 0.0 0.0 -0.02900646244615705 0.9995792240419764
1629013218.200509548 -1.3727654947176648 1.5664169393980008 0.0 0.0 0.0 -0.029006499406608384 0.9995792229694325
1629013218.200509548 5.279854646248989 3.058006492273316 0.0 0.0 0.0 -0.1183308083741266 0.992974229166863
1629013218.200509548 5.280154373296242 3.0596385747235755 0.0 0.0 0.0 -0.11833085552099779 0.9929742235484609
1629013218.200509548 5.280225442154056 3.059148048839935 0.0 0.0 0.0 -0.11833083372231439 0.9929742261461684
1629013218.200509548 5.280820859476004 3.0591664283815097 0.0 0.0 0.0 -0.1183308494287305 0.9929742242744648
1629013218.200509548 5.2809716248843515 3.061494478517925 0.0 0.0 0.0 -0.11833084157397956 0.9929742252105005
1629013219.406359673 5.281037354016794 3.061497206779335 0.0 0.0 0.0 -0.11833089817999663 0.9929742184648679
1629013219.406359673 5.281637858254837 3.061836247870868 0.0 0.0 0.0 -0.11833084461975966 0.9929742248475407
1629013219.406359673 5.491484276406857 3.0252766232966897 0.0 0.0 0.0 -0.16003435955898937 0.9871114444481657
1629013219.503051281 5.491014802349157 3.0258256018161624 0.0 0.0 0.0 -0.1600344534839214 0.9871114292206846
1629013219.503051281 5.491348214692226 3.0262678893338255 0.0 0.0 0.0 -0.16003440775776823 0.9871114366339904
1629013219.503051281 5.555022099407603 3.0077987877319394 0.0 0.0 0.0 -0.18005397624747055 0.983656731607869
1629013219.503051281 5.5557929771558365 3.0070070686772614 0.0 0.0 0.0 -0.1800539361505 0.9836567389474398
1629013219.804655790 5.555229424898949 3.0060158242047192 0.0 0.0 0.0 -0.18005397666087858 0.9836567315321966
1629013219.804655790 5.736996626022079 2.93829641088299 0.0 0.0 0.0 -0.23813265224534533 0.9712326394508153
1629013219.804655790 5.737227474328703 2.9386849078553823 0.0 0.0 0.0 -0.23813268281650257 0.9712326319551948
1629013219.804655790 5.737316557641995 2.9391860123788196 0.0 0.0 0.0 -0.23813268961422274 0.9712326302884887
1629013220.204417229 5.7375430405995935 2.9385106604197926 0.0 0.0 0.0 -0.23813267302191374 0.9712326343566913
1629013220.204417229 5.960846579275129 2.8285510113665637 0.0 0.0 0.0 -0.3011866433796276 0.9535652079693937
1629013220.204417229 5.961333051281427 2.8280617540850077 0.0 0.0 0.0 -0.3011867027482644 0.9535651892176165
1629013220.204417229 5.961410320942605 2.828273618043105 0.0 0.0 0.0 -0.30118669291875866 0.9535651923222981
1629013220.204417229 5.961411003221315 2.8284019281009116 0.0 0.0 0.0 -0.3011866917004474 0.9535651927071057
1629013220.204417229 5.961701136089498 2.8272846940920164 0.0 0.0 0.0 -0.3011867410547673 0.9535651771183806
1629013220.806005239 5.959507604475971 2.828054990081711 0.0 0.0 0.0 -0.3011866572431969 0.9535652035905405
1629013220.806005239 5.961125965200466 2.8286299429494988 0.0 0.0 0.0 -0.30118668389514824 0.953565195172435
1629013220.806005239 6.250952305164774 2.7388743533844853 0.0 0.0 0.0 -0.28734583657330515 0.9578268999166746
1629013220.806005239 6.251975438987211 2.739075233941136 0.0 0.0 0.0 -0.2873458561165667 0.9578268940537414
1629013220.806005239 6.252221421004803 2.738458155960824 0.0 0.0 0.0 -0.28734584820045894 0.9578268964285556
1629013221.106210232 6.253699688377043 2.7376571083070687 0.0 0.0 0.0 -0.2873459121416354 0.9578268772463485
1629013221.106210232 6.306374325513121 2.7113138010928064 0.0 0.0 0.0 -0.2769419414627844 0.9608866535959503
1629013221.106210232 6.308027806586744 2.710998066642138 0.0 0.0 0.0 -0.27694192639545906 0.9608866579385792
1629013221.106210232 6.308566784001796 2.712042095956608 0.0 0.0 0.0 -0.276941899786417 0.9608866656077033
1629013221.406772852 6.270676738834151 2.732782692852678 0.0 0.0 0.0 -0.29030729064880284 0.9569334757422543
1629013221.406772852 6.308351516501177 2.7120325625832415 0.0 0.0 0.0 -0.2769418997510466 0.9608866656178976
1629013221.406772852 6.308859584367419 2.7134017609127925 0.0 0.0 0.0 -0.27694187351791266 0.9608866731786785
1629013221.406772852 6.309461328438925 2.712012654870397 0.0 0.0 0.0 -0.2769419038644764 0.9608866644323456
1629013221.607167244 6.195800040752895 2.7671285631404534 0.0 0.0 0.0 -0.3125351999572524 0.9499061789396257
1629013221.607167244 6.270770955945119 2.732472511906886 0.0 0.0 0.0 -0.290307346335875 0.9569334588483268
1629013221.707352638 6.154866564086558 2.793492174968555 0.0 0.0 0.0 -0.32560586426687416 0.9455055902293873
1629013221.707352638 6.196151645228355 2.7660617017585643 0.0 0.0 0.0 -0.3125351788334459 0.9499061858897151
1629013221.807577133 6.101234954108754 2.823284848947101 0.0 0.0 0.0 -0.3416897883832481 0.9398127943982307
1629013221.807577133 6.154552472299457 2.7928138636363493 0.0 0.0 0.0 -0.32560589202846846 0.9455055806690648
1629013221.907737732 6.0477805548649055 2.844841903880624 0.0 0.0 0.0 -0.35809853366353983 0.9336838009669133
1629013221.907737732 6.047859482534416 2.8445688392753103 0.0 0.0 0.0 -0.358098540908884 0.9336837981880848
1629013221.907737732 6.047915462575634 2.843201505756139 0.0 0.0 0.0 -0.3580984988707057 0.933683814311112
1629013221.907737732 6.048471923915176 2.842880396229095 0.0 0.0 0.0 -0.35809848696223384 0.9336838188784032
1629013221.907737732 6.049086031548411 2.8430479131297117 0.0 0.0 0.0 -0.35809851408459903 0.9336838084760827
1629013221.907737732 6.101599598944196 2.8234490028944634 0.0 0.0 0.0 -0.34168983495279776 0.9398127774668367
1629013223.711259842 5.880199116798852 2.8719709885050118 0.0 0.0 0.0 -0.39908094457039733 0.9169156993316231
1629013223.711259842 6.049098385763645 2.842895127824864 0.0 0.0 0.0 -0.3580985320136116 0.9336838015997152
1629013223.911646843 5.765560163768474 2.939187228751304 0.0 0.0 0.0 -0.4367023684271243 0.8996060478954886
1629013223.911646843 6.047565447956533 2.8432303024552037 0.0 0.0 0.0 -0.3580985059233711 0.9336838116061825
1629013224.012077093 5.728515799812241 2.9966768618213315 0.0 0.0 0.0 -0.4563529692197896 0.8897988354028576
1629013224.012077093 5.76577359993098 2.9391698931973473 0.0 0.0 0.0 -0.43670239840732444 0.8996060333419793
1629013224.012077093 5.880978491378618 2.871154258103923 0.0 0.0 0.0 -0.3990809626333312 0.9169156914698612
1629013224.212237358 5.662435614584971 3.0604433167023135 0.0 0.0 0.0 -0.4917151191031275 0.8707561321319518
1629013224.212237358 5.764310863386381 2.9370499586807783 0.0 0.0 0.0 -0.4367023943245313 0.8996060353239198
1629013224.212237358 5.76461351409151 2.9369514016882006 0.0 0.0 0.0 -0.4367023797907405 0.8996060423791649
1629013224.212237358 5.764766570461576 2.938102503183133 0.0 0.0 0.0 -0.4367023548957769 0.8996060544641098
1629013224.212237358 5.765757420572252 2.937207208793586 0.0 0.0 0.0 -0.43670240690294176 0.899606029217889
1629013224.212237358 5.766013281123478 2.9377236413952166 0.0 0.0 0.0 -0.4367023720878221 0.8996060461184492
1629013224.813429356 5.473377342695647 3.245125990217103 0.0 0.0 0.0 -0.4957601174130576 0.8684595016364272
1629013224.813429356 5.7651669911664545 2.937406246240636 0.0 0.0 0.0 -0.4367024265784136 0.899606019666679
1629013224.813429356 5.765684571629131 2.9377306052376744 0.0 0.0 0.0 -0.43670241286888345 0.8996060263217979
1629013224.813429356 5.765848559462506 2.9374983172940885 0.0 0.0 0.0 -0.43670243589491436 0.8996060151441009
1629013225.014685154 5.3876793534729925 3.376757527668129 0.0 0.0 0.0 -0.4750462553449471 0.8799608259932616
1629013225.014685154 5.765477475237044 2.938260272557035 0.0 0.0 0.0 -0.43670241898303136 0.8996060233537617
1629013225.114006281 5.3429844180753525 3.4414739908659318 0.0 0.0 0.0 -0.46304575996066133 0.8863343749299435
1629013225.114006281 5.765602082382261 2.9388593270876417 0.0 0.0 0.0 -0.43670239228963725 0.8996060363117334
1629013225.314388275 5.26108289273365 3.541444944671856 0.0 0.0 0.0 -0.43592988758645307 0.8999806292964657
1629013225.314388275 5.76489739488768 2.9397025188087444 0.0 0.0 0.0 -0.43670237257306 0.8996060458828966
1629013225.514781952 5.16018291161365 3.657250087714557 0.0 0.0 0.0 -0.40699283213555304 0.9134313518761449
1629013225.614995480 5.1125499623716815 3.710477081318508 0.0 0.0 0.0 -0.3916080163454774 0.920132143517419
1629013225.715173721 5.067122978283827 3.7474293265173886 0.0 0.0 0.0 -0.3741409522970187 0.9273718498069046
1629013225.816148996 5.016951652699873 3.781981386599127 0.0 0.0 0.0 -0.3581144270967131 0.9336777051559028
1629013225.915573120 4.9630601507115895 3.799144717551214 0.0 0.0 0.0 -0.34014844863179683 0.9403717524965229
1629013237.738643646 5.765330907732384 2.9399141717086463 0.0 0.0 0.0 -0.4367024121481057 0.8996060266716903
1629013238.239623070 5.764251813472787 2.9397559048649966 0.0 0.0 0.0 -0.43670239548125667 0.8996060347624021
1629013238.441780090 5.764910815593206 2.939697704956022 0.0 0.0 0.0 -0.4367024313243277 0.8996060173628347
1629013238.640418053 3.740947589298349 0.8871172935929896 0.0 0.0 0.0 0.6606145990430434 0.7507252170609423
1629013238.640418053 3.741157054781005 0.8870457413431858 0.0 0.0 0.0 0.6606145976823892 0.7507252182582752
1629013238.640418053 4.963104069349607 3.797846924668532 0.0 0.0 0.0 -0.340148440492148 0.9403717554407723
1629013238.640418053 4.963117234607635 3.7990222292315146 0.0 0.0 0.0 -0.34014846474577176 0.9403717466678242
1629013238.640418053 5.764499480834753 2.9396132453027675 0.0 0.0 0.0 -0.4367025042372629 0.8996059819681633
1629013238.941011429 3.7188107007111997 0.6898304083462453 0.0 0.0 0.0 0.7107508687646086 0.703443816200238
1629013239.041179180 3.7213889906425295 0.6124336860565603 0.0 0.0 0.0 0.7267939286297644 0.6868555782017883
1629013239.041179180 3.7409886406752166 0.8860747881516611 0.0 0.0 0.0 0.6606145990701153 0.7507252170371199
1629013239.141399860 3.7265943974930513 0.5463385599155733 0.0 0.0 0.0 0.7427226666810405 0.6695991639766317
1629013239.141399860 3.7398419328291674 0.8866455809094059 0.0 0.0 0.0 0.6606145871056215 0.7507252275654983
1629013239.141399860 3.7401352532681433 0.8867844698138201 0.0 0.0 0.0 0.660614573094761 0.7507252398946146
1629013239.141399860 3.740403528088203 0.8854680797087778 0.0 0.0 0.0 0.660614605868165 0.7507252110550497
1629013239.141399860 3.740507566822038 0.8862388549037518 0.0 0.0 0.0 0.6606146052982782 0.7507252115565323
1629013239.542208195 3.739296323803119 0.8872683673688733 0.0 0.0 0.0 0.6606146182908548 0.7507252001234728
1629013239.542208195 3.7394160994983365 0.8866411819570383 0.0 0.0 0.0 0.6606145879845537 0.7507252267920655
1629013239.542208195 3.7397017840174946 0.8870531340166015 0.0 0.0 0.0 0.6606146196877654 0.7507251988942353
1629013239.542208195 3.7398265804025197 0.8882314762442687 0.0 0.0 0.0 0.6606146168630344 0.75072520137991
1629013239.542208195 3.7440780862584866 0.40206543180231485 0.0 0.0 0.0 0.7992802422885085 0.6009584796699545
1629013239.942944527 3.7396227219409957 0.8892119436662796 0.0 0.0 0.0 0.6606146157598509 0.7507252023506767
1629013239.942944527 3.82341815547708 0.18376104076548808 0.0 0.0 0.0 0.8553410458306729 0.518065338849542
1629013240.043147087 3.7396542019334973 0.8894357376451854 0.0 0.0 0.0 0.6606146436989323 0.7507251777651611
1629013240.043147087 3.864935681345726 0.005847353951843851 0.0 0.0 0.0 0.8702443277771847 0.4926203507485616
1629013240.143421173 3.7380767683093366 0.8896894352401242 0.0 0.0 0.0 0.660614634684307 0.7507251856977489
1629013240.143421173 3.9055555552628025 -0.053248099701339 0.0 0.0 0.0 0.8812807480545897 0.4725931052272587
1629013240.443916321 4.024072208985561 -0.1858021109300584 0.0 0.0 0.0 0.9046909896588968 0.4260683199089154
1629013240.544137478 4.072204936425684 -0.25224887267703516 0.0 0.0 0.0 0.9081136089765556 0.4187238626966172
1629013240.644346952 4.121443037661372 -0.29070381055100053 0.0 0.0 0.0 0.9101012902458179 0.4143858606334168
1629013241.045111418 4.30695880978493 -0.41276032640757243 0.0 0.0 0.0 0.904902842495784 0.42561819233093207
1629013246.555862904 3.738258318040767 0.8895240867803327 0.0 0.0 0.0 0.6606146420767085 0.7507251791926672
1629013278.418324947 3.7377437606815995 0.8898843704998031 0.0 0.0 0.0 0.6606146515338049 0.7507251708707184
1629013278.518271446 3.73864403068061 0.8907156799592308 0.0 0.0 0.0 0.6606145844807811 0.7507252298752752
1629013278.518271446 4.543411490885787 0.43247852248055935 0.0 0.0 0.0 0.4385141357868239 0.8987242918243252
1629013278.518271446 4.544326049382125 0.432628279327524 0.0 0.0 0.0 0.4385141815237956 0.898724269507904
1629013278.718654156 4.4610856195472515 0.35409703777051943 0.0 0.0 0.0 0.4706513029400394 0.8823193022034842
1629013278.718654156 4.5452931221830495 0.4324899840511569 0.0 0.0 0.0 0.4385141645329586 0.8987242777982363
1629013278.718654156 4.5468835571543185 0.4323059804156307 0.0 0.0 0.0 0.43851414629482754 0.8987242866971598
1629013278.919036388 4.377813199295202 0.2597336190762221 0.0 0.0 0.0 0.508177449384242 0.8612523903811972
1629013278.919036388 4.461306006019381 0.3548348825096281 0.0 0.0 0.0 0.47065126611271546 0.8823193218481039
1629013278.919036388 4.547879018273092 0.4314409837573978 0.0 0.0 0.0 0.4385141149352654 0.8987243019984165
1629013279.019241810 4.340501342592306 0.18119981174549124 0.0 0.0 0.0 0.5290329349705851 0.8486012925493389
1629013279.019241810 4.341376583658439 0.18134449552574572 0.0 0.0 0.0 0.5290329591513314 0.8486012774746369
1629013279.019241810 4.3419057165194355 0.1825043169099035 0.0 0.0 0.0 0.5290329399527751 0.8486012894433542
1629013279.019241810 4.342206859886464 0.18230557101046363 0.0 0.0 0.0 0.5290329462589712 0.8486012855119608
1629013279.019241810 4.3777026346473065 0.25987338121093156 0.0 0.0 0.0 0.5081774337344119 0.8612523996152971
1629013279.019241810 4.461906251388928 0.3539242156409837 0.0 0.0 0.0 0.4706512521288023 0.8823193293074739
1629013279.822077751 4.250592850571015 0.08981898842792051 0.0 0.0 0.0 0.5802802483039182 0.8144168671069767
1629013279.822077751 4.340949438171087 0.18193031433962267 0.0 0.0 0.0 0.5290328586817681 0.8486013401091212
1629013279.822077751 4.341757183571783 0.1814793153952393 0.0 0.0 0.0 0.5290329278443792 0.8486012969919408
1629013280.021559715 4.2201270539768565 -0.007679270987557648 0.0 0.0 0.0 0.6227303997254945 0.7824364825707745
1629013280.021559715 4.221424779076133 -0.0068730593107912685 0.0 0.0 0.0 0.622730395282293 0.7824364861070572
1629013280.021559715 4.222508229487267 -0.006217598847662879 0.0 0.0 0.0 0.6227304067020869 0.7824364770182008
1629013280.021559715 4.222861048366995 -0.006152820546691093 0.0 0.0 0.0 0.6227303955398085 0.7824364859021042
1629013280.021559715 4.2506839072441025 0.08936728311169004 0.0 0.0 0.0 0.5802802733172957 0.8144168492846919
1629013280.021559715 4.250925741656132 0.08929563813974299 0.0 0.0 0.0 0.5802802659111008 0.8144168545616809
1629013280.822953224 4.173346419657439 -0.12497519243285293 0.0 0.0 0.0 0.6945056510366221 0.719487248447252
1629013280.822953224 4.219558541299656 -0.007462389014510838 0.0 0.0 0.0 0.6227303870196792 0.7824364926831574
1629013281.023141384 4.170481098656675 -0.30747260882159144 0.0 0.0 0.0 0.7345098341619068 0.6785980426728684
1629013281.023141384 4.171669914075617 -0.3066099390992319 0.0 0.0 0.0 0.7345098408702223 0.678598035411834
1629013281.023141384 4.173413044614348 -0.12524300895007107 0.0 0.0 0.0 0.6945056350321436 0.7194872638960325
1629013281.023141384 4.1740365352067785 -0.12568963487966558 0.0 0.0 0.0 0.6945056492891105 0.7194872501340875
1629013281.323719501 4.171934439771911 -0.3064642331304541 0.0 0.0 0.0 0.7345098729181714 0.678598000723353
1629013281.323719501 4.17211509578021 -0.30664217421512113 0.0 0.0 0.0 0.7345098481426657 0.6785980275401913
1629013281.323719501 4.204264174546456 -0.5608586327735543 0.0 0.0 0.0 0.7874229968562694 0.6164130303797054
1629013281.524127960 4.172378038309115 -0.30499627754984143 0.0 0.0 0.0 0.7345098591334869 0.6785980156438016
1629013281.524127960 4.1727643763775575 -0.30668567747469416 0.0 0.0 0.0 0.7345098866637794 0.6785979858451998
1629013281.524127960 4.256533656704599 -0.7235887578438192 0.0 0.0 0.0 0.8046719782801599 0.5937196370095013
1629013281.724548578 4.172264233838697 -0.3082081649691849 0.0 0.0 0.0 0.7345098858995313 0.6785979866724168
1629013281.724548578 4.304012317131686 -0.9176786968558246 0.0 0.0 0.0 0.7990591418740514 0.6012524326666003
1629013281.824714661 4.171662759039453 -0.3071676292764362 0.0 0.0 0.0 0.7345098527133284 0.6785980225929372
1629013281.824714661 4.172182716330336 -0.3069008934069 0.0 0.0 0.0 0.7345098697448369 0.6785980041581486
1629013281.824714661 4.17248725069235 -0.30742307038102207 0.0 0.0 0.0 0.7345098452578634 0.6785980306626814
1629013281.824714661 4.345748452333306 -0.9920255602965935 0.0 0.0 0.0 0.7900071214516127 0.6130976660008884
1629013282.125304222 4.173312779363612 -0.30769270630922846 0.0 0.0 0.0 0.7345098352529793 0.6785980414918992
1629013282.125304222 4.454703561849821 -1.216225924969585 0.0 0.0 0.0 0.7546966779782647 0.6560738710302153
1629013282.225491524 4.171526156477786 -0.30525350877265345 0.0 0.0 0.0 0.7345098255718671 0.678598051970668
1629013282.225491524 4.171954745279993 -0.3059021245216593 0.0 0.0 0.0 0.7345098421249119 0.6785980340537666
1629013282.225491524 4.17257645657052 -0.30631145439648716 0.0 0.0 0.0 0.7345098506662943 0.678598024808633
1629013282.225491524 4.488560148987891 -1.313277329634863 0.0 0.0 0.0 0.7394896833961823 0.6731678900175009
1629013282.526069880 4.533104014965594 -1.5852476774039468 0.0 0.0 0.0 0.6859850507848966 0.7276156334904046
1629013283.027065277 4.171246276261168 -0.30500195074872605 0.0 0.0 0.0 0.7345098421222527 0.678598034056645
1629013283.027065277 4.5132370330216505 -1.9934714059219345 0.0 0.0 0.0 0.5781251152841473 0.8159481301392211
1629013283.127244234 4.170957754694124 -0.30477597236852605 0.0 0.0 0.0 0.7345098257813293 0.6785980517439475
1629013283.127244234 4.50802607778054 -2.237627320801836 0.0 0.0 0.0 0.5229754223037577 0.8523477621641335
1629013283.227453947 4.170547227675329 -0.304917589268728 0.0 0.0 0.0 0.7345098526204479 0.6785980226934705
1629013283.227453947 4.170953399276328 -0.3048533617438314 0.0 0.0 0.0 0.7345098353365729 0.678598041401418
1629013283.227453947 4.170982781033007 -0.3061229955369789 0.0 0.0 0.0 0.7345098464354536 0.678598029388066
1629013283.227453947 4.171445412706372 -0.3061011970006516 0.0 0.0 0.0 0.7345098210178147 0.6785980568999427
1629013283.227453947 4.172436680985625 -0.30394863975290515 0.0 0.0 0.0 0.7345098217772629 0.6785980560779212
1629013283.227453947 4.4822863905552275 -2.3188775843092517 0.0 0.0 0.0 0.49830815512859755 0.8669999899263745
1629013283.728429317 4.173222610119507 -0.30349450272868966 0.0 0.0 0.0 0.7345098351325942 0.6785980416222032
1629013283.728429317 4.459016179201107 -2.4090926440238043 0.0 0.0 0.0 0.42481970024110044 0.9052779806706124
1629013283.728429317 4.482812133445291 -2.3197235252689348 0.0 0.0 0.0 0.498308164082836 0.8669999847799269
1629013283.928811550 4.380361694290233 -2.5066264250215577 0.0 0.0 0.0 0.3798582934757586 0.9250446891246306
1629013283.928811550 4.459732633586545 -2.41008892805267 0.0 0.0 0.0 0.4248196963984439 0.9052779824738554
1629013284.029018402 4.337625929850333 -2.539578106543709 0.0 0.0 0.0 0.3579902664843646 0.9337253178009332
1629013284.029018402 4.459854208834313 -2.4097850090401445 0.0 0.0 0.0 0.4248197259506266 0.9052779686059054
1629013284.129204512 4.29887457289877 -2.5597455766516375 0.0 0.0 0.0 0.3352422470659945 0.9421319630402859
1629013284.129204512 4.299366347982368 -2.560347988502635 0.0 0.0 0.0 0.33524225455693046 0.9421319603747589
1629013284.129204512 4.300105080483732 -2.5611735424921718 0.0 0.0 0.0 0.33524225294251986 0.9421319609492205
1629013284.129204512 4.300212028592546 -2.560541553981982 0.0 0.0 0.0 0.3352422796241526 0.9421319514549974
1629013284.129204512 4.337749780996921 -2.540061416523277 0.0 0.0 0.0 0.35799029722346953 0.9337253060155605
1629013284.129204512 4.380626592259406 -2.5064702860826196 0.0 0.0 0.0 0.37985828259025384 0.9250446935946299
1629013285.031048775 4.195690540464552 -2.53618421929674 0.0 0.0 0.0 0.35577681618863544 0.9345709481161277
1629013285.031048775 4.298502073908175 -2.559628490424274 0.0 0.0 0.0 0.33524230272768507 0.9421319432339821
1629013285.131157875 4.161634074813041 -2.5447305960637028 0.0 0.0 0.0 0.3775058053195868 0.9260072175474715
1629013285.131157875 4.299038107392692 -2.5585695486408198 0.0 0.0 0.0 0.3352423032820533 0.9421319430367191
1629013285.131157875 4.29915169899846 -2.558312213570446 0.0 0.0 0.0 0.3352423570421612 0.9421319239070588
1629013285.331543922 4.12112675458359 -2.549163343471494 0.0 0.0 0.0 0.4194218806564489 0.9077914331092839
1629013285.331543922 4.16280969372699 -2.5445108692728873 0.0 0.0 0.0 0.3775057825905498 0.9260072268134286
1629013285.331543922 4.163654818879519 -2.5441160911755354 0.0 0.0 0.0 0.37750580994869 0.9260072156603228
1629013285.331543922 4.195811632473962 -2.537553305759243 0.0 0.0 0.0 0.3557768110334636 0.9345709500786226
1629013285.632148743 4.077266204230454 -2.595461483907595 0.0 0.0 0.0 0.4834077353228002 0.8753953172310677
1629013285.632148743 4.120573688592506 -2.548798856358256 0.0 0.0 0.0 0.4194218715634674 0.9077914373104641
1629013285.732345343 4.0522231912769495 -2.628003629706228 0.0 0.0 0.0 0.5055404730437318 0.8628028918094328
1629013285.732345343 4.119795107407205 -2.549240012918716 0.0 0.0 0.0 0.41942189416405307 0.9077914268684398
1629013285.732345343 4.120023793101246 -2.5488294707632595 0.0 0.0 0.0 0.4194218972685946 0.9077914254340655
1629013285.932733774 4.018743819383068 -2.7064460321773764 0.0 0.0 0.0 0.5481736309909981 0.8363645558523777
1629013285.932733774 4.019162320007336 -2.7067717928525155 0.0 0.0 0.0 0.5481736091315539 0.8363645701795877
1629013285.932733774 4.019786692556576 -2.707778421222586 0.0 0.0 0.0 0.5481736253570517 0.8363645595450029
1629013285.932733774 4.05270794176346 -2.6281107508825716 0.0 0.0 0.0 0.5055404693678599 0.8628028939632295
1629013285.932733774 4.077125762964881 -2.5962142209386254 0.0 0.0 0.0 0.4834077464399103 0.875395311092016
1629013286.233335018 4.0153764681058774 -2.70753952927823 0.0 0.0 0.0 0.5481735547243939 0.8363646058393563
1629013286.233335018 4.015677311695835 -2.7089094236511886 0.0 0.0 0.0 0.5481735388426973 0.8363646162486036
1629013286.233335018 4.016176086077419 -2.708690540912063 0.0 0.0 0.0 0.5481735717007714 0.8363645947126285
1629013286.233335018 4.01667573594565 -2.708158515910936 0.0 0.0 0.0 0.548173562292907 0.8363646008787701
1629013286.233335018 4.018313617697387 -2.707575172284777 0.0 0.0 0.0 0.5481736072489718 0.8363645714134775
1629013287.335497141 4.012169162770217 -2.708647370794079 0.0 0.0 0.0 0.5481736195293189 0.8363645633646404
1629013287.335497141 4.012951759199004 -2.7078982131340963 0.0 0.0 0.0 0.548173618940297 0.8363645637506996
1629013287.335497141 4.013533221603474 -2.7081045549774525 0.0 0.0 0.0 0.5481735838473382 0.8363645867514748
1629013287.335497141 4.01482196465921 -2.7074747334857334 0.0 0.0 0.0 0.5481735499478655 0.8363646089700084
1629013287.335497141 4.014887682753614 -2.7074515972113966 0.0 0.0 0.0 0.5481735541707426 0.8363646062022327
1629013288.238262653 4.013048174834591 -2.7072058016035982 0.0 0.0 0.0 0.5481736166549499 0.8363645652485715
1629013300.461078167 4.013190244351588 -2.7083527574421535 0.0 0.0 0.0 0.5481736532632417 0.8363645412546081
1629013300.962058544 4.011069955581001 -2.707751579345079 0.0 0.0 0.0 0.5481736445935151 0.8363645469369577
1629013300.962058544 4.0131050030522335 -2.708436573213686 0.0 0.0 0.0 0.5481736246948091 0.8363645599790528
1629013300.962058544 4.013177482663655 -2.708918694150502 0.0 0.0 0.0 0.5481736356655533 0.8363645527885607
1629013300.962058544 4.013346309228631 -2.7090895816097653 0.0 0.0 0.0 0.5481736469609805 0.8363645453852634
1629013302.164443970 4.009866530078835 -2.707213483335387 0.0 0.0 0.0 0.5481736264019876 0.8363645588601266
1629013302.164443970 4.010858355059944 -2.7088716514731397 0.0 0.0 0.0 0.5481736053968895 0.8363645726273772
1629013302.164443970 4.010859804330984 -2.7074603755899784 0.0 0.0 0.0 0.5481735990755433 0.8363645767705407
1629013302.164443970 4.010905609150431 -2.7093039482919807 0.0 0.0 0.0 0.54817364540306 0.8363645464063624
1629013302.164443970 4.011316216548988 -2.7084711952031175 0.0 0.0 0.0 0.5481735723229216 0.8363645943048561
