1629013127.723922968 -0.0003283653990533026 0.0004082481401150396 0.0 0.0 0.0 -1.1833283516369557e-08 0.9999999999999999
1629013128.224887848 -0.0009229753986936219 0.00039559924539692463 0.0 0.0 0.0 -4.1969190867304985e-08 0.9999999999999991
1629013128.425327301 -0.0017254034735272837 0.0010712753761093414 0.0 0.0 0.0 -4.25209582307782e-08 0.9999999999999991
1629013128.525490284 -0.0025909043050214827 0.000855618389906035 0.0 0.0 0.0 -2.576240256015738e-08 0.9999999999999997
1629013128.625700474 -0.0019739936452847565 0.0011524301642266736 0.0 0.0 0.0 -3.041079656365199e-08 0.9999999999999996
1629013128.425327301 -0.0006439524707812839 0.002321520232178499 0.0 0.0 0.0 -0.00039557426560462146 0.9999999217604971
1629013128.525490284 0.00022995134936045923 0.0027178885851831453 0.0 0.0 0.0 0.0001223078197300282 0.9999999925203986
1629013128.625700474 0.0002787232274857142 0.001621564615869831 0.0 0.0 0.0 0.0008127870865758418 0.9999996696885214
1629013128.926275730 0.0031464822608123595 0.003789807992410717 0.0 0.0 0.0 0.0008128295725363053 0.9999996696539885
1629013129.327075481 0.005689628630840717 -0.0020236464503520317 0.0 0.0 0.0 0.0008129478625026958 0.9999996695578318
1629013129.727863789 0.006062566557078025 -0.0018962522952820449 0.0 0.0 0.0 0.0008129075614638769 0.9999996695905937
1629013129.928267002 0.005351334470962969 -0.0027081928786068603 0.0 0.0 0.0 0.0008129275063398535 0.9999996695743801
1629013130.128615141 0.0025606130166794063 0.007284858947683908 0.0 0.0 0.0 0.0008127837842550082 0.9999996696912055
1629013130.729794502 -0.005117204743260113 -0.004361898825574595 0.0 0.0 0.0 0.0008127064941711681 0.9999996697540227
1629013130.830001831 -0.005581932392442497 -0.0037676531069454006 0.0 0.0 0.0 0.0008127227261020948 0.9999996697408307
1629013131.230769873 -0.0015315843168832756 0.008402510520555339 0.0 0.0 0.0 0.0008130608208770822 0.9999996694659962
1629013131.631546736 -0.0008707764073701843 0.008448914077303703 0.0 0.0 0.0 0.000813044112710773 0.9999996694795807
1629013131.731744289 -0.007644237643678459 0.005031116613925663 0.0 0.0 0.0 0.0008130068260566594 0.9999996695098958
1629013131.831948757 0.0021619066909218027 -0.009051007965351451 0.0 0.0 0.0 0.0008127614583402588 0.9999996697093514
1629013131.831948757 0.009353127404444174 0.003250175045528716 0.0 0.0 0.0 0.0008129805515058349 0.9999996695312569
1629013132.533311367 -0.0030748251451969393 0.009957748533697595 0.0 0.0 0.0 0.0008125615792912399 0.9999996698717855
1629013132.934135914 0.006771236279048911 0.0008245396258940361 0.0 0.0 0.0 0.0008130320002061236 0.9999996694894288
1629013133.134488583 -0.0062112068730923045 -0.0072206771006905575 0.0 0.0 0.0 0.0008127622305073177 0.9999996697087238
1629013133.635461807 -0.006183148413332149 0.0038471410588225147 0.0 0.0 0.0 0.0008126697707335819 0.9999996697838673
1629013135.038238049 -0.006570269912891565 0.0035177815615067905 0.0 0.0 0.0 0.000812633116832303 0.9999996698136542
1629013135.243909359 -0.007103007252286936 0.0039644879592594705 0.0 0.0 0.0 0.0008126272075027949 0.9999996698184563
1629013135.639563084 -0.006899018741165787 0.004135407674696125 0.0 0.0 0.0 0.0008126461201970891 0.9999996698030872
1629013135.739579201 -0.006607988279811249 -0.002049144148037077 0.0 0.0 0.0 0.0008126105845228856 0.9999996698319644
1629013135.739579201 0.17185015193527392 -0.10235269078220603 0.0 0.0 0.0 -0.05823299237202604 0.9983030194281692
1629013136.140389442 0.17173203959249664 -0.10208721155829957 0.0 0.0 0.0 -0.0582330484700306 0.9983030161558599
1629013136.240868092 0.18003737994801683 -0.0900528484215039 0.0 0.0 0.0 -0.05823293009812303 0.9983030230607274
1629013136.340748310 0.1803850051485424 -0.08925108812103243 0.0 0.0 0.0 -0.05823289704487938 0.9983030249887859
1629013136.541119576 0.17690357718135974 -0.11182693911722133 0.0 0.0 0.0 -0.058232891782018195 0.9983030252957785
1629013136.240868092 0.18927405039221937 -0.14896317469677753 0.0 0.0 0.0 -0.07963663829689145 0.996823959303131
1629013136.340748310 0.18998126710468127 -0.15549429777099852 0.0 0.0 0.0 -0.08446640398311767 0.9964263277323421
1629013136.541119576 0.19056182725424337 -0.1549428001691139 0.0 0.0 0.0 -0.08446641400740501 0.9964263268825898
1629013137.242624760 0.18311384561722388 -0.13442182899535784 0.0 0.0 0.0 -0.08446616019535241 0.9964263483980405
1629013137.342700481 0.18233417055860543 -0.13504721425815067 0.0 0.0 0.0 -0.08446612666850407 0.9964263512400805
1629013137.342700481 0.18202699750925536 -0.13936995459102358 0.0 0.0 0.0 -0.08446621008442862 0.9964263441689873
1629013137.552075386 0.18302510226758578 -0.14604564645005955 0.0 0.0 0.0 -0.08446611864619732 0.9964263519201239
1629013138.044185638 0.1815027649029849 -0.14126837027800096 0.0 0.0 0.0 -0.08446623086688503 0.996426342407276
1629013138.545035839 0.19833714562306237 -0.13430348287050453 0.0 0.0 0.0 -0.08446635954428562 0.9964263314993916
1629013138.945878506 0.19822981977497453 -0.13497771382216364 0.0 0.0 0.0 -0.08446633471241213 0.9964263336043717
1629013139.446808338 0.20056712487919096 -0.13271341095207606 0.0 0.0 0.0 -0.08446638027423671 0.996426329742128
1629013139.847644329 0.19086685043402077 -0.14354541187684686 0.0 0.0 0.0 -0.08446615453365196 0.9964263488779777
1629013140.047982454 0.18382726076751768 -0.14122152662962617 0.0 0.0 0.0 -0.08446604831896704 0.9964263578816941
1629013140.248363495 0.18974185601384874 -0.14555602406273063 0.0 0.0 0.0 -0.08446630334407414 0.9964263362634425
1629013140.649135590 0.20252672109170475 -0.13062756252277133 0.0 0.0 0.0 -0.0844663814979308 0.9964263296383963
1629013141.250308990 0.18053341840882656 -0.14135183893063075 0.0 0.0 0.0 -0.08446600751122213 0.9964263613409242
1629013141.751293659 0.18005263627945373 -0.14140539976899372 0.0 0.0 0.0 -0.0844659929098163 0.9964263625786699
1629013142.853490353 2.1494476287737587 -1.1778840018018626 0.0 0.0 0.0 -0.1944530033093538 0.9809118357446669
1629013143.053889513 2.149234944070124 -1.1783303072952005 0.0 0.0 0.0 -0.194452919411547 0.9809118523763113
1629013143.154386997 2.1490865748445276 -1.1772349514386629 0.0 0.0 0.0 -0.1944529503710214 0.9809118462390007
1629013143.254235268 2.1488936781035366 -1.1775933317061444 0.0 0.0 0.0 -0.19445298660298 0.9809118390564879
1629013143.354449272 2.149382686911178 -1.1773565933907342 0.0 0.0 0.0 -0.19445294259938317 0.9809118477796265
1629013143.454634190 2.1495914803151943 -1.1774704155716627 0.0 0.0 0.0 -0.1944529337333381 0.9809118495372038
1629013143.454634190 2.1489434483873517 -1.1776172749699945 0.0 0.0 0.0 -0.19445292481783633 0.9809118513045854
1629013144.055785656 2.149575699487319 -1.1781171206405516 0.0 0.0 0.0 -0.1944528730355771 0.9809118615697384
1629013144.256221533 2.1489328791052777 -1.1773058082288954 0.0 0.0 0.0 -0.19445286020438823 0.9809118641133527
1629013144.357876301 2.1498269070956937 -1.1773061566654381 0.0 0.0 0.0 -0.19445290668728354 0.9809118548987297
1629013144.357876301 2.1498031814222807 -1.1776314856861558 0.0 0.0 0.0 -0.19445291628327246 0.9809118529964508
1629013144.656959772 2.149490292817354 -1.1775648586619603 0.0 0.0 0.0 -0.19445297250752033 0.980911841850729
1629013144.757164955 2.148329138568833 -1.1779847858862713 0.0 0.0 0.0 -0.19445299648460274 0.980911837097585
1629013144.957559347 2.149130310157522 -1.1774614048227345 0.0 0.0 0.0 -0.19445299822968656 0.9809118367516448
1629013145.057746887 2.149953936308027 -1.177113685252982 0.0 0.0 0.0 -0.19445305345770716 0.9809118258034073
1629013145.157940865 2.1503129160277763 -1.1774120760898101 0.0 0.0 0.0 -0.19445303674478587 0.9809118291165272
1629013145.258138657 2.14997610673529 -1.1765854795993542 0.0 0.0 0.0 -0.1944530274729512 0.9809118309545479
1629013145.258138657 2.149951388743898 -1.1760414428309927 0.0 0.0 0.0 -0.19445302802766873 0.9809118308445824
1629013145.658915520 2.1503039637702086 -1.1761930185023854 0.0 0.0 0.0 -0.19445300026708018 0.980911836347758
1629013145.859305143 2.150639194593631 -1.1759178545974998 0.0 0.0 0.0 -0.19445300704785656 0.9809118350035574
1629013145.959497690 2.148986965025136 -1.1751100880579783 0.0 0.0 0.0 -0.1944530296862095 0.9809118305157982
1629013146.260293722 2.1487438829146708 -1.1752086402645328 0.0 0.0 0.0 -0.1944530563846968 0.9809118252231696
1629013146.360308409 2.1474632534515634 -1.176567251489266 0.0 0.0 0.0 -0.1944530590879289 0.9809118246872888
1629013146.761072397 2.146694628885082 -1.1768346706363388 0.0 0.0 0.0 -0.194453093811339 0.9809118178038221
1629013146.861275196 2.146147579616753 -1.1769888862034883 0.0 0.0 0.0 -0.19445302634270428 0.9809118311786047
1629013146.961471319 2.144803546287296 -1.1763014324048602 0.0 0.0 0.0 -0.194453064711515 0.9809118235724857
1629013147.363122463 2.145039479240434 -1.1751673363566235 0.0 0.0 0.0 -0.19445308797150876 0.9809118189614929
1629013147.662840843 2.144998794417414 -1.1746738114515112 0.0 0.0 0.0 -0.19445303448326967 0.9809118295648434
1629013147.963420868 2.1454414035333222 -1.1745033275817411 0.0 0.0 0.0 -0.19445304049445017 0.9809118283732049
1629013148.163911819 2.1455737977472165 -1.1760894770987926 0.0 0.0 0.0 -0.1944530243256698 0.9809118315784556
1629013145.959497690 2.564929873492838 -1.320008006611549 0.0 0.0 0.0 0.26149795354238714 0.9652040303962388
1629013146.260293722 2.6306153219302773 -1.2539597159804499 0.0 0.0 0.0 0.2676824526124985 0.963507189679121
1629013146.360308409 2.652765251998231 -1.221625559268239 0.0 0.0 0.0 0.2667562018142952 0.9637640420733754
1629013146.761072397 2.73074028706676 -1.1287487641276 0.0 0.0 0.0 0.2502711603046421 0.9681757827583626
1629013146.861275196 2.741218728658296 -1.1058029800539884 0.0 0.0 0.0 0.24500319957929664 0.9695222700876486
1629013146.961471319 2.743956209793695 -1.0881016871063913 0.0 0.0 0.0 0.23932066410590627 0.9709405850678547
1629013147.363122463 2.7826221906279605 -1.0081915948996838 0.0 0.0 0.0 0.21372778568012638 0.9768932560051123
1629013147.662840843 2.855733463252114 -0.9550083739741713 0.0 0.0 0.0 0.19286687869414026 0.9812249319614641
1629013147.963420868 2.9515902622156753 -0.9141782600978575 0.0 0.0 0.0 0.17401739100122138 0.9847425793724612
1629013148.163911819 3.0162480727227656 -0.8781173940159731 0.0 0.0 0.0 0.16106340825241344 0.9869440604827188
1629013150.368111134 3.0153704162599446 -0.8777869637500335 0.0 0.0 0.0 0.1610633748192566 0.9869440659388108
1629013150.468353271 3.0161226207374354 -0.8765968443621515 0.0 0.0 0.0 0.16106338495407252 0.9869440642848694
1629013150.571737289 3.0150689446142196 -0.8763425501039246 0.0 0.0 0.0 0.16106333492287048 0.9869440724496618
1629013150.668736935 3.015660665225287 -0.8768399102047587 0.0 0.0 0.0 0.16106334416925733 0.986944070940707
1629013150.768898010 3.0157486849738775 -0.8764509028703776 0.0 0.0 0.0 0.16106331469352983 0.9869440757509682
1629013150.869095564 3.015211120434886 -0.8762295521969535 0.0 0.0 0.0 0.16106339622529062 0.9869440624454737
1629013151.470263958 3.015016014242977 -0.8760315618691336 0.0 0.0 0.0 0.16106342132063084 0.9869440583500632
1629013151.570468903 3.0139613153746723 -0.875340244302219 0.0 0.0 0.0 0.16106343650813668 0.9869440558715521
1629013151.770849705 3.0135066040618144 -0.8751551938379442 0.0 0.0 0.0 0.16106342318275982 0.9869440580461748
1629013151.971232891 3.014094237170452 -0.8744389075139488 0.0 0.0 0.0 0.16106339528856525 0.9869440625983417
1629013152.171621323 3.01487786059156 -0.8748472330682969 0.0 0.0 0.0 0.16106340493525217 0.9869440610240597
1629013152.672604084 3.014171515854758 -0.8749111065143569 0.0 0.0 0.0 0.16106339685559878 0.9869440623426111
1629013152.772806168 3.0134458498005308 -0.8734352773940556 0.0 0.0 0.0 0.16106342057978285 0.9869440584709652
1629013152.872993946 3.0131804760865637 -0.8738840925435453 0.0 0.0 0.0 0.16106340393722493 0.9869440611869319
1629013152.872993946 3.0136054741741485 -0.8744259684658677 0.0 0.0 0.0 0.16106346258948764 0.9869440516152295
1629013153.073383331 3.0134339703237845 -0.8744935428698264 0.0 0.0 0.0 0.16106347167289212 0.9869440501328712
1629013153.574472904 3.0138932244444514 -0.87465654183987 0.0 0.0 0.0 0.16106350185065635 0.9869440452080369
1629013153.874973774 3.0139431948003534 -0.873309870215778 0.0 0.0 0.0 0.16106349266712308 0.9869440467067359
1629013153.975163460 3.0136689126352234 -0.873732702693111 0.0 0.0 0.0 0.16106350422782717 0.9869440448200966
1629013153.975163460 3.013672228482138 -0.8742881187167266 0.0 0.0 0.0 0.1610635604982392 0.9869440356370922
1629013154.278061152 3.0123197707396634 -0.8745677577236836 0.0 0.0 0.0 0.16106353014228747 0.9869440405910076
1629013154.375954628 3.0115860644341175 -0.8749974053713573 0.0 0.0 0.0 0.16106354368699008 0.9869440383805907
1629013154.576766491 3.0129926372507327 -0.8754430550624797 0.0 0.0 0.0 0.16106353949850355 0.9869440390641275
1629013154.678047657 3.0118827975527034 -0.8760539440305891 0.0 0.0 0.0 0.16106358825901992 0.9869440311066929
1629013154.878062725 3.0110375240741067 -0.8750326403095678 0.0 0.0 0.0 0.16106359660336492 0.9869440297449438
1629013155.377923250 3.0108808616638725 -0.8760274965338851 0.0 0.0 0.0 0.1610635924826501 0.9869440304174208
1629013155.578306198 3.0114342277938273 -0.8758677018655647 0.0 0.0 0.0 0.1610635973122296 0.9869440296292612
1629013155.778695822 3.011308355196498 -0.8753998307591395 0.0 0.0 0.0 0.16106353258722936 0.9869440401920073
1629013155.878878117 3.0106703592190573 -0.8760206183255352 0.0 0.0 0.0 0.16106355340607129 0.986944036794493
1629013155.979108810 3.0115218435942155 -0.8757444800574599 0.0 0.0 0.0 0.16106354140078766 0.9869440387536857
1629013156.079273701 3.012380650958852 -0.8762674994384263 0.0 0.0 0.0 0.16106353451761019 0.9869440398769803
1629013156.079273701 3.0140572748080543 -0.8756643706271066 0.0 0.0 0.0 0.1610635440984029 0.9869440383134506
1629013156.279649734 3.0141166769986647 -0.8751233939339591 0.0 0.0 0.0 0.1610635022675141 0.9869440451400082
1629013156.379860163 3.013961074091763 -0.8754015729431873 0.0 0.0 0.0 0.1610634894014481 0.9869440472396749
1629013156.480060577 3.0140163728328844 -0.8742656289964429 0.0 0.0 0.0 0.1610635478783467 0.9869440376965857
1629013156.581030369 3.013968167605605 -0.8728713693592856 0.0 0.0 0.0 0.1610635507245049 0.9869440372321091
1629013156.680430412 3.014773593936926 -0.8719807965383093 0.0 0.0 0.0 0.16106349361924083 0.9869440465513558
1629013156.780653477 3.0146623677023823 -0.8725506694046152 0.0 0.0 0.0 0.16106348780349955 0.9869440475004507
1629013156.780653477 3.0145709222441224 -0.8731218466493423 0.0 0.0 0.0 0.16106342876020585 0.9869440571359687
1629013157.181401730 3.013488592461841 -0.8739205364476008 0.0 0.0 0.0 0.16106339751461646 0.9869440622350634
1629013157.686052322 3.0133622433170513 -0.8740024718916011 0.0 0.0 0.0 0.16106339483810148 0.9869440626718546
1629013157.982985973 3.013963895018326 -0.8744326112867108 0.0 0.0 0.0 0.16106344178292373 0.986944055010738
1629013158.684444427 3.014660286401273 -0.8742418213733085 0.0 0.0 0.0 0.1610634135844878 0.9869440596125558
1629013158.784572601 3.015841523073477 -0.874021182809144 0.0 0.0 0.0 0.16106342379298097 0.9869440579465903
1629013158.984942913 3.016354724816511 -0.8748448151563438 0.0 0.0 0.0 0.1610634341974091 0.9869440562486492
1629013159.085130692 3.015809538545229 -0.8736118031713422 0.0 0.0 0.0 0.1610633924192422 0.9869440630665981
1629013159.485904694 3.0154034482229988 -0.874214003893443 0.0 0.0 0.0 0.16106346879688946 0.986944050602218
1629013159.686296701 3.0150988720465417 -0.873930567931784 0.0 0.0 0.0 0.16106346103075128 0.9869440518696061
1629013159.886710405 3.0149516977897215 -0.8737922683832875 0.0 0.0 0.0 0.16106350500634162 0.9869440446930475
1629013160.187287807 3.0143753439631116 -0.8738189330291514 0.0 0.0 0.0 0.1610635148123164 0.9869440430927696
1629013160.287604094 3.0155060308206614 -0.8733831176520507 0.0 0.0 0.0 0.1610634972356185 0.9869440459611841
1629013160.490854502 3.931925970775269 2.285315799860027 0.0 0.0 0.0 0.9119934741191824 0.4102047088515979
1629013160.588062286 3.9315317016830416 2.2852966790581073 0.0 0.0 0.0 0.9119935012724179 0.41020464848277427
1629013160.788452625 3.930681305419276 2.284768698788183 0.0 0.0 0.0 0.9119934890224576 0.410204675717677
1629013161.089177847 3.9308665008630173 2.2846445737418546 0.0 0.0 0.0 0.9119934839677357 0.41020468695566037
1629013161.590049744 3.931835486521623 2.284817713727474 0.0 0.0 0.0 0.911993488091053 0.4102046777884358
1629013161.790414810 3.9309536431263776 2.283359681904315 0.0 0.0 0.0 0.9119935018793046 0.4102046471335043
1629013161.990804672 4.145886053527291 1.64065011777414 0.0 0.0 0.0 0.9690131759751339 0.24700903786417225
1629013162.391571283 4.146670488852252 1.639373639489532 0.0 0.0 0.0 0.9690131674810051 0.2470090711865245
1629013162.792377234 4.291021807214683 1.5206871998310127 0.0 0.0 0.0 0.9591550101556089 0.2828810111926813
1629013162.992767334 4.291236714883808 1.5213998223190492 0.0 0.0 0.0 0.9591550168986883 0.2828809883291506
1629013163.794341564 4.291534396393282 1.5212166544542989 0.0 0.0 0.0 0.9591550297650621 0.2828809447035676
1629013163.994716644 4.2917728474255945 1.5206395727560218 0.0 0.0 0.0 0.9591550344432452 0.28288092884140686
1629013164.297129869 4.291369447129263 1.5196467618612863 0.0 0.0 0.0 0.9591550324495051 0.2828809356015157
1629013164.395480871 4.2914160244927375 1.520448007409861 0.0 0.0 0.0 0.959155028363858 0.28288094945458364
1629013164.395480871 4.291160621416872 1.520608100964202 0.0 0.0 0.0 0.9591550374742823 0.282880918564169
1629013164.796288013 4.291785389889679 1.52046042263253 0.0 0.0 0.0 0.9591550398287177 0.2828809105810622
1629013165.197075605 4.291935588303762 1.5210579621930942 0.0 0.0 0.0 0.9591550314222191 0.2828809390847
1629013165.597881317 4.291552172554918 1.5215874568620218 0.0 0.0 0.0 0.959155031280232 0.2828809395661311
1629013165.898430824 4.291771811752806 1.5210161459939853 0.0 0.0 0.0 0.9591550415487753 0.2828809047489192
1629013165.998615742 4.291523007899224 1.5198395077183866 0.0 0.0 0.0 0.9591550346862132 0.2828809280175832
1629013165.998615742 4.292033192125467 1.518908011513101 0.0 0.0 0.0 0.9591550249911164 0.28288096089042647
1629013166.299229145 4.291820622823232 1.5189718173940046 0.0 0.0 0.0 0.9591550228495329 0.2828809681518216
1629013167.200989485 4.29074903044164 1.5183406724783612 0.0 0.0 0.0 0.9591550117170169 0.28288100589846804
1629013167.902340412 4.290977572464843 1.5191826183496253 0.0 0.0 0.0 0.9591550138288792 0.28288099873784817
1629013168.102773190 4.290598944350798 1.5188508606985263 0.0 0.0 0.0 0.9591550215787242 0.28288097246071003
1629013168.206339836 4.290569257740059 1.520403027016782 0.0 0.0 0.0 0.9591550294723801 0.28288094569595473
1629013168.206339836 4.290405520373227 1.5210460917613646 0.0 0.0 0.0 0.9591550237795793 0.2828809649983447
1629013168.403431416 4.290928253881646 1.5213652570160203 0.0 0.0 0.0 0.9591550121946761 0.2828810042788852
1629013168.403431416 4.290963209770058 1.5210584197844264 0.0 0.0 0.0 0.9591550179865962 0.28288098464041783
1629013168.603710651 4.2906726104484285 1.5223341566356907 0.0 0.0 0.0 0.9591550195460885 0.2828809793526999
1629013168.603710651 4.291445562900813 1.5222215974837647 0.0 0.0 0.0 0.9591550203347697 0.28288097667854495
1629013168.804109335 4.292011219135952 1.5210799605194754 0.0 0.0 0.0 0.9591550092784213 0.28288101416693123
1629013169.004486561 4.292224683017789 1.520150682635383 0.0 0.0 0.0 0.9591550074450217 0.28288102038337687
1629013169.305072069 4.29274569196823 1.52053821889423 0.0 0.0 0.0 0.959155014535211 0.2828809963429129
1629013169.605694056 4.293327156068286 1.5223666677215244 0.0 0.0 0.0 0.9591550149953091 0.2828809947828741
1629013169.705881596 4.293286162622995 1.5237588066841883 0.0 0.0 0.0 0.959155024027782 0.2828809641567721
1629013169.806046009 4.291785804518753 1.522922521700028 0.0 0.0 0.0 0.9591550292756585 0.282880946362972
1629013170.010056734 4.292243495746105 1.5237064844278452 0.0 0.0 0.0 0.9591550327130705 0.28288093470785325
1629013170.106631994 4.29310259719941 1.5233428312819892 0.0 0.0 0.0 0.9591550396336407 0.28288091124250353
1629013170.206834793 4.293473399122897 1.5236442433882624 0.0 0.0 0.0 0.9591550412925424 0.28288090561771984
1629013170.307057381 4.293548684847981 1.5233776177597174 0.0 0.0 0.0 0.9591550306576345 0.2828809416771517
1629013170.407232761 4.292851511695201 1.523055110601023 0.0 0.0 0.0 0.9591550293871973 0.28288094598478125
1629013170.507467270 4.293340448767965 1.5223312459897869 0.0 0.0 0.0 0.959155038741764 0.28288091426656076
1629013170.507467270 4.292809117262793 1.5216446967694992 0.0 0.0 0.0 0.9591550361919708 0.2828809229120606
1629013170.707806826 4.293531265512176 1.5227918247694288 0.0 0.0 0.0 0.9591550197985124 0.28288097849681476
1629013171.009956837 4.293122981800058 1.5223067946674826 0.0 0.0 0.0 0.9591550281510514 0.28288095017614023
1629013171.108597279 4.292270395495863 1.52107197517937 0.0 0.0 0.0 0.9591550132848631 0.2828810005824255
1629013171.108597279 4.293154639072166 1.5207270721670998 0.0 0.0 0.0 0.9591550106983364 0.28288100935247357
1629013171.309024096 4.292534134362059 1.5208476449304618 0.0 0.0 0.0 0.9591550132867432 0.2828810005760503
1629013171.509395123 4.29211850760232 1.520574087673643 0.0 0.0 0.0 0.9591550141266301 0.28288099772827463
1629013171.709802628 4.291642042938967 1.5201122497254727 0.0 0.0 0.0 0.9591550146805339 0.28288099585017157
1629013172.310935020 4.291882469636588 1.519152418189185 0.0 0.0 0.0 0.9591550084892025 0.2828810168429085
1629013172.411147356 4.292515449174557 1.5175106424019487 0.0 0.0 0.0 0.9591549976289595 0.28288105366636107
1629013172.611762047 4.292525871607335 1.5177250447761506 0.0 0.0 0.0 0.9591549998048862 0.2828810462885217
1629013172.811977863 4.2932814603854474 1.5177931287184048 0.0 0.0 0.0 0.9591549952752364 0.2828810616470484
1629013173.112493277 4.293935160524299 1.5164013720692255 0.0 0.0 0.0 0.959155003233025 0.2828810346648493
1629013173.212690830 4.2934475058702315 1.5158041112187364 0.0 0.0 0.0 0.959155007029462 0.2828810217924007
1629013173.312892914 4.291724722340813 1.5161032295049384 0.0 0.0 0.0 0.959155017730917 0.2828809855073404
1629013173.413134813 4.291632416708801 1.5158401823186523 0.0 0.0 0.0 0.9591550130704215 0.28288100130952515
1629013174.114495277 4.2919810378795145 1.515309182417508 0.0 0.0 0.0 0.9591550114970265 0.2828810066443819
1629013174.314868450 4.291394025311608 1.514135491722836 0.0 0.0 0.0 0.9591550061917802 0.2828810246326999
1629013174.415051937 4.290852558553961 1.515261298088284 0.0 0.0 0.0 0.9591550202204338 0.2828809770662201
1629013174.916043282 4.291328015395013 1.5151948880927255 0.0 0.0 0.0 0.9591550157808036 0.28288099211952406
1629013175.116446972 4.290424911575052 1.5149840120718348 0.0 0.0 0.0 0.9591550085357564 0.2828810166850596
1629013175.216599941 4.291648434392423 1.5149886361580824 0.0 0.0 0.0 0.9591550013588908 0.28288104101941214
1629013175.517198086 4.2920124014807435 1.5135409596588902 0.0 0.0 0.0 0.9591549974781228 0.28288105417779796
1629013175.817921162 4.291995458715493 1.5139666265064204 0.0 0.0 0.0 0.9591549986046061 0.28288105035827
1629013176.018274307 4.291490580508917 1.5138863632444524 0.0 0.0 0.0 0.9591550062540315 0.28288102442162655
1629013176.218912125 4.292271112275053 1.5138923898411951 0.0 0.0 0.0 0.9591550019405555 0.2828810390471813
1629013176.420287848 4.291585608226692 1.5138483980934732 0.0 0.0 0.0 0.9591550070964068 0.2828810215654132
1629013176.619600296 4.29108197345314 1.5123123899132356 0.0 0.0 0.0 0.9591549956224505 0.2828810604697616
1629013176.820007801 4.289982512437431 1.5119767492403386 0.0 0.0 0.0 0.9591549875972744 0.28288108768044656
1629013176.820007801 4.2898855761362675 1.5130244278266465 0.0 0.0 0.0 0.9591549905775785 0.2828810775752338
1629013177.621303797 4.290493449747256 1.5125076284093675 0.0 0.0 0.0 0.959154989559819 0.2828810810261151
1629013177.721537590 4.291354787693127 1.5135599408272966 0.0 0.0 0.0 0.9591550060481467 0.2828810251197128
1629013177.921918392 4.290475987856776 1.5145527542398347 0.0 0.0 0.0 0.9591550184361185 0.2828809831162378
1629013178.122301817 4.290916304199382 1.5136989843045556 0.0 0.0 0.0 0.9591550268078647 0.2828809547304383
1629013178.523101568 4.291463474734728 1.5138031381330266 0.0 0.0 0.0 0.9591550527623652 0.2828808667273634
1629013178.723504305 4.2918062234167 1.5133909820660012 0.0 0.0 0.0 0.9591550527058399 0.2828808669190219
1629013177.721537590 0.8042434388333285 0.1624423681502333 0.0 0.0 0.0 0.9768017449713748 0.2141456304034179
1629013177.921918392 0.7239060968480014 0.21638612385334507 0.0 0.0 0.0 0.9778006116234841 0.20953750000594257
1629013178.122301817 0.6606297915225685 0.26550596899658946 0.0 0.0 0.0 0.9809489514952525 0.19426568034618122
1629013178.523101568 0.5204342243011146 0.3561842093131856 0.0 0.0 0.0 0.9888730728641808 0.1487617079901696
1629013178.723504305 0.40251114259985715 0.3882594334174178 0.0 0.0 0.0 0.9925432243922913 0.12189318156875593
1629013179.925849915 0.4017876387494428 0.38799477185155595 0.0 0.0 0.0 0.9925432183153542 0.12189323105160123
1629013180.627175808 0.4023006634715155 0.3880015146201102 0.0 0.0 0.0 0.9925432230895919 0.12189319217628483
1629013180.828376532 0.40121456715261683 0.3866915983496824 0.0 0.0 0.0 0.9925432194139272 0.12189322210622186
1629013181.328547478 0.40200837209087265 0.38615578446314053 0.0 0.0 0.0 0.9925432198820816 0.12189321829416862
1629013181.428739548 0.40226609483779824 0.38604099059955505 0.0 0.0 0.0 0.992543212265123 0.12189328031696824
1629013181.428739548 0.4014529200500249 0.38518744432174296 0.0 0.0 0.0 0.9925432067995511 0.12189332482159784
1629013181.629146099 0.40034177351564715 0.3836468006393742 0.0 0.0 0.0 0.992543196683463 0.12189340719404147
1629013181.832266808 0.4001035960813886 0.383215920687042 0.0 0.0 0.0 0.9925431868181559 0.12189348752439282
1629013182.330725193 -1.0610836580702108 -0.2330490076226688 0.0 0.0 0.0 -0.8592590559787863 0.5115406872561019
1629013182.531440973 -1.059881364996683 -0.23445547081454127 0.0 0.0 0.0 -0.8592590544311175 0.5115406898557943
1629013182.734062195 -1.0603451875510568 -0.23489543308597038 0.0 0.0 0.0 -0.8592590529064184 0.5115406924169035
1629013182.831467628 -1.0606409269158232 -0.2345375819823825 0.0 0.0 0.0 -0.8592590614982426 0.5115406779848103
1629013182.831467628 -1.0596966170915834 -0.23421404116824854 0.0 0.0 0.0 -0.8592590490450794 0.5115406989029766
1629013183.132084608 -1.0600383191409009 -0.23443704572290877 0.0 0.0 0.0 -0.8592590400824625 0.511540713957907
1629013183.634452820 -1.0595518569845686 -0.2348359029218646 0.0 0.0 0.0 -0.8592590636385475 0.5115406743896389
1629013184.033816814 -1.0591128582023248 -0.23479767888349534 0.0 0.0 0.0 -0.8592590812332401 0.5115406448350004
1629013184.033816814 -1.275182556962836 -1.2264401644553196 0.0 0.0 0.0 -0.9341936617173907 0.3567663134420814
1629013184.635001659 -1.2755471525022046 -1.2268612297097292 0.0 0.0 0.0 -0.934193666941887 0.35676629976172175
1629013184.835386753 -1.2755075136758744 -1.227517656666153 0.0 0.0 0.0 -0.9341936571778635 0.3567663253288466
1629013184.835386753 -1.2751276970120524 -1.2283934723109904 0.0 0.0 0.0 -0.9341936491586607 0.356766346327152
1629013185.035778046 -1.274864779839244 -1.229616818168013 0.0 0.0 0.0 -0.9341936548723956 0.356766331365721
1629013185.035778046 -1.2751692494745965 -1.2302355243453762 0.0 0.0 0.0 -0.9341936533529666 0.35676633534435037
1629013185.737141132 -1.274515717874007 -1.230345880348625 0.0 0.0 0.0 -0.934193656953965 0.3567663259151256
1629013186.238120079 -1.2740139402918365 -1.2305103951535643 0.0 0.0 0.0 -0.9341936680886674 0.3567662967588736
1629013186.538707733 -1.273500719799976 -1.2306086890678425 0.0 0.0 0.0 -0.9341936697968493 0.35676629228599416
1629013186.638895512 -1.274309909752983 -1.2301544741913053 0.0 0.0 0.0 -0.9341936628414544 0.35676631049871704
1629013186.638895512 -1.2734735417431569 -1.2300052680048439 0.0 0.0 0.0 -0.9341936701109779 0.3567662914634473
1629013187.039713860 -1.273921792533516 -1.2295424358055935 0.0 0.0 0.0 -0.9341936643785339 0.35676630647386975
1629013187.039713860 -1.2738103239062495 -1.2297352254119982 0.0 0.0 0.0 -0.9341936634632871 0.35676630887044614
1629013188.142455101 -1.2747214966276614 -1.230202018471342 0.0 0.0 0.0 -0.9341936785560717 0.3567662693499414
1629013188.542624950 -1.275161433291298 -1.2289284762478283 0.0 0.0 0.0 -0.9341936855804344 0.35676625095662357
1629013188.642812967 -1.2737721853607176 -1.2291092194691597 0.0 0.0 0.0 -0.9341937038612201 0.3567662030883179
1629013189.150118589 -1.2740824932056531 -1.230360314625183 0.0 0.0 0.0 -0.9341937108572164 0.35676618476927374
1629013189.243979216 -1.2741617902319058 -1.2307538575913266 0.0 0.0 0.0 -0.9341937104586293 0.3567661858129756
1629013189.346075773 -1.2737672162513805 -1.2306215769766613 0.0 0.0 0.0 -0.9341937196612577 0.35676616171585457
1629013189.945374012 -1.2747024182976687 -1.2306315040869558 0.0 0.0 0.0 -0.9341937108230381 0.35676618485876954
1629013190.145747185 -1.2744309843826893 -1.230297722251351 0.0 0.0 0.0 -0.9341937043073673 0.3567662019200799
1629013190.446377039 -1.2741509531430175 -1.2288759507370972 0.0 0.0 0.0 -0.9341937160467696 0.3567661711804072
1629013191.448290825 -1.2745571719242719 -1.2303071325763382 0.0 0.0 0.0 -0.9341937141348918 0.356766176186667
1629013191.548486233 -1.2743908433018962 -1.229255885681432 0.0 0.0 0.0 -0.9341937156537701 0.356766172209478
1629013191.548486233 -1.2752543741958946 -1.229178793114611 0.0 0.0 0.0 -0.9341937267694973 0.3567661431028985
1629013191.949263096 -1.2750273592031227 -1.2284654203505485 0.0 0.0 0.0 -0.9341937071295628 0.3567661945301495
1629013192.049455166 -1.2745269923823672 -1.2281507839911598 0.0 0.0 0.0 -0.9341936931224442 0.3567662312078437
1629013192.249902725 -1.273164351299945 -1.2280565784554824 0.0 0.0 0.0 -0.9341936933002429 0.356766230742277
1629013192.249902725 -1.2732455517134669 -1.22850022063218 0.0 0.0 0.0 -0.9341936923177317 0.3567662333149862
1629013192.851044893 -1.2727031639951154 -1.2288777512108946 0.0 0.0 0.0 -0.9341936702343422 0.3567662911404174
1629013193.051414251 -1.2725380399371637 -1.2296426794561008 0.0 0.0 0.0 -0.9341936602705588 0.3567663172306149
1629013193.151612282 -1.2717328302658304 -1.2291960994387514 0.0 0.0 0.0 -0.9341936610799724 0.35676631511116297
1629013193.251803398 -1.2721754850641431 -1.2305728272892174 0.0 0.0 0.0 -0.9341936782536946 0.356766270141717
1629013193.251803398 -1.2726548987398094 -1.229505816873156 0.0 0.0 0.0 -0.9341936809469567 0.3567662630894011
1629013193.354059696 -1.2724053090918745 -1.2298684379682623 0.0 0.0 0.0 -0.9341936893805359 0.3567662410060442
1629013193.452210426 -1.2716473116549105 -1.2298353979607035 0.0 0.0 0.0 -0.934193700678079 0.3567662114233854
1629013193.552470684 -1.2715875711808104 -1.230113638733816 0.0 0.0 0.0 -0.9341936935532701 0.35676623007972463
1629013194.253760338 -1.271264316566091 -1.2298366348909202 0.0 0.0 0.0 -0.9341937047599169 0.356766200735077
1629013194.554497957 -1.2712737735065232 -1.229156513539568 0.0 0.0 0.0 -0.9341937064640125 0.3567661962728959
1629013194.854950905 -1.271106166144822 -1.2303231573804607 0.0 0.0 0.0 -0.9341937130093438 0.35676617913391917
1629013195.957142353 -1.271885147407149 -1.2310692859820114 0.0 0.0 0.0 -0.9341937147108048 0.35676617467863647
1629013196.458153248 -1.2719590683264639 -1.2314534619973525 0.0 0.0 0.0 -0.934193718848066 0.35676616384520077
1629013197.259631634 -1.2717886899700668 -1.2321066873763353 0.0 0.0 0.0 -0.9341937208662142 0.356766158560671
1629013197.359828949 -1.2716245536998199 -1.2322633190788497 0.0 0.0 0.0 -0.9341937135830004 0.35676617763179713
1629013197.760605812 -1.2712610020740382 -1.2328487198402553 0.0 0.0 0.0 -0.9341936960034907 0.35676622366381283
1629013198.161396980 -1.270768141251986 -1.2327742101965038 0.0 0.0 0.0 -0.9341937052460848 0.35676619946204424
1629013198.562168837 -1.2700459754923121 -1.2332832928284905 0.0 0.0 0.0 -0.9341937070057851 0.3567661948542622
1629013199.066054821 -1.2698936753477397 -1.2330876796829315 0.0 0.0 0.0 -0.9341937019270465 0.35676620815295895
1629013199.163362503 -1.2694917634067868 -1.2321857442094952 0.0 0.0 0.0 -0.9341937226340319 0.35676615393163263
1629013199.263733149 -1.2689861961832645 -1.232833198137358 0.0 0.0 0.0 -0.9341937312876569 0.3567661312720772
1629013199.363727808 -1.2695770444568015 -1.232301838793333 0.0 0.0 0.0 -0.9341937255726119 0.35676614623694825
1629013199.865200996 -1.2690106252623605 -1.2313137306554824 0.0 0.0 0.0 -0.9341937294874175 0.3567661359860122
1629013199.865200996 -1.2692212400153868 -1.2320042955172772 0.0 0.0 0.0 -0.9341937467822529 0.356766090699405
1629013200.065204859 -1.2686439496032071 -1.2316150572387208 0.0 0.0 0.0 -0.9341937431819692 0.3567661001267651
1629013200.767469406 -1.2689159802625571 -1.2320553080328958 0.0 0.0 0.0 -0.9341937473322346 0.356766089259275
1629013201.067073822 -1.2685184795056692 -1.2311877348089246 0.0 0.0 0.0 -0.9341937580859385 0.35676606110064757
1629013201.267458916 -1.2678654672049985 -1.2328355182356903 0.0 0.0 0.0 -0.9341937483840262 0.3567660865051535
1629013201.267458916 -1.2685310281983218 -1.2327639506434525 0.0 0.0 0.0 -0.9341937249334248 0.35676614791066236
1629013201.467884541 -1.2678612612581537 -1.2322591930079572 0.0 0.0 0.0 -0.9341937162422088 0.3567661706686488
1629013201.568065166 -1.2679589594971132 -1.2340270017680877 0.0 0.0 0.0 -0.9341937253305362 0.3567661468708243
1629013201.568065166 -1.267813912208981 -1.2328462304970647 0.0 0.0 0.0 -0.9341937288171548 0.3567661377410982
1629013201.768421173 -1.2675431759359699 -1.2320760515089204 0.0 0.0 0.0 -0.9341937327992865 0.3567661273138682
1629013201.868645191 -1.2682693382994386 -1.231376511468759 0.0 0.0 0.0 -0.9341937181634311 0.3567661656379202
1629013201.868645191 -1.2675687418855692 -1.2320396816481776 0.0 0.0 0.0 -0.934193718157668 0.3567661656530107
1629013202.074606419 -1.267366963924611 -1.2302281689206638 0.0 0.0 0.0 -0.9341937268222417 0.35676614296478715
1629013202.169236660 -1.2677888423139725 -1.229434821966799 0.0 0.0 0.0 -0.934193718134118 0.3567661657146765
1629013202.369596958 0.9465384246896615 0.9154477713958937 0.0 0.0 0.0 0.07046293221035575 0.997514398484713
1629013202.670295238 0.9469706088842482 0.9149278205811427 0.0 0.0 0.0 0.0704629390045002 0.9975143980047847
1629013202.770405769 0.9475789984735007 0.915148286242056 0.0 0.0 0.0 0.07046295661070938 0.9975143967611081
1629013202.870672941 0.9464405669592597 0.9161663899280158 0.0 0.0 0.0 0.0704629590684436 0.9975143965874973
1629013203.171209335 0.9464658129960999 0.915705187138083 0.0 0.0 0.0 0.07046299035933647 0.9975143943771538
1629013203.571948051 0.9466060898123769 0.9153198071992839 0.0 0.0 0.0 0.07046298326110609 0.9975143948785626
1629013203.677692413 0.9467898684095867 0.9166251751740783 0.0 0.0 0.0 0.07046296597051849 0.9975143960999447
1629013203.878424644 0.9467774794034868 0.9171537028500358 0.0 0.0 0.0 0.07046296257817079 0.9975143963395753
1629013204.072945595 0.9467294155987135 0.9175593427082098 0.0 0.0 0.0 0.07046293710001655 0.9975143981393146
1629013204.072945595 0.9463546171735635 0.9176732809000234 0.0 0.0 0.0 0.07046288788243472 0.9975144016159704
1629013204.573929071 0.9460594207440609 0.9191695172393137 0.0 0.0 0.0 0.07046283194603906 0.99751440556723
1629013205.475691319 0.9456550486689038 0.9189598315980344 0.0 0.0 0.0 0.07046283606828752 0.997514405276041
1629013205.676188707 0.9446172398460086 0.9201664515345161 0.0 0.0 0.0 0.07046287230492283 0.9975144027163418
1629013205.878082752 0.9444845997350777 0.9211269830469099 0.0 0.0 0.0 0.07046291068530118 0.9975144000052106
1629013206.076845169 0.9445303731543979 0.9207630648454606 0.0 0.0 0.0 0.07046288741762648 0.9975144016488037
1629013206.076845169 0.9447833317512175 0.9204433961660585 0.0 0.0 0.0 0.07046289188647441 0.9975144013331312
1629013206.377456665 0.944966700030323 0.9212683009632975 0.0 0.0 0.0 0.0704628560719239 0.9975144038630156
1629013206.477707386 0.9443342527015388 0.9218189080879031 0.0 0.0 0.0 0.07046292804238645 0.9975143987791322
1629013207.078907251 0.9435973368474493 0.9216682509881717 0.0 0.0 0.0 0.07046293319817447 0.9975143984149349
1629013207.379912376 0.944781582861339 0.921908405795032 0.0 0.0 0.0 0.07046299936273555 0.9975143937411666
1629013207.379912376 0.9451994429823594 0.9215170733129948 0.0 0.0 0.0 0.07046299925842467 0.997514393748535
1629013207.580000401 0.9447909189663137 0.9218478658859962 0.0 0.0 0.0 0.07046299543485252 0.9975143940186266
1629013208.080886364 0.9451039907925075 0.9225041948875665 0.0 0.0 0.0 0.07046300240122064 0.9975143935265323
1629013208.481552601 0.9456959741067578 0.9219424562732284 0.0 0.0 0.0 0.07046298702749415 0.9975143946125105
1629013209.383306265 0.9452974596937237 0.9217944632891805 0.0 0.0 0.0 0.07046302894310778 0.9975143916516507
1629013209.483502388 0.9454478290230955 0.9219307806028085 0.0 0.0 0.0 0.07046303528337211 0.9975143912037833
1629013209.483502388 0.9457588548711511 0.9215298832349922 0.0 0.0 0.0 0.07046306333134444 0.9975143892225129
1629013209.784077168 0.9453093710030437 0.9212475927348813 0.0 0.0 0.0 0.0704630301885378 0.9975143915636753
1629013209.986763000 0.9459210971262919 0.921297199337569 0.0 0.0 0.0 0.07046305939864196 0.9975143895003137
1629013209.986763000 0.9455577985560311 0.9200073071722686 0.0 0.0 0.0 0.07046308573611076 0.9975143876398703
1629013210.385328293 0.9456100694095021 0.9179039098232402 0.0 0.0 0.0 0.07046306461438984 0.9975143891318803
1629013210.786072731 0.9456304358540716 0.9184191872586974 0.0 0.0 0.0 0.07046311214822808 0.9975143857741533
1629013211.487395525 0.9460058742008014 0.9180426563696933 0.0 0.0 0.0 0.07046312851886183 0.997514384617753
1629013211.687815666 0.94649251392961 0.9182720479629004 0.0 0.0 0.0 0.07046309815534761 0.997514386762592
1629013211.687815666 0.9472043573141065 0.9185409867512119 0.0 0.0 0.0 0.070463106687737 0.9975143861598752
1629013212.089605808 0.9478785835603118 0.9185712046520749 0.0 0.0 0.0 0.07046310274770781 0.9975143864381937
1629013212.389182568 0.9477803167342874 0.9173809421813258 0.0 0.0 0.0 0.07046314617356016 0.9975143833706477
1629013212.389182568 0.9476542111580727 0.9183900619054427 0.0 0.0 0.0 0.07046317808325236 0.9975143811165872
1629013212.489371300 4.113195972339382 1.730376438366499 0.0 0.0 0.0 0.6786364014303088 0.7344743934635984
1629013212.790127516 4.1130774638729335 1.7303331200737626 0.0 0.0 0.0 0.6786363854979104 0.7344744081847451
1629013213.491334200 4.112001693992996 1.7295111732178687 0.0 0.0 0.0 0.6786364323801621 0.7344743648666886
1629013213.691732168 4.113802219238225 1.7283848121731908 0.0 0.0 0.0 0.6786364488486653 0.7344743496501923
1629013213.892106056 4.114028322361944 1.7270811273693671 0.0 0.0 0.0 0.6786364484227025 0.7344743500437715
1629013213.992370605 4.114888430088367 1.7268005752915456 0.0 0.0 0.0 0.6786363638093897 0.734474428224407
1629013214.192687035 4.114215436977648 1.7262918593611618 0.0 0.0 0.0 0.6786363366698663 0.7344744533006603
1629013214.394271851 4.114539364342832 1.727266928018144 0.0 0.0 0.0 0.678636316104904 0.7344744723021792
1629013214.394271851 4.114194198035012 1.7272726623677654 0.0 0.0 0.0 0.6786363295550282 0.7344744598745958
1629013214.793873310 4.114410548637118 1.726651642038418 0.0 0.0 0.0 0.6786363012919889 0.7344744859889476
1629013215.094453812 4.114513840753118 1.7269809827070397 0.0 0.0 0.0 0.6786363024523724 0.734474484916782
1629013215.094453812 4.114743291848285 1.7262119552487265 0.0 0.0 0.0 0.6786362752080586 0.7344745100898548
1629013215.595432520 4.114358427264819 1.7275008169270847 0.0 0.0 0.0 0.6786362682817207 0.7344745164896195
1629013215.695641518 4.115207377863547 1.7280507871296649 0.0 0.0 0.0 0.6786362422258315 0.7344745405646151
1629013215.795802355 4.114657368598008 1.7288252871532264 0.0 0.0 0.0 0.6786362642066665 0.7344745202548687
1629013215.795802355 4.114250863112171 1.7293916344362419 0.0 0.0 0.0 0.678636307645148 0.7344744801187854
1629013215.996199131 4.116096238921642 1.7291740694509006 0.0 0.0 0.0 0.6786363014487885 0.7344744858440687
1629013216.196589470 4.115346394196868 1.7292880697593935 0.0 0.0 0.0 0.6786362854624931 0.7344745006150109
1629013216.497184753 4.11548748348168 1.728963503113792 0.0 0.0 0.0 0.6786362910668271 0.7344744954367447
1629013216.597385406 4.115441949860666 1.7292571313181262 0.0 0.0 0.0 0.6786363111488842 0.7344744768814194
1629013216.597385406 4.113971777486802 1.7298038182242983 0.0 0.0 0.0 0.6786363134786904 0.7344744747287361
1629013217.098364115 4.114571753362287 1.7293227948590326 0.0 0.0 0.0 0.6786363295248224 0.734474459902505
1629013217.499140263 4.114296662342247 1.7295438394876073 0.0 0.0 0.0 0.678636313714975 0.7344744745104148
1629013217.599331856 4.113812138968505 1.7294743605716087 0.0 0.0 0.0 0.6786362949260192 0.7344744918709465
1629013217.599331856 4.1153799661218615 1.7293742032748265 0.0 0.0 0.0 0.6786362631395689 0.7344745212408404
1629013217.799716949 4.116044521982976 1.729671741408184 0.0 0.0 0.0 0.6786362598746878 0.7344745242575097
1629013217.799716949 4.115815813182817 1.7297776569886079 0.0 0.0 0.0 0.6786362340010121 0.734474548164144
1629013218.100379467 4.114811164776523 1.7292615586263937 0.0 0.0 0.0 0.6786362284511938 0.7344745532920383
1629013218.200509548 4.11464872845625 1.729806482869755 0.0 0.0 0.0 0.6786362278449035 0.7344745538522354
1629013218.200509548 4.113834281299741 1.7300129897919518 0.0 0.0 0.0 0.6786362908682589 0.7344744956202168
1629013219.406359673 4.113471087439755 1.7317832267002622 0.0 0.0 0.0 0.6786362931071585 0.7344744935515289
1629013219.503051281 4.11279322970557 1.7317071173097072 0.0 0.0 0.0 0.6786362961030914 0.7344744907833608
1629013219.804655790 4.113600877177578 1.7315936260934017 0.0 0.0 0.0 0.6786362741099262 0.7344745111045019
1629013220.204417229 4.114809341508312 1.7314237270451736 0.0 0.0 0.0 0.6786362872207439 0.7344744989904306
1629013220.806005239 4.114920529178823 1.7306755277521613 0.0 0.0 0.0 0.6786362835321481 0.7344745023986019
1629013221.106210232 4.115764471177261 1.7312490991316385 0.0 0.0 0.0 0.6786362331599924 0.7344745489412252
1629013221.406772852 4.115230531494309 1.7305480940696623 0.0 0.0 0.0 0.6786362443196415 0.7344745386299867
1629013221.607167244 4.114355165552978 1.7300551008000113 0.0 0.0 0.0 0.6786362468004093 0.7344745363378188
1629013221.707352638 4.114114617612565 1.7303951061817304 0.0 0.0 0.0 0.6786362339504893 0.7344745482108258
1629013221.807577133 4.114976545451617 1.7302589293708102 0.0 0.0 0.0 0.6786362272676811 0.7344745543855745
1629013221.907737732 4.114357256947164 1.7299047023065548 0.0 0.0 0.0 0.6786362641396182 0.7344745203168197
1629013223.711259842 4.113509765097049 1.7280356850826597 0.0 0.0 0.0 0.6786362856913497 0.734474500403553
1629013223.911646843 4.11410797316865 1.7270591895752418 0.0 0.0 0.0 0.6786362665351039 0.7344745181034502
1629013224.012077093 4.113430584002714 1.7273326788684453 0.0 0.0 0.0 0.6786362146533571 0.7344745660408961
1629013224.012077093 4.114193833721953 1.7271987284957744 0.0 0.0 0.0 0.6786361983798586 0.7344745810772033
1629013224.212237358 4.115846554258449 1.7279164890404328 0.0 0.0 0.0 0.6786362258926674 0.734474555656053
1629013224.813429356 4.115417602248588 1.7270876682849832 0.0 0.0 0.0 0.6786362320029664 0.7344745500102886
1629013225.014685154 4.1149882776592985 1.727839154562404 0.0 0.0 0.0 0.6786362321805537 0.7344745498462023
1629013225.114006281 4.114581218131553 1.7282959327858918 0.0 0.0 0.0 0.6786361908556511 0.7344745880293833
1629013225.314388275 4.115584428261006 1.7287693320068303 0.0 0.0 0.0 0.6786361301385812 0.7344746441304362
1629013225.514781952 4.115991471853419 1.727787547633241 0.0 0.0 0.0 0.6786361262936454 0.7344746476830601
1629013225.614995480 4.115803518144562 1.727521431170301 0.0 0.0 0.0 0.678636133517232 0.7344746410086476
1629013225.715173721 4.115206445869886 1.7273661488776926 0.0 0.0 0.0 0.6786361471784467 0.7344746283860278
1629013225.816148996 4.1151198820365895 1.7275862305297458 0.0 0.0 0.0 0.6786361791169676 0.7344745988756337
1629013225.915573120 4.1152654064356495 1.7272495663247829 0.0 0.0 0.0 0.6786361466284639 0.7344746288941981
1629013226.015756130 4.1155641116769335 1.7272686356603648 0.0 0.0 0.0 0.6786361406151624 0.7344746344503379
1629013226.416540146 4.114803620008983 1.7266641939561542 0.0 0.0 0.0 0.6786361236748474 0.7344746501027637
1629013225.614995480 5.114498567257871 3.6896942980370846 0.0 0.0 0.0 -0.3916078444563675 0.9201322166733634
1629013225.715173721 5.069412183738558 3.726340841480648 0.0 0.0 0.0 -0.37414079270549305 0.927371914192847
1629013225.816148996 5.019873479455028 3.7597141514945562 0.0 0.0 0.0 -0.35811423396451925 0.9336777792322175
1629013225.915573120 4.966638438860646 3.7751994217068328 0.0 0.0 0.0 -0.34014824379047054 0.9403718265910876
1629013226.015756130 4.911894024749906 3.8086462027765458 0.0 0.0 0.0 -0.3203022489353178 0.9473154011874703
1629013226.416540146 4.731896403753078 3.840763698086409 0.0 0.0 0.0 -0.243968000502935 0.9697832823526089
1629013226.618190289 4.600070088119206 3.89503582338498 0.0 0.0 0.0 -0.20044770948331686 0.9797044022371706
1629013226.817325592 4.462100495228738 3.9420707629102067 0.0 0.0 0.0 -0.1562653919535147 0.9877151043077221
1629013226.917517185 4.39350609555838 3.953890326540322 0.0 0.0 0.0 -0.13374180512927378 0.9910162105438858
1629013227.318311214 4.1425051085469295 3.932264458719418 0.0 0.0 0.0 -0.05090905687744478 0.9987032932397134
1629013227.819284201 4.1439225242112565 3.9326273781203502 0.0 0.0 0.0 -0.05090898758493412 0.9987032967719076
1629013228.220059395 4.144373327787811 3.9333113025312585 0.0 0.0 0.0 -0.05090897651474219 0.9987032973362115
1629013228.420449734 4.145583626120268 3.9330063560791744 0.0 0.0 0.0 -0.050908949790386286 0.9987032986984873
1629013228.620867252 4.144461183369441 3.932185744283461 0.0 0.0 0.0 -0.050908959461692806 0.998703298205492
1629013228.821250439 4.142419063751882 3.9310910939307995 0.0 0.0 0.0 -0.05090889704888992 0.9987033013869863
1629013229.021659851 4.141313189143585 3.930368071055948 0.0 0.0 0.0 -0.05090888415631759 0.998703302044185
1629013229.121829271 4.141848711336069 3.930888071667454 0.0 0.0 0.0 -0.05090885094192149 0.9987033037372878
1629013229.222027302 4.141622073734747 3.93137722878749 0.0 0.0 0.0 -0.05090887619215351 0.9987033024501581
1629013229.222027302 4.140537747108336 3.931110803040199 0.0 0.0 0.0 -0.050908835484871344 0.99870330452521
1629013229.422421217 4.1385613685880625 3.931670841448851 0.0 0.0 0.0 -0.050908874427198415 0.9987033025401266
1629013230.023580551 4.138812934469799 3.9315424834834842 0.0 0.0 0.0 -0.0509088874883538 0.9987033018743345
1629013230.223979473 4.137425623584386 3.9320346290500963 0.0 0.0 0.0 -0.05090888271080036 0.9987033021178702
1629013230.223979473 4.136770890592892 3.930531254608704 0.0 0.0 0.0 -0.05090887944139758 0.998703302284528
1629013230.424386501 4.135846758046582 3.930816494045684 0.0 0.0 0.0 -0.050908893093838975 0.998703301588595
1629013230.624771357 4.1364401025398765 3.931498255847411 0.0 0.0 0.0 -0.05090891878257483 0.9987033002791115
1629013230.724998474 4.137005399589806 3.9314400934440794 0.0 0.0 0.0 -0.050908850192904 0.9987033037754689
1629013230.724998474 4.137560528363749 3.931303298695841 0.0 0.0 0.0 -0.0509088576720149 0.9987033033942215
1629013231.125766754 4.138434357297562 3.9304126982627015 0.0 0.0 0.0 -0.05090884164005383 0.9987033042114499
1629013231.225924015 4.137988713378475 3.9301925292525524 0.0 0.0 0.0 -0.05090883759917257 0.9987033044174336
1629013231.426332474 4.137927529082336 3.93109609618957 0.0 0.0 0.0 -0.05090885197688323 0.9987033036845306
1629013231.726910353 4.136799047386206 3.9306830943253606 0.0 0.0 0.0 -0.05090882396563756 0.9987033051124021
1629013231.927503109 4.136517621516745 3.9295733977298988 0.0 0.0 0.0 -0.05090880764687931 0.9987033059442494
1629013232.027493000 4.136323963115632 3.9298548729906204 0.0 0.0 0.0 -0.05090883446439546 0.9987033045772287
1629013232.027493000 4.135802730569739 3.930165392948921 0.0 0.0 0.0 -0.050908878221244354 0.9987033023467252
1629013232.227927685 4.13563865883527 3.9300676069955105 0.0 0.0 0.0 -0.050908864154612966 0.9987033030637714
1629013232.328094959 4.1357177520717725 3.930514617168376 0.0 0.0 0.0 -0.05090887330797 0.9987033025971793
1629013232.428275108 4.136069348860082 3.9304668139955186 0.0 0.0 0.0 -0.050908850088423184 0.9987033037807947
1629013232.528468847 4.135617547280249 3.9298667124438875 0.0 0.0 0.0 -0.05090881781264598 0.9987033054260503
1629013232.628664970 4.136292832439156 3.929786435737855 0.0 0.0 0.0 -0.05090885145261728 0.998703303711255
1629013232.728875399 4.136649200715409 3.9290016959934215 0.0 0.0 0.0 -0.05090882319188968 0.9987033051518438
1629013233.129659176 4.137366382313968 3.9283609682758036 0.0 0.0 0.0 -0.05090883383274592 0.9987033046094269
1629013233.430244684 4.13603678323574 3.9291761825716405 0.0 0.0 0.0 -0.05090887372899903 0.9987033025757174
1629013233.530465126 4.135136564803124 3.9298950628853713 0.0 0.0 0.0 -0.050908900399539665 0.9987033012161869
1629013233.530465126 4.134399010407019 3.930069964969309 0.0 0.0 0.0 -0.05090888171675099 0.9987033021685419
1629013233.730814695 4.134797751247015 3.9296864917196332 0.0 0.0 0.0 -0.050908882432394505 0.9987033021320619
1629013234.632601976 4.134489324979007 3.929484243553762 0.0 0.0 0.0 -0.050908858123797404 0.998703303371192
1629013235.033603668 4.1353876928923645 3.9280979103170246 0.0 0.0 0.0 -0.05090881020230283 0.9987033058139869
1629013235.133549213 4.135169504217829 3.9275457982310664 0.0 0.0 0.0 -0.050908793893038214 0.9987033066453501
1629013235.133549213 4.134334855189354 3.926711843665041 0.0 0.0 0.0 -0.050908776464660924 0.9987033075337596
1629013235.534484386 4.133073886539774 3.9273124059681788 0.0 0.0 0.0 -0.050908756171554735 0.9987033085681979
1629013236.035361052 4.1337080522566785 3.9276381888334977 0.0 0.0 0.0 -0.05090876855887821 0.9987033079367559
1629013236.335923672 4.134639359022667 3.9265183647177198 0.0 0.0 0.0 -0.050908724797080925 0.9987033101675067
1629013236.536616802 4.134120519071713 3.9266039143306206 0.0 0.0 0.0 -0.050908731673544934 0.9987033098169801
1629013236.736684799 4.135267993110644 3.9268385294797135 0.0 0.0 0.0 -0.0509086984753072 0.9987033115092541
1629013237.037281513 4.135660262646393 3.9269186422322564 0.0 0.0 0.0 -0.050908726801651566 0.9987033100653241
1629013237.137472868 4.134331417845717 3.9274822376681486 0.0 0.0 0.0 -0.050908724655683635 0.9987033101747144
1629013237.237663746 4.135063338476548 3.9286245713795096 0.0 0.0 0.0 -0.05090871785611566 0.9987033105213211
1629013237.337888718 4.136055872750452 3.9290176227286917 0.0 0.0 0.0 -0.05090873432365982 0.9987033096818909
1629013237.337888718 4.136410393104331 3.927952241410287 0.0 0.0 0.0 -0.05090877178878623 0.9987033077721117
1629013237.738643646 4.135638952897048 3.9283486747950827 0.0 0.0 0.0 -0.05090876327560496 0.99870330820607
1629013238.239623070 4.135592959175786 3.9293519038894353 0.0 0.0 0.0 -0.05090874953515369 0.9987033089064875
1629013238.441780090 4.135663674276758 3.930022677741094 0.0 0.0 0.0 -0.05090876452052327 0.9987033081426104
1629013238.640418053 4.13655641834323 3.9304519925029515 0.0 0.0 0.0 -0.05090874855929702 0.9987033089562316
1629013238.941011429 4.13513237414606 3.929428140066928 0.0 0.0 0.0 -0.05090877829170197 0.9987033074406264
1629013239.041179180 4.135048372513405 3.9292095040903825 0.0 0.0 0.0 -0.05090876658750455 0.9987033080372464
1629013239.141399860 4.135182262421194 3.9296614642867804 0.0 0.0 0.0 -0.050908775685397686 0.9987033075734825
1629013239.141399860 4.136274434525862 3.9300209605013823 0.0 0.0 0.0 -0.05090876404310423 0.9987033081669469
1629013239.141399860 4.13667137987102 3.930702201798495 0.0 0.0 0.0 -0.05090877380142413 0.9987033076695178
1629013239.542208195 4.136801953069069 3.9292345703846636 0.0 0.0 0.0 -0.05090883376698926 0.9987033046127789
1629013239.942944527 4.136005903749172 3.9290788268023142 0.0 0.0 0.0 -0.05090885173651172 0.9987033036967835
1629013240.043147087 4.136997535668692 3.927529006346902 0.0 0.0 0.0 -0.05090886656159937 0.9987033029410753
1629013240.143421173 4.136149941709171 3.9263140404245824 0.0 0.0 0.0 -0.05090884810532621 0.998703303881883
1629013240.143421173 4.136061563935035 3.9266116030299925 0.0 0.0 0.0 -0.05090883546245019 0.9987033045263529
1629013240.443916321 4.1358962190657875 3.9273891112714368 0.0 0.0 0.0 -0.05090877848006003 0.9987033074310249
1629013240.544137478 4.135559743287241 3.9276838895707162 0.0 0.0 0.0 -0.05090876261522003 0.998703308239733
1629013240.644346952 4.1359013351456175 3.928758685584948 0.0 0.0 0.0 -0.05090873818140661 0.998703309485243
1629013240.644346952 4.136332332748375 3.929672303243426 0.0 0.0 0.0 -0.050908713703882835 0.9987033107329805
1629013241.045111418 4.136246568335845 3.930560676074019 0.0 0.0 0.0 -0.050908707825568035 0.9987033110326264
1629013241.245482445 4.137066137441601 3.93103672215942 0.0 0.0 0.0 -0.05090867529044819 0.9987033126910974
1629013241.646275520 4.137957403376396 3.93186559126823 0.0 0.0 0.0 -0.050908665702959044 0.9987033131798173
1629013241.746649981 4.137615672095499 3.9321094731978117 0.0 0.0 0.0 -0.05090863934247968 0.9987033145235362
1629013241.846660614 4.137507376204071 3.9331146635853305 0.0 0.0 0.0 -0.05090868773419441 0.9987033120567801
1629013242.247446537 4.137806381052049 3.9332373056164887 0.0 0.0 0.0 -0.05090863167314923 0.9987033149144783
1629013242.347635746 4.138532481959349 3.9330870907046123 0.0 0.0 0.0 -0.050908648493844535 0.9987033140570478
1629013242.748418331 4.137536725811579 3.9330333301032416 0.0 0.0 0.0 -0.05090867296190756 0.9987033128097942
1629013242.948856115 4.137626765456834 3.932735850928452 0.0 0.0 0.0 -0.05090866791725262 0.9987033130669443
1629013243.049047709 4.138220747579446 3.9330377496342415 0.0 0.0 0.0 -0.050908646135445344 0.9987033141772665
1629013243.550235271 4.138417490538569 3.9333087090824193 0.0 0.0 0.0 -0.05090870622454448 0.9987033111142383
1629013243.750394821 4.138942862687115 3.9345363194930396 0.0 0.0 0.0 -0.05090868718146721 0.9987033120849552
1629013243.850748301 4.138753823961664 3.9336035327037737 0.0 0.0 0.0 -0.050908637562584055 0.998703314614266
1629013244.051008224 4.13801644628517 3.9339365407485443 0.0 0.0 0.0 -0.05090863428732384 0.9987033147812214
1629013244.351556540 4.138028942308684 3.934424411899181 0.0 0.0 0.0 -0.05090862593819904 0.9987033152068159
1629013244.551958561 4.137745768591915 3.9340578376293904 0.0 0.0 0.0 -0.05090859164641041 0.9987033169548297
1629013244.551958561 4.138513675748157 3.9328155444866866 0.0 0.0 0.0 -0.050908554695827384 0.9987033188383735
1629013244.752338409 4.137881381711801 3.932167291548532 0.0 0.0 0.0 -0.05090857594267613 0.9987033177553225
1629013245.052947521 4.137866063250054 3.9320099091972356 0.0 0.0 0.0 -0.05090854902824469 0.9987033191272766
1629013245.253318071 4.1383624193218616 3.9318729895363913 0.0 0.0 0.0 -0.0509085865505982 0.9987033172145872
1629013245.253318071 4.138223025663509 3.9321755459170062 0.0 0.0 0.0 -0.050908629923699954 0.9987033150036561
1629013245.654092550 5.451726951076396 -1.6033219126067668 0.0 0.0 0.0 0.8837249559278976 0.46800662631017903
1629013245.858057976 5.4521047122801 -1.6030883681888606 0.0 0.0 0.0 0.8837249521781065 0.4680066333908135
1629013245.954675913 5.451767435420733 -1.603707421792072 0.0 0.0 0.0 0.8837249578352521 0.4680066227085702
1629013246.255266666 5.4525618831409375 -1.6026291403572774 0.0 0.0 0.0 0.8837249346758164 0.46800666643993866
1629013246.555862904 5.451604664412467 -1.6015643438325198 0.0 0.0 0.0 0.8837249094380564 0.4680067140957478
1629013246.956682920 5.452397105249962 -1.6006879730713495 0.0 0.0 0.0 0.8837248824817538 0.4680067649966294
1629013247.057110310 5.453006792913903 -1.6011168303233507 0.0 0.0 0.0 0.8837249006656486 0.46800673066045706
1629013247.157055855 5.4524258347010655 -1.6009211658790932 0.0 0.0 0.0 0.8837248915578274 0.4680067478585177
1629013247.358104467 5.452909674597285 -1.602264403661446 0.0 0.0 0.0 0.8837248948873281 0.4680067415715086
1629013247.557822704 5.45316544276149 -1.600555031308969 0.0 0.0 0.0 0.8837248786088177 0.4680067723097931
1629013246.956682920 5.809964920167949 -1.9193809082819677 0.0 0.0 0.0 0.854321941637585 0.519744187111878
1629013247.057110310 5.831061100913974 -1.9367094285368673 0.0 0.0 0.0 0.8492055886639532 0.528062371488358
1629013247.157055855 5.84843600099588 -1.9587163335635498 0.0 0.0 0.0 0.8435726302925369 0.5370150998075667
1629013247.358104467 5.884807473431493 -1.9807784856089423 0.0 0.0 0.0 0.8321944109580223 0.5544839604264765
1629013247.557822704 5.907869896134191 -1.984919674390448 0.0 0.0 0.0 0.8248994144352582 0.5652795379848523
1629013247.958601952 5.949410449495393 -2.0019105575565295 0.0 0.0 0.0 0.8333237641326049 0.5527852242343917
1629013248.259931803 5.98982960819935 -2.025462365831285 0.0 0.0 0.0 0.8472580379636431 0.5311815293343678
1629013248.359395504 6.000848876680752 -2.028940168116264 0.0 0.0 0.0 0.8531533813771467 0.5216601459233212
1629013248.459567547 6.011879346904399 -2.0293232636597307 0.0 0.0 0.0 0.8585168806313275 0.5127853017307097
1629013248.559775829 6.030166866355483 -2.0277125497685358 0.0 0.0 0.0 0.8643840709952275 0.5028321566981546
1629013249.261137486 6.14982750274397 -2.0414399799662752 0.0 0.0 0.0 0.9037517264977986 0.4280570252340782
1629013249.461553097 6.149362972240823 -2.0414397344449933 0.0 0.0 0.0 0.9037517408483672 0.4280569949358915
1629013249.661929369 6.1486727173548505 -2.041186810824129 0.0 0.0 0.0 0.903751724319319 0.42805702983347627
1629013250.263106346 6.148706383097641 -2.0419618711483793 0.0 0.0 0.0 0.9037517268768392 0.42805702443381416
1629013250.363283634 6.1484518363467355 -2.0404575554452498 0.0 0.0 0.0 0.9037517332495968 0.4280570109790863
1629013250.463474512 6.1477756086494075 -2.0410594076590907 0.0 0.0 0.0 0.9037517359470298 0.42805700528402757
1629013250.666935921 6.147306898814185 -2.041007534452687 0.0 0.0 0.0 0.9037517281252031 0.42805702179815835
1629013250.864261150 6.14722742373061 -2.0416218413533826 0.0 0.0 0.0 0.9037517277278598 0.4280570226370644
1629013251.365235329 6.147933768123016 -2.042797723115873 0.0 0.0 0.0 0.9037517175488065 0.42805704412797874
1629013251.465437651 6.1491449511215945 -2.0422546969948905 0.0 0.0 0.0 0.9037517374426297 0.42805700212638526
1629013251.565629005 6.148400420646329 -2.043510186686824 0.0 0.0 0.0 0.9037517394233388 0.4280569979445374
1629013252.166831970 6.148299757517141 -2.042851287181659 0.0 0.0 0.0 0.9037517438123068 0.4280569886781601
1629013252.367221832 6.147724693248491 -2.0434966624592374 0.0 0.0 0.0 0.9037517312030197 0.42805701530000045
1629013252.467393875 6.147618446039994 -2.043787435157798 0.0 0.0 0.0 0.9037517228118815 0.42805703301611103
1629013252.567692995 6.147341757691864 -2.042945495513068 0.0 0.0 0.0 0.9037517211873648 0.42805703644593396
1629013252.667804718 6.148661548596332 -2.0430948808464033 0.0 0.0 0.0 0.9037517031809005 0.4280570744627656
1629013252.667804718 6.148969807948491 -2.043089610619595 0.0 0.0 0.0 0.9037516982220465 0.4280570849323336
1629013252.868175983 6.149702663309174 -2.042114558119013 0.0 0.0 0.0 0.9037517077286813 0.42805706486109085
1629013253.068570137 6.149992794224753 -2.0422759079240818 0.0 0.0 0.0 0.9037517110100851 0.42805705793310256
1629013253.168779850 6.149386573652324 -2.0421589319137325 0.0 0.0 0.0 0.9037516972748985 0.4280570869320357
1629013253.168779850 6.148440495394096 -2.043200736235992 0.0 0.0 0.0 0.9037517059241874 0.42805706867089705
1629013253.769940376 6.149448543731627 -2.043279004956199 0.0 0.0 0.0 0.9037516897731295 0.4280571027704285
1629013253.970323563 6.149488790968369 -2.0430268917581467 0.0 0.0 0.0 0.9037517136596661 0.42805705233907426
1629013254.070553541 6.149122632859234 -2.043398486906148 0.0 0.0 0.0 0.9037516912924319 0.4280570995627439
1629013254.170717239 6.14930930018048 -2.0430452537093724 0.0 0.0 0.0 0.9037516913658735 0.42805709940768755
1629013254.170717239 6.148726151309282 -2.04263670549518 0.0 0.0 0.0 0.9037516956217349 0.42805709042233964
1629013254.771917343 6.149102980478463 -2.0427745877927426 0.0 0.0 0.0 0.9037516806388043 0.42805712205561613
1629013254.972341061 6.149003149914694 -2.043535603612458 0.0 0.0 0.0 0.9037516798137885 0.4280571237974618
1629013255.573482752 6.1495004802318975 -2.0433081004684666 0.0 0.0 0.0 0.9037516690909315 0.4280571464364955
1629013255.974318027 6.150474005581617 -2.0429927233567393 0.0 0.0 0.0 0.9037516943043918 0.4280570932036299
1629013256.074461937 6.1504690613491855 -2.0435236000522687 0.0 0.0 0.0 0.9037516913268078 0.4280570994901666
1629013256.074461937 6.1502419466828675 -2.0434518008405407 0.0 0.0 0.0 0.9037516865084684 0.42805710966306726
1629013256.174642801 6.149455863903063 -2.0430148144307156 0.0 0.0 0.0 0.9037516824448091 0.4280571182426207
1629013256.876011133 6.148736821093936 -2.0443394958141425 0.0 0.0 0.0 0.9037516749631604 0.4280571340385322
1629013257.076419830 6.149195925616573 -2.04484343198406 0.0 0.0 0.0 0.9037516539107143 0.4280571784862957
1629013257.276793480 6.149391512834436 -2.044706831890152 0.0 0.0 0.0 0.9037516220870502 0.4280572456751848
1629013258.078352928 6.150152301342335 -2.04462255147833 0.0 0.0 0.0 0.9037516328138979 0.42805722302773186
1629013258.579374075 6.1499638857089485 -2.0448492393154076 0.0 0.0 0.0 0.9037516373168171 0.4280572135207772
1629013258.779723406 6.150454931768792 -2.0449227655540203 0.0 0.0 0.0 0.9037516276454771 0.42805723393975126
1629013258.779723406 6.149083384548305 -2.045292949681989 0.0 0.0 0.0 0.9037516286592082 0.42805723179947397
1629013258.980110645 6.148542159118906 -2.044515424007578 0.0 0.0 0.0 0.9037516449488183 0.42805719740743176
1629013259.581286430 6.148174147404422 -2.0433013556348225 0.0 0.0 0.0 0.9037516495188337 0.4280571877588171
1629013260.082254410 6.147838557143387 -2.043781650182999 0.0 0.0 0.0 0.9037516504820537 0.4280571857251829
1629013260.182537079 6.148271432441431 -2.043932144516464 0.0 0.0 0.0 0.9037516402091449 0.4280572074142431
1629013260.182537079 6.149053307525776 -2.0443170510739517 0.0 0.0 0.0 0.9037516303065306 0.42805722832150384
1629013260.382846355 6.149458575704045 -2.043935238144992 0.0 0.0 0.0 0.9037516443181315 0.4280571987389928
1629013260.683427811 6.148566379320394 -2.043026060076373 0.0 0.0 0.0 0.9037516552571015 0.4280571756436855
1629013260.783623695 6.149551974389855 -2.0435720639211907 0.0 0.0 0.0 0.9037516604161155 0.42805716475152494
1629013260.783623695 6.1492447860926225 -2.0440215927056435 0.0 0.0 0.0 0.9037516565297531 0.4280571729567527
1629013260.984056950 6.1485510101889735 -2.0436138083587023 0.0 0.0 0.0 0.9037516622638423 0.42805716085044293
1629013261.184803009 6.149496475919236 -2.0435738925094316 0.0 0.0 0.0 0.9037516695035724 0.42805714556529195
1629013261.385650158 6.148703423825978 -2.043686663453551 0.0 0.0 0.0 0.9037516843775145 0.4280571141621238
1629013261.485024929 6.148483656420134 -2.044611130603333 0.0 0.0 0.0 0.9037516882477186 0.4280571059910098
1629013261.485024929 6.148465429456269 -2.0444777877683404 0.0 0.0 0.0 0.9037516852416302 0.428057112337727
1629013262.086208582 6.148834259531025 -2.045669318324303 0.0 0.0 0.0 0.9037516847437923 0.428057113388806
1629013262.186375856 6.149361231439054 -2.045425252114215 0.0 0.0 0.0 0.9037516853245388 0.42805711216268316
1629013262.286608219 6.149494080830979 -2.045970661703602 0.0 0.0 0.0 0.9037516864286144 0.428057109831662
1629013262.687365055 6.149045249960997 -2.044985902581165 0.0 0.0 0.0 0.9037516813815242 0.428057120487521
1629013262.787581205 6.149535966646751 -2.0455941955583192 0.0 0.0 0.0 0.903751683119939 0.42805711681722725
1629013262.887779713 6.148999093490122 -2.044992804298239 0.0 0.0 0.0 0.9037516938403769 0.42805709418329896
1629013263.088128090 6.148672101183753 -2.044764447789262 0.0 0.0 0.0 0.9037516738463157 0.42805713639651255
1629013263.088128090 6.148611774884063 -2.0453414212373318 0.0 0.0 0.0 0.9037516813757449 0.42805712049972267
1629013263.388790369 6.148738096586635 -2.0456306626062655 0.0 0.0 0.0 0.9037516790943885 0.428057125316322
1629013263.589112759 6.148506990429361 -2.044995488069414 0.0 0.0 0.0 0.9037516850417414 0.4280571127597497
1629013263.689300060 6.148778381152645 -2.0443306126549383 0.0 0.0 0.0 0.903751674359072 0.4280571353139367
1629013263.689300060 6.148368475389292 -2.0439894085607873 0.0 0.0 0.0 0.9037516725947345 0.42805713903896037
1629013264.691281557 6.147999919463537 -2.0438820047318624 0.0 0.0 0.0 0.9037516790409366 0.4280571254291744
1629013265.292447567 6.148691939674497 -2.0443367373835812 0.0 0.0 0.0 0.9037516670990072 0.4280571506420202
1629013265.893932343 6.147592503522688 -2.044251629513486 0.0 0.0 0.0 0.9037516768026723 0.4280571301547939
1629013266.795362473 6.147536867279989 -2.045221704732532 0.0 0.0 0.0 0.9037516722400855 0.42805713978772636
1629013266.996018648 6.1464401860243525 -2.045007992100109 0.0 0.0 0.0 0.9037516837244096 0.42805711554101605
1629013267.296465397 6.144795060467509 -2.0448309383851604 0.0 0.0 0.0 0.9037517153888763 0.4280570486882134
1629013267.396602631 6.146468130770099 -2.0454827781792715 0.0 0.0 0.0 0.9037517013631776 0.4280570783005017
1629013267.396602631 6.146563482988711 -2.0465848077022115 0.0 0.0 0.0 0.9037517130245633 0.4280570536799591
1629013267.596940279 6.145129538503477 -2.0466671956447415 0.0 0.0 0.0 0.9037517112634545 0.42805705739816685
1629013268.498708248 6.145692404905032 -2.0475300212362346 0.0 0.0 0.0 0.903751693945654 0.4280570939610287
1629013269.099856377 6.144646661645553 -2.0476893646618777 0.0 0.0 0.0 0.9037516874420901 0.4280571076919232
1629013269.200072765 6.144167744661908 -2.047925394656978 0.0 0.0 0.0 0.9037516776992055 0.4280571282619545
1629013269.400448322 6.144466433712181 -2.0489354083535622 0.0 0.0 0.0 0.9037516736032094 0.42805713690978
1629013269.500660896 6.143487372949619 -2.0489414927137135 0.0 0.0 0.0 0.9037516623696212 0.4280571606271132
1629013269.600833416 6.144796223473159 -2.0480655230110965 0.0 0.0 0.0 0.9037516683275795 0.4280571480481512
1629013269.702066660 6.143191205117753 -2.0480131005670295 0.0 0.0 0.0 0.9037516682026132 0.4280571483119909
1629013269.801248312 6.142698118301862 -2.0477251834510968 0.0 0.0 0.0 0.9037516683611716 0.42805714797722844
1629013269.801248312 6.143034014552453 -2.047128324904605 0.0 0.0 0.0 0.9037516857022273 0.4280571113652739
1629013269.901425600 6.143629093831495 -2.048031856045474 0.0 0.0 0.0 0.9037516830547626 0.4280571169548333
1629013270.202024698 6.143329772145582 -2.0492089279434134 0.0 0.0 0.0 0.9037516830981995 0.42805711686312564
1629013270.302225113 6.1429791840500245 -2.04964325909512 0.0 0.0 0.0 0.9037516768373168 0.4280571300816493
1629013270.403551102 6.143270744855327 -2.0495474475729445 0.0 0.0 0.0 0.9037516682325151 0.4280571482488595
1629013270.602983952 6.143883461902927 -2.0497530510040067 0.0 0.0 0.0 0.903751671269127 0.4280571418376989
1629013270.702999592 6.143506885839576 -2.0494587900701116 0.0 0.0 0.0 0.9037516784407496 0.4280571266963419
1629013270.903461933 6.1429541566264545 -2.049233504918261 0.0 0.0 0.0 0.9037516656711657 0.428057153656604
1629013271.204852819 6.144205959935335 -2.04875045633359 0.0 0.0 0.0 0.9037516565933262 0.4280571728225314
1629013271.404375553 6.1440238234691416 -2.048733042391167 0.0 0.0 0.0 0.9037516534867156 0.4280571793814789
1629013271.805147171 6.143738272140239 -2.0484057788439642 0.0 0.0 0.0 0.903751653042125 0.42805718032013734
1629013271.905340433 6.1428565837187605 -2.0491863881240167 0.0 0.0 0.0 0.9037516620673655 0.4280571612652619
1629013270.903461933 6.634329836454016 0.2801146457998783 0.0 0.0 0.0 0.9997611624415804 0.02185447490697878
1629013271.204852819 6.405193496950948 0.3191170618468186 0.0 0.0 0.0 0.9962956740036742 0.08599377862127312
1629013271.404375553 6.256416019498252 0.3558317261330414 0.0 0.0 0.0 0.9915317446185261 0.1298645425577815
1629013271.805147171 5.976937541424691 0.4119880773069964 0.0 0.0 0.0 0.976498824976704 0.21552272460025257
1629013271.905340433 5.838426627876638 0.4748012733120648 0.0 0.0 0.0 0.9645478613928253 0.2639079822258642
1629013272.206001997 5.642638700023374 0.5433079664473106 0.0 0.0 0.0 0.9457172825892768 0.32499049434091776
1629013272.707123518 5.643889602761935 0.5444198117167429 0.0 0.0 0.0 0.9457172823142654 0.3249904951411963
1629013273.207884312 5.64349409677911 0.546070158706618 0.0 0.0 0.0 0.9457173004773934 0.3249904422867717
1629013273.408269882 5.644145506083941 0.546047101424721 0.0 0.0 0.0 0.945717302369068 0.3249904367820271
1629013273.809125662 5.644501081730673 0.5466970571145034 0.0 0.0 0.0 0.945717307894336 0.32499042070357986
1629013274.009464025 5.643790956008703 0.5464657861193828 0.0 0.0 0.0 0.9457173128886202 0.32499040617028657
1629013275.311985254 5.644424754534642 0.5462260232640701 0.0 0.0 0.0 0.9457173119939442 0.32499040877378044
1629013275.812977314 5.64513014760165 0.5473944123976568 0.0 0.0 0.0 0.9457172964268449 0.32499045407380706
1629013275.913190365 5.645750730874518 0.5485282271824565 0.0 0.0 0.0 0.9457172938998348 0.32499046142736776
1629013276.013378859 5.646259497912854 0.5484936971429777 0.0 0.0 0.0 0.9457173013155412 0.3249904398477744
1629013276.013378859 5.6472407258262445 0.5480324400181905 0.0 0.0 0.0 0.9457172937782282 0.3249904617812413
1629013276.313955784 5.646594403949743 0.5481141306009348 0.0 0.0 0.0 0.9457173119437805 0.32499040891975595
1629013276.514402390 5.647083444207501 0.5479076028747552 0.0 0.0 0.0 0.9457173078951403 0.3249904207012393
1629013276.514402390 5.647703541527709 0.5472131451519541 0.0 0.0 0.0 0.9457173030640732 0.3249904347595724
1629013276.614527225 5.647833869081718 0.5472931452816081 0.0 0.0 0.0 0.945717307990015 0.32499042042515514
1629013277.015316010 5.647847174284356 0.5460543146576109 0.0 0.0 0.0 0.9457172980718503 0.3249904492868661
1629013277.015316010 5.647898279277716 0.5468436736380834 0.0 0.0 0.0 0.9457172817122296 0.3249904968931115
1629013277.215725422 5.64781578969669 0.5465553941947934 0.0 0.0 0.0 0.945717284149482 0.3249904898007449
1629013277.215725422 5.648486375111881 0.5459448900301063 0.0 0.0 0.0 0.9457172735655335 0.3249905205998691
1629013277.416112423 5.64977055422833 0.5465327428627261 0.0 0.0 0.0 0.945717267347276 0.32499053869489947
1629013277.616681337 5.648901166329363 0.5475015368680811 0.0 0.0 0.0 0.9457172646540566 0.32499054653212484
1629013278.117462635 5.64864435542969 0.5475424776007138 0.0 0.0 0.0 0.9457172694813415 0.3249905324848029
1629013278.317893028 5.647642532530344 0.5459638631091529 0.0 0.0 0.0 0.9457172888424625 0.32499047614424365
1629013278.418324947 5.647606599994285 0.5454789404953414 0.0 0.0 0.0 0.9457172915028046 0.3249904684026892
1629013278.518271446 5.6476802785984015 0.543181608780663 0.0 0.0 0.0 0.9457172626306302 0.3249905524202629
1629013278.518271446 5.646966847430235 0.5434900598017309 0.0 0.0 0.0 0.9457172532311272 0.3249905797726636
1629013278.718654156 5.647892954498336 0.5433902094425949 0.0 0.0 0.0 0.9457172443284779 0.32499060567922566
1629013278.919036388 5.648648230099245 0.5439455499470818 0.0 0.0 0.0 0.9457172435826982 0.3249906078494325
1629013279.019241810 5.648521624930127 0.544891355645594 0.0 0.0 0.0 0.9457172459531692 0.3249906009514013
1629013279.019241810 5.649315936947413 0.5459365665003744 0.0 0.0 0.0 0.9457172497809085 0.32499058981274304
1629013279.822077751 5.64931453696158 0.5470803589593756 0.0 0.0 0.0 0.9457172506297471 0.3249905873426369
1629013280.021559715 5.649265401145994 0.5473001493243447 0.0 0.0 0.0 0.9457172455936411 0.32499060199762175
1629013280.021559715 5.649127838430966 0.5473766890483668 0.0 0.0 0.0 0.9457172219078787 0.3249906709227884
1629013280.822953224 4.175261117356486 -0.14564144494109024 0.0 0.0 0.0 0.6945057896444351 0.7194871146520692
1629013281.023141384 4.1746120503084985 -0.145090812516251 0.0 0.0 0.0 0.6945057685458165 0.7194871350181217
1629013281.323719501 4.174677308977346 -0.14441062466979615 0.0 0.0 0.0 0.6945057684444012 0.7194871351160157
1629013281.524127960 4.174908218964407 -0.14453491489093584 0.0 0.0 0.0 0.6945057762767574 0.7194871275556072
1629013281.724548578 4.174531506770703 -0.14358010636265478 0.0 0.0 0.0 0.6945057563942058 0.7194871467478152
1629013281.824714661 4.174975742181719 -0.1420801929170956 0.0 0.0 0.0 0.6945057241326827 0.719487177889181
1629013281.824714661 4.174289208180609 -0.14215831116000513 0.0 0.0 0.0 0.6945057265176533 0.7194871755870195
1629013282.125304222 4.173726403925094 -0.14206850757759582 0.0 0.0 0.0 0.6945057601281379 0.7194871431435292
1629013282.225491524 4.173487353930794 -0.14164726853433438 0.0 0.0 0.0 0.694505750884977 0.7194871520657573
1629013282.225491524 4.1720457912125894 -0.1404414239029357 0.0 0.0 0.0 0.6945057364031364 0.7194871660447719
1629013282.526069880 4.172643211867992 -0.13971919335586977 0.0 0.0 0.0 0.694505733643768 0.7194871687083318
1629013283.027065277 4.172139845092398 -0.140424392741008 0.0 0.0 0.0 0.6945057175085526 0.7194871842833134
1629013283.127244234 4.173092703564513 -0.1407765277076165 0.0 0.0 0.0 0.694505714763987 0.7194871869325843
1629013283.227453947 4.172589740271741 -0.1405157976020649 0.0 0.0 0.0 0.6945057146382081 0.719487187053996
1629013283.227453947 4.173280458851862 -0.14066732295724635 0.0 0.0 0.0 0.6945057581662951 0.7194871450372547
1629013283.728429317 4.172753940403939 -0.14194654345689475 0.0 0.0 0.0 0.6945057824366099 0.7194871216096312
1629013283.928811550 4.172673254267517 -0.14090700310543905 0.0 0.0 0.0 0.6945057874878073 0.7194871167338166
1629013284.029018402 4.171694458182239 -0.14105829054380048 0.0 0.0 0.0 0.6945058127245819 0.7194870923732878
1629013284.129204512 4.172168377592357 -0.1407255804350602 0.0 0.0 0.0 0.6945058209615101 0.7194870844223535
1629013284.129204512 4.170879800496305 -0.14103405050384202 0.0 0.0 0.0 0.6945058076833406 0.7194870972394923
1629013285.031048775 4.170369902996518 -0.14127034792172372 0.0 0.0 0.0 0.6945057930862754 0.7194871113297331
1629013285.131157875 4.169396842848515 -0.14079934943324376 0.0 0.0 0.0 0.6945057920449416 0.7194871123349107
1629013285.131157875 4.169319332279953 -0.13975290435007362 0.0 0.0 0.0 0.6945057932225647 0.7194871111981759
1629013285.331543922 4.170315105540963 -0.13954141905710696 0.0 0.0 0.0 0.6945057962195801 0.7194871083052198
1629013285.331543922 4.171902432544315 -0.1385412355849965 0.0 0.0 0.0 0.6945057645562674 0.7194871388691493
1629013285.632148743 4.173435679051252 -0.13839133639430842 0.0 0.0 0.0 0.6945057741229492 0.7194871296346328
1629013285.732345343 4.173865607609648 -0.13865193128623005 0.0 0.0 0.0 0.6945057953553359 0.7194871091394566
1629013285.932733774 4.174285790133674 -0.1383063482080046 0.0 0.0 0.0 0.6945057711134802 0.7194871325396098
1629013285.932733774 4.17386530569477 -0.13853099346158498 0.0 0.0 0.0 0.6945057860974074 0.7194871180759403
1629013286.233335018 4.173620965396315 -0.13926444306643634 0.0 0.0 0.0 0.6945058078346211 0.7194870970934645
1629013287.335497141 4.173873691785853 -0.13870409002713002 0.0 0.0 0.0 0.6945057807350938 0.7194871232520689
1629013288.238262653 4.173229248500291 -0.138220595397147 0.0 0.0 0.0 0.6945057670632101 0.7194871364492503
1629013289.139037371 4.17462252040609 -0.1389395502645107 0.0 0.0 0.0 0.6945057641322598 0.7194871392784348
1629013289.239264727 4.174385637590669 -0.1400142788768937 0.0 0.0 0.0 0.6945058176795931 0.7194870875903193
1629013289.339389801 4.174740038305874 -0.13965236892601085 0.0 0.0 0.0 0.6945058132212921 0.7194870918938239
1629013289.539778709 4.174611258930321 -0.13954497105760763 0.0 0.0 0.0 0.694505797836687 0.7194871067442605
1629013289.539778709 4.175940897056523 -0.1405540461950034 0.0 0.0 0.0 0.6945057911460389 0.7194871132026025
1629013289.740151167 4.175910191084822 -0.1405674846592424 0.0 0.0 0.0 0.6945057945124113 0.7194871099531139
1629013289.940553188 4.176252483343992 -0.14056197569502965 0.0 0.0 0.0 0.6945057933042632 0.719487111119314
1629013290.241132259 4.176233083106491 -0.14156595825216756 0.0 0.0 0.0 0.6945058206233273 0.7194870847487943
1629013290.642004013 4.177163990362158 -0.1410477660801869 0.0 0.0 0.0 0.6945058060402904 0.7194870988254942
1629013290.942499161 4.176137476716929 -0.1406488352731485 0.0 0.0 0.0 0.6945058037212041 0.7194871010640597
1629013291.042703152 4.176795467845561 -0.14036124726354587 0.0 0.0 0.0 0.6945057913077464 0.7194871130465097
1629013291.042703152 4.177453058232367 -0.1402334055982537 0.0 0.0 0.0 0.6945057952429314 0.7194871092479583
1629013291.643872261 4.177729072293822 -0.14096377426049847 0.0 0.0 0.0 0.6945057904615562 0.7194871138633192
1629013291.944457531 4.176851146479688 -0.14070264847164088 0.0 0.0 0.0 0.6945057717188995 0.7194871319552115
1629013292.144999266 4.176908729267706 -0.14169533076559662 0.0 0.0 0.0 0.6945057559170031 0.7194871472084488
1629013292.345243454 4.1760454646060925 -0.14183505444914304 0.0 0.0 0.0 0.6945057510971911 0.7194871518609115
1629013292.445479393 4.175746350467784 -0.141532223245275 0.0 0.0 0.0 0.6945057373249097 0.7194871651550037
1629013292.445479393 4.176301379091299 -0.14229430738017027 0.0 0.0 0.0 0.6945057474943286 0.7194871553386787
1629013293.047432423 4.176870944782646 -0.14378162255801227 0.0 0.0 0.0 0.6945057135342356 0.7194871881196372
1629013293.247035027 4.177896496957766 -0.14394482905959696 0.0 0.0 0.0 0.6945057104293786 0.7194871911166898
1629013293.848223686 4.17900917657396 -0.14349320795610973 0.0 0.0 0.0 0.694505678266813 0.7194872221625302
1629013294.248976707 4.179241703955536 -0.14230612386383784 0.0 0.0 0.0 0.6945056665806976 0.7194872334428881
1629013294.449362993 4.179511974203761 -0.14222021929567474 0.0 0.0 0.0 0.6945056937883299 0.7194872071799404
1629013294.549557686 4.179548957088058 -0.14243792230383082 0.0 0.0 0.0 0.6945056752767196 0.7194872250488036
1629013295.150742054 4.180854161020412 -0.14207358365197265 0.0 0.0 0.0 0.6945056698718928 0.7194872302659676
1629013295.250942469 4.18038990025763 -0.14225518589818237 0.0 0.0 0.0 0.6945056821726454 0.7194872183923133
1629013295.351131916 4.179249539823292 -0.14235673987357778 0.0 0.0 0.0 0.6945056973670111 0.7194872037255157
1629013295.351131916 4.178871771388973 -0.14270775315898712 0.0 0.0 0.0 0.6945056690603005 0.7194872310493803
1629013295.651784420 4.179577496835386 -0.14296648320424413 0.0 0.0 0.0 0.6945056855508499 0.7194872151314046
1629013296.152692318 4.178764947990944 -0.14419295762225248 0.0 0.0 0.0 0.6945057051426635 0.7194871962198437
1629013296.252875090 4.1798582123169155 -0.14559618150157394 0.0 0.0 0.0 0.6945056965183347 0.7194872045447248
1629013296.453254938 4.179221707593228 -0.14528887911587485 0.0 0.0 0.0 0.6945057200757992 0.7194871818052045
1629013296.753854752 4.179148320662741 -0.14505744744631704 0.0 0.0 0.0 0.6945057164187468 0.7194871853352798
1629013297.054462671 4.17999726511906 -0.14426696409486453 0.0 0.0 0.0 0.694505720565134 0.7194871813328602
1629013297.154661655 4.180154360917942 -0.14396646111117112 0.0 0.0 0.0 0.69450571753222 0.7194871842604678
1629013297.254834890 4.179711983987264 -0.14286635337099016 0.0 0.0 0.0 0.6945057273964652 0.7194871747387209
1629013297.254834890 4.179974052042636 -0.1425780115539577 0.0 0.0 0.0 0.6945057069487213 0.7194871944764945
1629013297.555447102 4.180549874020045 -0.14372123683996216 0.0 0.0 0.0 0.6945056906988197 0.7194872101621789
1629013297.755830765 4.179955373319923 -0.14237490644984743 0.0 0.0 0.0 0.6945057081147876 0.7194871933509154
1629013297.856037855 4.179802330581905 -0.14164995308060227 0.0 0.0 0.0 0.694505706896057 0.7194871945273302
1629013297.956216335 4.180948649817412 -0.1410733998949573 0.0 0.0 0.0 0.6945056586989166 0.7194872410510029
1629013298.056957483 4.181880429499478 -0.14248562913733417 0.0 0.0 0.0 0.6945056663078912 0.7194872337062223
1629013298.156583786 4.181971899821206 -0.14207519639788715 0.0 0.0 0.0 0.6945056637781427 0.7194872361481345
1629013298.356981039 4.180989060468678 -0.14117933129151589 0.0 0.0 0.0 0.6945056533524672 0.7194872462118163
1629013298.356981039 4.181644207176903 -0.14106024899893282 0.0 0.0 0.0 0.6945056577875224 0.7194872419307522
1629013298.557417154 4.181329124238687 -0.14119431184336573 0.0 0.0 0.0 0.6945056837333287 0.7194872168858191
1629013298.958150387 4.181363125652181 -0.14123492228960335 0.0 0.0 0.0 0.6945057182768989 0.719487183541645
1629013299.158659935 4.181789300077607 -0.1411160710154015 0.0 0.0 0.0 0.6945057187096018 0.7194871831239661
1629013299.358932257 4.181460855275272 -0.14107979666969012 0.0 0.0 0.0 0.6945057738977396 0.719487129852023
1629013299.358932257 4.182813628731809 -0.14066644183933563 0.0 0.0 0.0 0.6945057731175466 0.7194871306051269
1629013299.759720087 4.180930251522528 -0.1400961335485833 0.0 0.0 0.0 0.6945057464352646 0.7194871563609707
1629013300.060306549 4.180478532274005 -0.13927646436296945 0.0 0.0 0.0 0.6945058004312298 0.7194871042398028
1629013300.160758972 4.180420320462586 -0.13909821229319044 0.0 0.0 0.0 0.6945058206682049 0.7194870847054748
1629013300.160758972 4.180473141698579 -0.1387259735032338 0.0 0.0 0.0 0.6945058248396958 0.7194870806788219
1629013300.361333370 4.180848131133963 -0.13835018525543297 0.0 0.0 0.0 0.694505858787229 0.719487047909977
1629013300.461078167 4.181421845747838 -0.13888979644176475 0.0 0.0 0.0 0.694505846473103 0.7194870597965461
1629013300.962058544 4.180182537745885 -0.13745716646021675 0.0 0.0 0.0 0.6945058678971104 0.7194870391163981
1629013301.362841129 4.179680443503466 -0.13778182967385907 0.0 0.0 0.0 0.694505887410396 0.7194870202806292
1629013301.863822460 4.179626218388055 -0.1394018612312116 0.0 0.0 0.0 0.6945059049873656 0.7194870033139447
1629013302.164443970 4.179095912658422 -0.13906880832136667 0.0 0.0 0.0 0.6945059331333115 0.7194869761452448
1629013302.665424824 4.179730005874062 -0.139328126465577 0.0 0.0 0.0 0.6945059439120268 0.7194869657407733
1629013302.865775824 4.181169462389376 -0.13893957756968914 0.0 0.0 0.0 0.6945059101812091 0.7194869983004352
1629013303.867745638 4.182055116294372 -0.13907462205179286 0.0 0.0 0.0 0.6945059064429943 0.7194870019088565
1629013304.068133831 4.18269485560772 -0.1392246808870507 0.0 0.0 0.0 0.6945058938899236 0.7194870140260756
1629013304.168321133 4.183203647377473 -0.13883532577711463 0.0 0.0 0.0 0.6945058614767434 0.7194870453138447
1629013304.168321133 4.183295105010387 -0.13986433170219947 0.0 0.0 0.0 0.6945058840681096 0.7194870235068687
1629013304.370109081 4.183425759064491 -0.1397090382880451 0.0 0.0 0.0 0.6945058837723229 0.7194870237923855
1629013304.769490957 4.182713453240005 -0.1407173248702645 0.0 0.0 0.0 0.6945059014104845 0.7194870067666339
1629013305.271343708 4.182335153538936 -0.14025144245525936 0.0 0.0 0.0 0.6945059120381062 0.7194869965080107
1629013305.470873833 4.181588080172856 -0.14128393818649904 0.0 0.0 0.0 0.6945059305544115 0.7194869786346039
1629013305.571066380 4.1804611699522685 -0.14161973070832756 0.0 0.0 0.0 0.6945059399945264 0.7194869695222558
1629013305.571066380 4.180566375051734 -0.14268676212773593 0.0 0.0 0.0 0.694505920019456 0.7194869888037788
1629013306.072058678 4.180174343321551 -0.14275223103774312 0.0 0.0 0.0 0.6945059389312458 0.7194869705486185
1629013306.172584057 4.178508025619139 -0.14200137692752535 0.0 0.0 0.0 0.6945059341145093 0.7194869751981149
1629013306.272438526 4.1783440135444225 -0.14268014329130868 0.0 0.0 0.0 0.6945059489390988 0.7194869608882443
1629013306.272438526 4.178505019184027 -0.14181322080965872 0.0 0.0 0.0 0.6945059270224861 0.7194869820438985
1629013306.575726032 4.177879374177116 -0.1411240408498196 0.0 0.0 0.0 0.6945059547125183 0.7194869553152813
1629013307.374596596 4.17885502160343 -0.1414685662039917 0.0 0.0 0.0 0.6945059273364225 0.7194869817408623
1629013307.975763083 4.178767631453392 -0.14183064101016438 0.0 0.0 0.0 0.6945059640451194 0.7194869463067133
1629013308.075963020 4.1782972271003835 -0.1416015089913798 0.0 0.0 0.0 0.6945059516165456 0.71948695830376
1629013308.075963020 4.177756953342633 -0.14111896561773699 0.0 0.0 0.0 0.6945059437379759 0.719486965908781
1629013308.476742268 4.177132746730416 -0.1410804854264218 0.0 0.0 0.0 0.6945059685046309 0.7194869420020384
1629013308.577086210 4.176970099457567 -0.14023819390448541 0.0 0.0 0.0 0.6945059545324224 0.7194869554891241
1629013308.577086210 4.176537446611373 -0.14167484396679783 0.0 0.0 0.0 0.6945059670424385 0.7194869434134628
1629013308.777350664 4.176161184448666 -0.1412258864302132 0.0 0.0 0.0 0.6945059786676963 0.71948693219184
