1629013127.723922968 9.13744843106091e-05 -0.0004640250636285129 0.0 0.0 0.0 -1.0616652401126203e-08 0.9999999999999999
1629013128.224887848 -0.0006423529051893591 -0.0006591261147153365 0.0 0.0 0.0 -8.984720201540195e-09 1.0
1629013128.525490284 0.0008471941902024328 0.001736046137060646 0.0 0.0 0.0 0.00012231694091632407 0.999999992519283
1629013128.625700474 0.0011124990979000074 -0.00025735328408668494 0.0 0.0 0.0 0.0008128232206040315 0.9999996696591514
1629013128.926275730 0.00028781401253437074 2.5005969551298766e-05 0.0 0.0 0.0 0.0008128189534794493 0.9999996696626199
1629013129.727863789 0.001514709475187628 9.620802021903883e-05 0.0 0.0 0.0 0.0008128210702858067 0.9999996696608993
1629013130.128615141 0.0017701290713252227 0.001190080013624738 0.0 0.0 0.0 0.0008128253528542299 0.9999996696574183
1629013130.729794502 0.00047326933732712707 0.0013985333424545244 0.0 0.0 0.0 0.0008128715415010027 0.999999669619874
1629013130.729794502 0.0011973105397106638 -0.0009201671846836159 0.0 0.0 0.0 0.0014295956732427598 0.9999989781275834
1629013131.230769873 0.0008706327044987563 -0.0016775698509859248 0.0 0.0 0.0 0.0014296023685823327 0.9999989781180117
1629013131.731744289 7.01800916868469e-05 -0.0002891838162805845 0.0 0.0 0.0 0.0014295601509675454 0.9999989781783654
1629013132.533311367 -0.00024849561140981806 0.0015153691207587347 0.0 0.0 0.0 0.0014295449579054893 0.9999989782000847
1629013133.134488583 0.0006728606137004473 -0.001730371359490499 0.0 0.0 0.0 0.0014296225291218854 0.9999989780891899
1629013133.635461807 0.0006789750269918038 -0.0017019873856147305 0.0 0.0 0.0 0.0014295680752521864 0.9999989781670371
1629013135.038238049 -0.0003200307083518479 -0.001241932179040187 0.0 0.0 0.0 0.0014295921473722881 0.999998978132624
1629013135.639563084 -0.0002162776066152205 -0.001983603116282846 0.0 0.0 0.0 0.0014296145002838092 0.9999989781006682
1629013136.140389442 -0.0007964118450084611 -0.0020133741848106083 0.0 0.0 0.0 0.0014296382846017402 0.9999989780666654
1629013136.240868092 0.00045704762271964113 -0.0019870316948600274 0.0 0.0 0.0 0.0014295487645610428 0.9999989781946428
1629013136.240868092 0.19056025644326965 -0.1381738401972139 0.0 0.0 0.0 -0.07963657433436026 0.9968239644131194
1629013136.340748310 0.19006678683006895 -0.14161967505359407 0.0 0.0 0.0 -0.084466311889409 0.9964263355390609
1629013137.242624760 0.18998944483613597 -0.142615630774239 0.0 0.0 0.0 -0.08446630167275593 0.9964263364051188
1629013138.044185638 0.19181788540184624 -0.14267068629343105 0.0 0.0 0.0 -0.08446634601882157 0.9964263326459356
1629013138.545035839 0.19168241196546634 -0.14215150712042487 0.0 0.0 0.0 -0.0844663737956568 0.9964263302913128
1629013139.446808338 0.1909851525127478 -0.14175437872856234 0.0 0.0 0.0 -0.08446639472346622 0.9964263285172766
1629013140.047982454 0.19118084784045983 -0.14338699395355256 0.0 0.0 0.0 -0.08446642496500793 0.9964263259537208
1629013140.248363495 0.19201171042230072 -0.14368741869397653 0.0 0.0 0.0 -0.08446637759802529 0.9964263299689886
1629013140.649135590 0.19111013405162575 -0.14451905589136102 0.0 0.0 0.0 -0.0844663938849674 0.9964263285883556
1629013141.250308990 0.188697351593466 -0.13807316102103467 0.0 0.0 0.0 -0.08446637069739218 0.9964263305539506
1629013141.751293659 0.1988838457219361 -0.14320269438999175 0.0 0.0 0.0 -0.08446613553150893 0.9964263504887718
1629013142.853490353 0.19736284062118142 -0.1424546617674916 0.0 0.0 0.0 -0.08446616138715288 0.9964263482970126
1629013143.354449272 0.1974030031245057 -0.14200073743116745 0.0 0.0 0.0 -0.08446619364973444 0.9964263455621422
1629013144.055785656 0.19833678818222475 -0.14071265808523944 0.0 0.0 0.0 -0.08446634741590915 0.9964263325275055
1629013144.656959772 0.19763354352630552 -0.14331373224768645 0.0 0.0 0.0 -0.08446586089945014 0.9964263737690381
1629013145.157940865 0.19883353428804965 -0.13918274047138776 0.0 0.0 0.0 -0.08446643892771362 0.9964263247701111
1629013145.658915520 0.19759876901455917 -0.1439558230442724 0.0 0.0 0.0 -0.08446615769988815 0.9964263486095787
1629013146.260293722 0.1994079540758729 -0.1417496234924414 0.0 0.0 0.0 -0.08446642247242968 0.996426326165015
1629013146.360308409 0.1993364029027629 -0.14200377450472856 0.0 0.0 0.0 -0.08446599386377207 0.996426362497804
1629013146.761072397 0.19902746807951424 -0.1435037669977043 0.0 0.0 0.0 -0.08446629100175905 0.996426337309691
1629013146.861275196 0.19825968038290917 -0.14352434392633473 0.0 0.0 0.0 -0.08446638512563331 0.9964263293308784
1629013146.961471319 0.19906989910593767 -0.14211152657020337 0.0 0.0 0.0 -0.08446647961401989 0.9964263213211574
1629013147.363122463 0.1984847664808355 -0.14217824759698347 0.0 0.0 0.0 -0.08446595250235968 0.9964263660039657
1629013147.662840843 0.1977543014988908 -0.14257774995870415 0.0 0.0 0.0 -0.08446647143526353 0.9964263220144658
1629013147.963420868 0.19715659370832572 -0.14246301524466712 0.0 0.0 0.0 -0.08446647447771308 0.9964263217565591
1629013148.464430809 0.19896525061550857 -0.14252368774817448 0.0 0.0 0.0 -0.08446615998804108 0.9964263484156141
1629013148.564584255 0.19772241306926783 -0.14312434799041768 0.0 0.0 0.0 -0.08446648549799231 0.9964263208223765
1629013148.967636585 0.19927760740911923 -0.14240796650715104 0.0 0.0 0.0 -0.08446643491556279 0.9964263251102186
1629013149.566569805 0.19945690900430654 -0.14348741813617993 0.0 0.0 0.0 -0.08446643746440058 0.9964263248941552
1629013150.267954588 0.1988874610635686 -0.13989220047098444 0.0 0.0 0.0 -0.08446649737269944 0.9964263198157642
1629013150.368111134 0.19871372028908313 -0.140976141535625 0.0 0.0 0.0 -0.08446635580551907 0.9964263318163242
1629013150.468353271 0.1981622311912518 -0.14269358925408362 0.0 0.0 0.0 -0.08446628770207994 0.9964263375894022
1629013150.571737289 0.19908842471700183 -0.14147410231748733 0.0 0.0 0.0 -0.08446631150295932 0.9964263355718199
1629013150.668736935 0.19899498587994888 -0.1396549113003703 0.0 0.0 0.0 -0.0844663377597915 0.9964263333460476
1629013150.768898010 0.1985866325971641 -0.14019632009335467 0.0 0.0 0.0 -0.08446595144651628 0.9964263660934685
1629013150.869095564 0.19853806591321968 -0.14127091069273437 0.0 0.0 0.0 -0.08446587751282303 0.9964263723607424
1629013151.470263958 0.1993167645719179 -0.14063386886866655 0.0 0.0 0.0 -0.0844658242778158 0.9964263768734091
1629013151.570468903 0.20033292160068314 -0.14025787117799834 0.0 0.0 0.0 -0.0844658101049873 0.996426378074822
1629013151.971232891 0.20085912494115116 -0.1412749283903861 0.0 0.0 0.0 -0.08446586000583364 0.9964263738447888
1629013152.171621323 0.20084450648557173 -0.14191854700841544 0.0 0.0 0.0 -0.08446585284390316 0.996426374451897
1629013152.672604084 0.2012847349532801 -0.14289935450383903 0.0 0.0 0.0 -0.08446585407319115 0.9964263743476918
1629013152.772806168 0.2020557729777188 -0.14285010163374615 0.0 0.0 0.0 -0.08446581210669553 0.9964263779051398
1629013152.171621323 3.6300561220984293 -0.5653339905444685 0.0 0.0 0.0 0.2858384945780025 0.958277806806242
1629013152.672604084 3.6463832209101157 -0.4683666613409473 0.0 0.0 0.0 0.3408373878091217 0.9401222660225926
1629013152.872993946 3.646193970001795 -0.4669940430005025 0.0 0.0 0.0 0.3408374857833594 0.9401222305024375
1629013153.073383331 3.646111687694965 -0.46795244367531685 0.0 0.0 0.0 0.3408374908513538 0.9401222286650568
1629013153.574472904 3.646046968686102 -0.4677543764792394 0.0 0.0 0.0 0.3408374998892799 0.9401222253883934
1629013153.975163460 3.6461030445151175 -0.4673805026889828 0.0 0.0 0.0 0.34083747216007637 0.9401222354415032
1629013154.278061152 3.6459107003234834 -0.4678933865723994 0.0 0.0 0.0 0.3408374369695613 0.9401222481996798
1629013154.878062725 3.6458665338880616 -0.46822071168796375 0.0 0.0 0.0 0.3408374450864138 0.9401222452569484
1629013155.578306198 3.646114404545974 -0.4678000929174499 0.0 0.0 0.0 0.340837437601425 0.9401222479706002
1629013156.079273701 3.6457155184692622 -0.4678819492128261 0.0 0.0 0.0 0.3408374278418971 0.9401222515088767
1629013156.581030369 3.645644178024568 -0.46793363036017477 0.0 0.0 0.0 0.3408374601448543 0.9401222397975727
1629013157.181401730 3.646143354796596 -0.4673756889821734 0.0 0.0 0.0 0.34083742569519054 0.9401222522871563
1629013157.686052322 3.6458828853355705 -0.4660317721641049 0.0 0.0 0.0 0.3408373585061967 0.9401222766462447
1629013158.684444427 3.645343882085643 -0.46537902456386293 0.0 0.0 0.0 0.34083732869611155 0.9401222874537646
1629013159.485904694 3.645509344947589 -0.46616932569636904 0.0 0.0 0.0 0.3408373007937476 0.9401222975696473
1629013159.686296701 3.6454794780878914 -0.46529096843343876 0.0 0.0 0.0 0.34083727868207203 0.94012230558614
1629013159.886710405 3.6442377470685847 -0.46597988132361623 0.0 0.0 0.0 0.3408373389606211 0.9401222837324104
1629013160.187287807 3.645675923928317 -0.4663020916033047 0.0 0.0 0.0 0.34083733152910783 0.9401222864266738
1629013160.287604094 3.6454606499835625 -0.4663160846784692 0.0 0.0 0.0 0.34083727676978626 0.9401223062794309
1629013160.490854502 3.9554517881864646 2.2808001883730924 0.0 0.0 0.0 0.9119935798941062 0.4102044736859077
1629013160.588062286 3.956530175174804 2.2806766036651065 0.0 0.0 0.0 0.9119935807988039 0.4102044716745243
1629013161.089177847 3.9560365601101983 2.2806057289833044 0.0 0.0 0.0 0.911993563101773 0.4102045110197258
1629013161.590049744 3.9553130752829735 2.2811291581686475 0.0 0.0 0.0 0.9119935597920384 0.41020451837814453
1629013161.990804672 4.170845148303248 1.639184656080063 0.0 0.0 0.0 0.9690132200860592 0.2470088648175338
1629013162.391571283 4.171994795569059 1.6383609928865135 0.0 0.0 0.0 0.9690132231294888 0.24700885287819044
1629013162.792377234 4.17191468166096 1.6386037649255614 0.0 0.0 0.0 0.96901321812657 0.2470088725045892
1629013162.992767334 4.173089939591443 1.6384439054213429 0.0 0.0 0.0 0.9690132176150908 0.24700887451111675
1629013162.792377234 4.318967274110963 1.516966732578877 0.0 0.0 0.0 0.9591550545082927 0.28288086080750313
1629013162.992767334 4.31476986253032 1.5312584379240473 0.0 0.0 0.0 0.9608859130415531 0.2769445109011926
1629013163.794341564 4.313979079445311 1.532585945958626 0.0 0.0 0.0 0.9608859089863739 0.2769445249710308
1629013164.297129869 4.313720626271321 1.5325919811654325 0.0 0.0 0.0 0.9608859141538024 0.2769445070421354
1629013164.395480871 4.313321937425882 1.5329672176610005 0.0 0.0 0.0 0.9608859064524524 0.2769445337627172
1629013164.395480871 4.313385153602292 1.5331304646184136 0.0 0.0 0.0 0.9608859059884919 0.27694453537247327
1629013164.796288013 4.314950008236288 1.5324754383972385 0.0 0.0 0.0 0.9608859098645857 0.27694452192398994
1629013165.197075605 4.315081302922758 1.5331314509075742 0.0 0.0 0.0 0.9608859131051177 0.27694451068064924
1629013165.597881317 4.315145478791376 1.534202688940136 0.0 0.0 0.0 0.9608859229254799 0.2769444766079452
1629013165.898430824 4.314633336928984 1.5331064816009417 0.0 0.0 0.0 0.9608859081012102 0.2769445280421923
1629013165.998615742 4.31427307139705 1.5322447502739576 0.0 0.0 0.0 0.9608859118913842 0.2769445148918157
1629013167.200989485 4.314135719095014 1.5315571553149023 0.0 0.0 0.0 0.9608859096648635 0.2769445226169454
1629013167.902340412 4.314475667564081 1.5317811377870874 0.0 0.0 0.0 0.9608859198337729 0.27694448733492455
1629013168.102773190 4.314112504673144 1.5313416260963595 0.0 0.0 0.0 0.9608859233113805 0.27694447526902555
1629013168.603710651 4.313535313292598 1.5302021590714723 0.0 0.0 0.0 0.9608859316000928 0.27694444651052624
1629013169.305072069 4.3115032048494175 1.5305682184793128 0.0 0.0 0.0 0.9608859262747903 0.27694446498718517
1629013169.806046009 4.312635022300943 1.5315725257312478 0.0 0.0 0.0 0.9608859346098505 0.27694443606787644
1629013170.307057381 4.312246919033332 1.5316729340908979 0.0 0.0 0.0 0.9608859420771703 0.2769444101592756
1629013171.009956837 4.312997698402713 1.530687750075358 0.0 0.0 0.0 0.9608859369081204 0.2769444280938029
1629013171.709802628 4.312525954456486 1.5301984905570647 0.0 0.0 0.0 0.9608859299905634 0.2769444520949463
1629013172.310935020 4.312080010047721 1.5299065310446023 0.0 0.0 0.0 0.9608859211453507 0.2769444827842774
1629013172.811977863 4.312469224339752 1.5297543460053262 0.0 0.0 0.0 0.9608859200861893 0.2769444864591411
1629013173.112493277 4.311958520363741 1.5303370366497937 0.0 0.0 0.0 0.9608859186723004 0.2769444913647666
1629013173.212690830 4.311830488889984 1.5310462382288093 0.0 0.0 0.0 0.9608859177024779 0.2769444947296605
1629013173.312892914 4.311971171816933 1.5300952582557887 0.0 0.0 0.0 0.9608859399757322 0.27694441745042186
1629013173.413134813 4.311528009566559 1.530970776775405 0.0 0.0 0.0 0.9608859357022864 0.2769444322775626
1629013174.114495277 4.311286920128496 1.5307000628975087 0.0 0.0 0.0 0.9608859263479262 0.2769444647334328
1629013174.314868450 4.311253888147245 1.5304887718358515 0.0 0.0 0.0 0.9608859336989213 0.27694443922843487
1629013174.415051937 4.31062935686669 1.5310616280443612 0.0 0.0 0.0 0.960885939738873 0.27694441827222815
1629013174.415051937 2.4547976827969116 0.08390741834717885 0.0 0.0 0.0 -0.9900911023187757 0.14042652566090028
1629013174.916043282 2.4539365172076537 0.0840755231173287 0.0 0.0 0.0 -0.9900911065640494 0.14042649572917565
1629013175.517198086 2.4557174914256423 0.08425813535039108 0.0 0.0 0.0 -0.9900911029107209 0.14042652148733265
1629013176.018274307 2.4563878938931447 0.08570328956698316 0.0 0.0 0.0 -0.9900910995200831 0.1404265453933582
1629013176.218912125 2.4558869252673543 0.08565501758188843 0.0 0.0 0.0 -0.9900910919057911 0.14042659907865818
1629013176.420287848 2.4563719244999307 0.08394002111862452 0.0 0.0 0.0 -0.9900910928301035 0.14042659256170598
1629013176.619600296 2.457805973304575 0.08397117055125551 0.0 0.0 0.0 -0.9900910905876695 0.14042660837219945
1629013176.820007801 2.4568672879733153 0.08418892286308624 0.0 0.0 0.0 -0.9900910923104418 0.14042659622563008
1629013177.621303797 2.456198301570828 0.0847382268022549 0.0 0.0 0.0 -0.9900910872485983 0.1404266319146355
1629013177.721537590 2.4558433335763254 0.08496063400526908 0.0 0.0 0.0 -0.9900910945722625 0.140426580278447
1629013177.921918392 2.4549739575061498 0.08555863889647634 0.0 0.0 0.0 -0.9900910995800077 0.140426544970854
1629013178.122301817 2.4560895063053376 0.08486743954544562 0.0 0.0 0.0 -0.990091111980923 0.14042645753695887
1629013178.523101568 2.455091136839616 0.08659110326378658 0.0 0.0 0.0 -0.9900911137342049 0.14042644517526556
1629013178.723504305 0.4196725189982997 0.39473481272604277 0.0 0.0 0.0 0.9925432325726162 0.121893114958563
1629013179.925849915 0.4194932428620785 0.3948249013258159 0.0 0.0 0.0 0.9925432364175829 0.12189308365001737
1629013180.627175808 0.41954514562114925 0.39534403118612405 0.0 0.0 0.0 0.992543237572927 0.12189307424235478
1629013180.828376532 0.4200905819951411 0.39651577989503234 0.0 0.0 0.0 0.992543228854965 0.12189314523040433
1629013181.328547478 0.4193513277005783 0.3977210011228313 0.0 0.0 0.0 0.9925432254914024 0.12189317261899121
1629013181.832266808 0.41852030851414734 0.3967496287878139 0.0 0.0 0.0 0.9925432281487303 0.12189315098108448
1629013182.531440973 0.41788077693984305 0.3966692327673498 0.0 0.0 0.0 0.9925432257771012 0.12189317029262318
1629013183.132084608 0.4162120411375917 0.39778110937390576 0.0 0.0 0.0 0.9925432255523156 0.12189317212299196
1629013183.634452820 0.4165462303223687 0.39762320332137746 0.0 0.0 0.0 0.9925432235454716 0.12189318846417903
1629013184.033816814 -1.2622269380211364 -1.2095727591482213 0.0 0.0 0.0 -0.9341935366100103 0.35676664103595984
1629013184.635001659 -1.2621353023165882 -1.2100312048720059 0.0 0.0 0.0 -0.9341935334530672 0.3567666493024158
1629013185.737141132 -1.2616378115455766 -1.2092586498616886 0.0 0.0 0.0 -0.9341935241158434 0.3567666737519371
1629013186.238120079 -1.2625973926202871 -1.2083986625777638 0.0 0.0 0.0 -0.9341935227420162 0.3567666773493037
1629013186.538707733 -1.2631801366782376 -1.2085017787228316 0.0 0.0 0.0 -0.9341935607524176 0.3567665778190539
1629013186.638895512 -1.2632275652215488 -1.2079519440692157 0.0 0.0 0.0 -0.9341935586179265 0.3567665834082204
1629013187.039713860 -1.2638951140453394 -1.2088178328168553 0.0 0.0 0.0 -0.9341935586280071 0.3567665833818244
1629013188.142455101 -1.2639159123967123 -1.2091747330685887 0.0 0.0 0.0 -0.9341935542689637 0.3567665947959827
1629013188.542624950 -1.262951759581152 -1.2095592258989274 0.0 0.0 0.0 -0.93419355196187 0.35676660083710876
1629013188.642812967 -1.2634641846617891 -1.209227608662396 0.0 0.0 0.0 -0.9341935685851449 0.3567665573090507
1629013189.150118589 -1.2635401298990419 -1.209236164445594 0.0 0.0 0.0 -0.9341935752540912 0.356766539846408
1629013189.243979216 -1.2637591571197524 -1.20948430559589 0.0 0.0 0.0 -0.9341936049823265 0.3567664620029815
1629013189.346075773 -1.2642890001960359 -1.2095872664600846 0.0 0.0 0.0 -0.9341935989401239 0.35676647782449944
1629013189.945374012 -1.2649145598002574 -1.2106126433552482 0.0 0.0 0.0 -0.9341935980871203 0.3567664800580904
1629013190.145747185 -1.2655993131898242 -1.2106166340405353 0.0 0.0 0.0 -0.9341936101041433 0.35676644859149503
1629013190.446377039 -1.264445830109295 -1.2094691966522761 0.0 0.0 0.0 -0.934193608329287 0.3567664532389595
1629013191.448290825 -1.2643044997531918 -1.2093660306830414 0.0 0.0 0.0 -0.934193617068132 0.3567664303562773
1629013191.949263096 -1.2641252332618418 -1.20809750836105 0.0 0.0 0.0 -0.9341936282003853 0.3567664012064481
1629013192.851044893 -1.264259288417645 -1.2085022955545481 0.0 0.0 0.0 -0.9341936265835169 0.3567664054402216
1629013193.354059696 -1.2643189752393493 -1.208569834536729 0.0 0.0 0.0 -0.9341936305737208 0.35676639499186363
1629013194.253760338 -1.264201233623953 -1.2085717792610136 0.0 0.0 0.0 -0.9341936312610221 0.35676639319216386
1629013194.854950905 -1.2645805254504292 -1.2082473289209346 0.0 0.0 0.0 -0.9341936277182041 0.35676640246904046
1629013195.957142353 -1.2638888731225708 -1.2086504694469071 0.0 0.0 0.0 -0.93419362175228 0.3567664180908258
1629013196.458153248 -1.2641193051486201 -1.2090804730049698 0.0 0.0 0.0 -0.9341936298958511 0.35676639676686717
1629013197.259631634 -1.264599739958404 -1.2084886310457184 0.0 0.0 0.0 -0.934193617625964 0.356766428895593
1629013197.760605812 -1.2644108928919169 -1.208997134869921 0.0 0.0 0.0 -0.9341936094673529 0.35676645025893206
1629013198.562168837 -1.2634706136111036 -1.2078561268417674 0.0 0.0 0.0 -0.9341936006649514 0.3567664733080356
1629013199.066054821 -1.2642950454614426 -1.2086348445374409 0.0 0.0 0.0 -0.934193597756171 0.356766480924682
1629013199.865200996 -1.2644380558981934 -1.209293949228975 0.0 0.0 0.0 -0.9341935813262425 0.3567665239464728
1629013200.767469406 -1.2631016535545263 -1.2107841401445283 0.0 0.0 0.0 -0.9341935728827876 0.35676654605566893
1629013201.467884541 -1.2638290022949745 -1.2113694924804015 0.0 0.0 0.0 -0.9341935439813048 0.3567666217342226
1629013202.074606419 -1.2636939892491614 -1.2120884036537605 0.0 0.0 0.0 -0.9341935533479697 0.3567665972076058
1629013202.670295238 -1.2635351736110783 -1.2123572387810964 0.0 0.0 0.0 -0.9341935467478465 0.3567666144900321
1629013203.171209335 -1.263824781784597 -1.2120343678955545 0.0 0.0 0.0 -0.9341935509835285 0.3567666033988965
1629013203.677692413 -1.263910505881997 -1.2131039611647283 0.0 0.0 0.0 -0.9341935472385244 0.35676661320519165
1629013204.573929071 -1.2640639082907954 -1.2137827897068998 0.0 0.0 0.0 -0.9341935573091248 0.35676658683531853
1629013205.475691319 -1.2644649922302627 -1.2144166326518815 0.0 0.0 0.0 -0.9341935682056425 0.35676655830277815
1629013205.878082752 -1.2656975544069715 -1.2156168663509546 0.0 0.0 0.0 -0.9341935798780123 0.35676652773866513
1629013206.076845169 -1.2650393497113912 -1.2157483874462953 0.0 0.0 0.0 -0.93419359663073 0.3567664838716509
1629013206.076845169 -1.2648507924982664 -1.215337096048901 0.0 0.0 0.0 -0.9341935924490923 0.3567664948212755
1629013206.377456665 -1.2652399218180017 -1.2139793631048923 0.0 0.0 0.0 -0.9341935864401533 0.35676651055569075
1629013206.477707386 -1.2650450516264782 -1.2154462998795157 0.0 0.0 0.0 -0.9341935868791943 0.35676650940606147
1629013207.078907251 -1.2639467535916478 -1.2159685880242959 0.0 0.0 0.0 -0.9341935856482249 0.35676651262935655
1629013207.078907251 -1.2637677919075123 -1.2157870589556536 0.0 0.0 0.0 -0.9341935823736098 0.35676652120394003
1629013207.580000401 -1.2642559564222808 -1.2155596675960565 0.0 0.0 0.0 -0.9341935890909004 0.3567665036147057
1629013208.080886364 -1.2642430795404915 -1.2155362754926244 0.0 0.0 0.0 -0.934193565234992 0.3567665660814292
1629013209.383306265 -1.2643366054755067 -1.2154396745228528 0.0 0.0 0.0 -0.9341935774004018 0.3567665342262914
1629013209.483502388 -1.2645612322606057 -1.2163403265940809 0.0 0.0 0.0 -0.9341935960737874 0.3567664853300061
1629013209.784077168 -1.2646832747186747 -1.2175011706298986 0.0 0.0 0.0 -0.9341935869939746 0.356766509105509
1629013209.986763000 -1.2656134351364934 -1.2184181892356656 0.0 0.0 0.0 -0.934193588779661 0.35676650442968677
1629013210.786072731 -1.2646595402615088 -1.21787484327475 0.0 0.0 0.0 -0.9341935785563087 0.35676653119954793
1629013211.487395525 -1.2650511709926073 -1.2179493679716147 0.0 0.0 0.0 -0.9341935630029087 0.3567665719261411
1629013212.089605808 -1.265905400828787 -1.2185292133366736 0.0 0.0 0.0 -0.9341935632875379 0.3567665711808394
1629013212.790127516 -1.265615185782626 -1.2186997619238418 0.0 0.0 0.0 -0.9341935695148138 0.35676655487471165
1629013213.491334200 -1.2646743890422791 -1.2188440958256674 0.0 0.0 0.0 -0.9341935744345665 0.3567665419923343
1629013213.691732168 -1.265590715451389 -1.2176174287920944 0.0 0.0 0.0 -0.9341935826182073 0.3567665205634615
1629013214.192687035 -1.2669616106154264 -1.2177577093236525 0.0 0.0 0.0 -0.9341935947279734 0.3567664888540221
1629013214.394271851 -1.267004766232758 -1.218418597215448 0.0 0.0 0.0 -0.9341935955091263 0.3567664868085719
1629013214.793873310 -1.267917294389073 -1.2175367457608546 0.0 0.0 0.0 -0.9341935885536853 0.35676650502140433
1629013214.192687035 4.1624516424169915 2.527393250175127 0.0 0.0 0.0 0.5282888726792374 0.8490647013056781
1629013214.394271851 4.175081790624267 2.59476327631111 0.0 0.0 0.0 0.5006044382380062 0.8656761498484351
1629013214.793873310 4.149797509677307 2.679810093050852 0.0 0.0 0.0 0.44741865309636136 0.8943246328159802
1629013215.094453812 4.139067166426131 2.7359020027747865 0.0 0.0 0.0 0.4040414893302008 0.9147406599139634
1629013215.595432520 4.13903232461174 2.7364512708983315 0.0 0.0 0.0 0.40404153945856797 0.9147406377722324
1629013215.695641518 4.1404306757401015 2.7361635422101287 0.0 0.0 0.0 0.40404153457925623 0.9147406399274276
1629013215.795802355 4.141039215937585 2.736423529834129 0.0 0.0 0.0 0.40404159829793285 0.914740611782844
1629013215.996199131 4.139967686336299 2.7366820065218347 0.0 0.0 0.0 0.40404161195337396 0.9147406057512256
1629013216.196589470 4.139353463675124 2.7367987397039273 0.0 0.0 0.0 0.4040415988984994 0.9147406115175734
1629013216.497184753 4.139554473632813 2.7358080874448083 0.0 0.0 0.0 0.4040416133862465 0.9147406051183248
1629013217.098364115 4.139107561359121 2.7358823309725606 0.0 0.0 0.0 0.40404158721408334 0.9147406166785884
1629013217.599331856 4.139234194624794 2.7349538616733824 0.0 0.0 0.0 0.4040415710224383 0.9147406238304495
1629013218.100379467 4.13777363394445 2.7341800812107975 0.0 0.0 0.0 0.4040415684225277 0.9147406249788318
1629013219.406359673 4.137246481707012 2.7342967548320347 0.0 0.0 0.0 0.40404159926378325 0.9147406113562273
1629013220.204417229 4.137292869010084 2.734632646717705 0.0 0.0 0.0 0.4040416237463299 0.914740600542268
1629013220.806005239 4.136378253117748 2.734254869078918 0.0 0.0 0.0 0.40404164567757644 0.9147405908552193
1629013221.106210232 4.136862108972679 2.7347301427257946 0.0 0.0 0.0 0.4040416296630199 0.9147405979288615
1629013221.607167244 4.1370110004691885 2.7337656792361114 0.0 0.0 0.0 0.4040416757520417 0.9147405775713036
1629013223.711259842 4.135812395163713 2.7334620074325615 0.0 0.0 0.0 0.40404168969161247 0.9147405714141834
1629013224.012077093 4.134811630447801 2.734396307868204 0.0 0.0 0.0 0.4040416600266256 0.9147405845172328
1629013224.012077093 4.135185848213082 2.7337967364284936 0.0 0.0 0.0 0.4040416307695215 0.9147405974401189
1629013224.212237358 4.134304421761337 2.735168421086227 0.0 0.0 0.0 0.4040416197861371 0.9147406022914882
1629013224.813429356 4.134433992775262 2.7352263765494707 0.0 0.0 0.0 0.404041658002302 0.9147405854113781
1629013225.014685154 4.134615353563239 2.7338906528083897 0.0 0.0 0.0 0.4040416605539957 0.914740584284293
1629013225.114006281 4.134173946072706 2.7338177135663515 0.0 0.0 0.0 0.40404166478133374 0.9147405824170743
1629013225.314388275 4.134361708610681 2.7334187427891297 0.0 0.0 0.0 0.40404166410364606 0.9147405827164096
1629013225.816148996 4.1354029453848105 2.7347266626540843 0.0 0.0 0.0 0.40404167273070335 0.9147405789058312
1629013225.915573120 4.136297833711461 2.734949122116959 0.0 0.0 0.0 0.4040416943674255 0.9147405693488728
1629013226.015756130 4.136948411191934 2.7347852735225118 0.0 0.0 0.0 0.40404169981829685 0.9147405669412182
1629013226.416540146 4.1373157257287545 2.736311097697921 0.0 0.0 0.0 0.40404173466794324 0.9147405515480984
1629013226.917517185 4.137128017172719 2.7370161350313946 0.0 0.0 0.0 0.404041743294298 0.9147405477378296
1629013226.015756130 4.9073987140537305 3.8257657331235433 0.0 0.0 0.0 -0.3203015561906762 0.9473156354150559
1629013226.416540146 4.726621756998338 3.858625396439497 0.0 0.0 0.0 -0.24396732099158958 0.9697834532967587
1629013226.618190289 4.594919367288977 3.9125864577199128 0.0 0.0 0.0 -0.20044699689941436 0.9797045480317044
1629013226.817325592 4.456801244837902 3.960426463836548 0.0 0.0 0.0 -0.15626465903171893 0.9877152202622478
1629013226.917517185 4.388975452534052 3.9712906432696067 0.0 0.0 0.0 -0.13374109568386905 0.991016306286268
1629013227.318311214 4.138448514061498 3.949717965984206 0.0 0.0 0.0 -0.05090830217969989 0.9987033317102634
1629013227.418504953 4.137527821405007 3.9493461063520874 0.0 0.0 0.0 -0.05090831434193056 0.9987033310903008
1629013228.220059395 4.137809842540364 3.9479278099554302 0.0 0.0 0.0 -0.05090832304884296 0.9987033306464711
1629013228.821250439 4.137219997508388 3.947244291983433 0.0 0.0 0.0 -0.05090833313610414 0.9987033301322787
1629013229.422421217 4.138361365315992 3.947505037939174 0.0 0.0 0.0 -0.05090839265281174 0.9987033270984468
1629013230.023580551 4.138579743830779 3.9477217614783044 0.0 0.0 0.0 -0.050908414437357385 0.9987033259879904
1629013230.424386501 4.1373856951360635 3.9473675562675896 0.0 0.0 0.0 -0.05090838118434482 0.9987033276830459
1629013230.624771357 4.138386234334821 3.9463236671268676 0.0 0.0 0.0 -0.05090834255623367 0.998703329652093
1629013230.724998474 4.139582678406802 3.946845196337855 0.0 0.0 0.0 -0.05090836295925387 0.9987033286120602
1629013231.225924015 4.138698237639684 3.94618398848735 0.0 0.0 0.0 -0.05090836847384947 0.9987033283309568
1629013231.726910353 4.139504667321519 3.9449282762502893 0.0 0.0 0.0 -0.050908352972106635 0.9987033291211497
1629013232.227927685 4.139547066156209 3.945386082855879 0.0 0.0 0.0 -0.05090834058318042 0.9987033297526683
1629013232.728875399 4.139859699017988 3.944834134620889 0.0 0.0 0.0 -0.050908343082798325 0.9987033296252517
1629013233.430244684 4.1391399033286085 3.945026808489498 0.0 0.0 0.0 -0.050908320494288825 0.998703330776688
1629013234.632601976 4.140391199741114 3.945826620524696 0.0 0.0 0.0 -0.050908318965535354 0.9987033308546154
1629013235.033603668 4.140587352944889 3.946477893742947 0.0 0.0 0.0 -0.050908311574450714 0.9987033312313716
1629013235.133549213 4.141499466844304 3.9462775398814336 0.0 0.0 0.0 -0.05090833030275286 0.9987033302767072
1629013235.133549213 4.142788344105024 3.9465017586985436 0.0 0.0 0.0 -0.050908350047332254 0.9987033292702384
1629013236.035361052 4.1428638423062125 3.9452397448146765 0.0 0.0 0.0 -0.05090835777675882 0.9987033288762351
1629013236.536616802 4.142313744437004 3.9446562389865494 0.0 0.0 0.0 -0.05090834933074687 0.998703329306766
1629013237.037281513 4.141544632002028 3.9438326854483265 0.0 0.0 0.0 -0.05090838900209786 0.99870332728454
1629013237.738643646 4.142643624798508 3.944193795641118 0.0 0.0 0.0 -0.050908424489601097 0.9987033254755822
1629013238.239623070 4.142094316245965 3.9447117606487034 0.0 0.0 0.0 -0.05090839854175984 0.9987033267982606
1629013238.941011429 4.141888023313084 3.9443593495788383 0.0 0.0 0.0 -0.05090842578592431 0.9987033254095027
1629013239.542208195 4.141932115222782 3.9448079643587945 0.0 0.0 0.0 -0.050908458555614655 0.9987033237390828
1629013239.942944527 4.141387079962814 3.9443163369799077 0.0 0.0 0.0 -0.05090847298757175 0.9987033230034201
1629013240.043147087 4.141650392906173 3.944702897655826 0.0 0.0 0.0 -0.05090848602743301 0.9987033223387187
1629013240.544137478 4.14148526222492 3.945425179697097 0.0 0.0 0.0 -0.05090847367949532 0.9987033229681496
1629013240.644346952 4.14250447125183 3.9450978361456825 0.0 0.0 0.0 -0.050908444862315536 0.9987033244370925
1629013241.045111418 4.141992119669284 3.9461167839624247 0.0 0.0 0.0 -0.05090838517499855 0.9987033274796244
1629013241.245482445 4.143577603472689 3.944839097424128 0.0 0.0 0.0 -0.05090837486846023 0.9987033280049948
1629013241.746649981 4.144177519923048 3.94525949695684 0.0 0.0 0.0 -0.05090836312649391 0.9987033286035353
1629013242.247446537 4.144031465347157 3.9443691443513087 0.0 0.0 0.0 -0.05090838561117886 0.9987033274573904
1629013242.347635746 4.145422017064013 3.944405985512418 0.0 0.0 0.0 -0.05090836022356333 0.9987033287515106
1629013242.347635746 4.145896519704191 3.944741530449491 0.0 0.0 0.0 -0.05090838053609717 0.99870332771609
1629013242.748418331 4.145865812451531 3.9448715341042426 0.0 0.0 0.0 -0.050908364551281574 0.9987033285309075
1629013242.948856115 4.146972634415334 3.945316903038475 0.0 0.0 0.0 -0.050908390026414 0.998703327232326
1629013243.049047709 4.14790054929099 3.945274502679142 0.0 0.0 0.0 -0.05090840386787889 0.9987033265267644
1629013243.049047709 4.147832376736475 3.9465344655340537 0.0 0.0 0.0 -0.05090843141019428 0.9987033251228082
1629013243.550235271 4.147256697249268 3.9460414899276652 0.0 0.0 0.0 -0.05090839256678978 0.9987033271028317
1629013243.750394821 4.14767398826905 3.94636120676098 0.0 0.0 0.0 -0.05090841327670678 0.9987033260471541
1629013243.850748301 4.147075094905508 3.9464501547403916 0.0 0.0 0.0 -0.05090842792489718 0.9987033253004696
1629013244.051008224 4.146436280317299 3.9482680779534465 0.0 0.0 0.0 -0.05090844819581302 0.998703324267169
1629013244.551958561 4.146632334141951 3.9485868098582375 0.0 0.0 0.0 -0.050908473496770516 0.9987033229774639
1629013244.752338409 4.147084889626123 3.9485033074032434 0.0 0.0 0.0 -0.05090852803728108 0.9987033201972833
1629013245.052947521 4.147828895250424 3.94819498783792 0.0 0.0 0.0 -0.05090853523334956 0.9987033198304663
1629013245.654092550 4.147562407580272 3.9473561509877118 0.0 0.0 0.0 -0.050908542828598725 0.9987033194433013
1629013246.255266666 4.148397299339145 3.9472093354839184 0.0 0.0 0.0 -0.05090855415619984 0.9987033188658808
1629013246.555862904 4.14827971537874 3.945563554227964 0.0 0.0 0.0 -0.050908545663602756 0.998703319298788
1629013246.956682920 4.1479130715449495 3.9455696312134725 0.0 0.0 0.0 -0.05090853374407522 0.9987033199063816
1629013247.557822704 4.148516345941042 3.94540853460707 0.0 0.0 0.0 -0.050908586268441934 0.99870331722897
1629013247.958601952 4.148782153815555 3.946574766370523 0.0 0.0 0.0 -0.050908598020508684 0.998703316629912
1629013248.259931803 4.149629752555968 3.9473015466214556 0.0 0.0 0.0 -0.05090860997919394 0.9987033160203216
1629013248.960558414 4.150273060043417 3.948124313654193 0.0 0.0 0.0 -0.05090861465762182 0.9987033157818401
1629013249.461553097 4.149855267830895 3.949019177001861 0.0 0.0 0.0 -0.050908614399635704 0.9987033157949908
1629013250.263106346 4.148844846136108 3.9490712577103255 0.0 0.0 0.0 -0.0509085631480381 0.998703318407525
1629013250.864261150 4.14940709916612 3.9501424242877055 0.0 0.0 0.0 -0.050908534436466826 0.9987033198710872
1629013251.365235329 4.149175452515011 3.9499735338166464 0.0 0.0 0.0 -0.0509085206549118 0.9987033205735968
1629013252.166831970 4.148452335201131 3.9508276507698565 0.0 0.0 0.0 -0.05090850446196227 0.9987033213990261
1629013252.667804718 4.148946426200166 3.9508418012094744 0.0 0.0 0.0 -0.050908467002740904 0.9987033233084943
1629013253.168779850 4.149281243602669 3.9505464565518036 0.0 0.0 0.0 -0.05090844707228714 0.9987033243244403
1629013253.769940376 4.149519177765349 3.951375035036511 0.0 0.0 0.0 -0.050908458992543544 0.9987033237168106
1629013254.771917343 4.149639449997381 3.9509194340074796 0.0 0.0 0.0 -0.050908478596956235 0.9987033227174841
1629013254.972341061 4.148855269578425 3.950263677152835 0.0 0.0 0.0 -0.05090843559457927 0.9987033249095112
1629013255.573482752 4.148170454806786 3.950830918472682 0.0 0.0 0.0 -0.050908460077369655 0.998703323661512
1629013256.074461937 4.148120985459188 3.9507941565262095 0.0 0.0 0.0 -0.05090851282340518 0.9987033209728048
1629013256.876011133 4.148005018939404 3.9505031516528044 0.0 0.0 0.0 -0.050908528311960806 0.9987033201832816
1629013257.076419830 4.148404463695913 3.9505221440825085 0.0 0.0 0.0 -0.05090855166887077 0.9987033189926716
1629013258.078352928 4.148893680878455 3.951431627628323 0.0 0.0 0.0 -0.05090850932739229 0.9987033211510127
1629013258.579374075 4.1480582145733065 3.9516570402149847 0.0 0.0 0.0 -0.0509085124424894 0.9987033209922218
1629013259.581286430 4.148650344582303 3.9514549187406365 0.0 0.0 0.0 -0.05090849452249431 0.9987033219056864
1629013260.082254410 4.148908473458303 3.951354667268778 0.0 0.0 0.0 -0.050908464470824935 0.9987033234375576
1629013260.683427811 4.1485868238268315 3.9515605004979326 0.0 0.0 0.0 -0.050908434210251964 0.9987033249800765
1629013261.184803009 4.14826752658446 3.9511422104669007 0.0 0.0 0.0 -0.05090839366171966 0.9987033270470181
1629013262.086208582 4.148322112402489 3.9513999278971483 0.0 0.0 0.0 -0.0509083573875611 0.9987033288960743
1629013262.186375856 4.148422899436183 3.9514934041455128 0.0 0.0 0.0 -0.05090832225855958 0.9987033306867553
1629013262.687365055 4.149308551603847 3.952115127816053 0.0 0.0 0.0 -0.050908310200414246 0.9987033313014122
1629013263.388790369 4.150219844009015 3.9529675519936545 0.0 0.0 0.0 -0.050908256074821134 0.9987033340604308
1629013264.691281557 4.150040821048116 3.9516477319742838 0.0 0.0 0.0 -0.05090826761862431 0.9987033334719928
1629013265.292447567 4.149875584580145 3.9505397496116714 0.0 0.0 0.0 -0.05090822347337292 0.998703335722268
1629013265.893932343 4.150803451228671 3.951163105900367 0.0 0.0 0.0 -0.050908252437345404 0.9987033342458488
1629013266.795362473 4.151000910908818 3.9501917059694263 0.0 0.0 0.0 -0.05090826504190128 0.9987033336033396
1629013266.996018648 4.150795547287949 3.949490828884531 0.0 0.0 0.0 -0.05090823959646313 0.9987033349004043
1629013267.596940279 4.150448090526776 3.949202178891641 0.0 0.0 0.0 -0.050908240663421735 0.9987033348460168
1629013268.498708248 4.150547869077014 3.949067366637299 0.0 0.0 0.0 -0.05090827987034556 0.998703332847469
1629013269.099856377 4.149621638253434 3.948251438840388 0.0 0.0 0.0 -0.05090829107117733 0.9987033322765135
1629013269.200072765 4.150599147216577 3.949082490124584 0.0 0.0 0.0 -0.050908297673630185 0.9987033319399575
1629013269.702066660 4.15025379299235 3.9487531285933892 0.0 0.0 0.0 -0.05090827397812623 0.9987033331478212
1629013269.200072765 7.9321584028045296 0.18508474402608352 0.0 0.0 0.0 0.9927276075376795 0.12038229617562095
1629013269.400448322 7.7993543551984645 0.2127400769618416 0.0 0.0 0.0 0.9974616739026054 0.07120540074609763
1629013269.500660896 7.723355991559855 0.22799676398718693 0.0 0.0 0.0 0.9989213582063521 0.04643404052176491
1629013269.600833416 7.649333406255774 0.23843679859798217 0.0 0.0 0.0 0.9997932164456576 0.02033529811059093
1629013269.702066660 7.572161820616356 0.2523007729917393 0.0 0.0 0.0 -0.9999748395318336 0.0070936805174378
1629013269.801248312 7.5169362665285 0.25881692320192023 0.0 0.0 0.0 -0.999467347408527 0.03263466660106556
1629013270.302225113 7.517093531368672 0.2582968989175535 0.0 0.0 0.0 -0.9994673451037204 0.03263473718786063
1629013270.903461933 7.51622113333327 0.25830125503272344 0.0 0.0 0.0 -0.9994673460247426 0.03263470898073623
1629013271.404375553 7.5158182999732075 0.2578274621204652 0.0 0.0 0.0 -0.9994673467348719 0.03263468723238112
1629013271.905340433 7.5164269222967794 0.2579770034965225 0.0 0.0 0.0 -0.999467346811909 0.03263468487305121
1629013271.905340433 5.85536551804174 0.4916607148348086 0.0 0.0 0.0 0.964548052952657 0.26390728209967673
1629013272.206001997 5.660215369298888 0.5598964120615129 0.0 0.0 0.0 0.9457175184381136 0.3249898080236613
1629013272.707123518 5.65990627143643 0.5586953182443714 0.0 0.0 0.0 0.9457175270730543 0.32498978289605784
1629013273.207884312 5.6608278019123235 0.5588744355799622 0.0 0.0 0.0 0.9457175189909454 0.32498980641492564
1629013273.408269882 5.660468976545227 0.5599814751249206 0.0 0.0 0.0 0.9457175373461164 0.3249897530015323
1629013273.809125662 5.6603769882802695 0.5597205333520644 0.0 0.0 0.0 0.9457175357442944 0.32498975766282107
1629013274.009464025 4.909442298621098 1.275790311098005 0.0 0.0 0.0 0.8663369863690967 0.49945993437803554
1629013275.311985254 4.91007553108305 1.275100677784246 0.0 0.0 0.0 0.8663370027159147 0.4994599060237019
1629013275.812977314 4.909714939864055 1.2763014991038206 0.0 0.0 0.0 0.8663370124209693 0.499459889189822
1629013276.313955784 4.910163866858561 1.2768160909532413 0.0 0.0 0.0 0.8663370488582609 0.49945982598759564
1629013276.313955784 4.908843413533556 1.2775362231284395 0.0 0.0 0.0 0.8663370210199337 0.49945987427450766
1629013276.514402390 4.909933831035928 1.2788929236079802 0.0 0.0 0.0 0.8663370438288547 0.4994598347113421
1629013276.614527225 4.910837250737011 1.2777083650779713 0.0 0.0 0.0 0.8663370381236426 0.49945984460730586
1629013277.015316010 4.911230957555172 1.2778288166349583 0.0 0.0 0.0 0.866337052835491 0.499459819088899
1629013277.015316010 4.91090191910004 1.2779735099708995 0.0 0.0 0.0 0.8663370426851604 0.4994598366951346
1629013277.215725422 4.910885007918045 1.2777489776597089 0.0 0.0 0.0 0.8663370519188831 0.49945982067879946
1629013277.616681337 4.910950874150676 1.2773728490242906 0.0 0.0 0.0 0.8663370497209416 0.4994598244912345
1629013278.117462635 4.911973716434917 1.2778510284996585 0.0 0.0 0.0 0.8663370663276215 0.4994597956861495
1629013278.718654156 4.91272486626362 1.277245402003409 0.0 0.0 0.0 0.866337065909933 0.4994597964106504
1629013278.919036388 4.912846241489534 1.2771206325315656 0.0 0.0 0.0 0.8663370381778437 0.4994598445132917
1629013279.822077751 4.911800083402259 1.277393910561804 0.0 0.0 0.0 0.86633703448722 0.49945985091485523
1629013280.822953224 4.911729357075279 1.277949352828612 0.0 0.0 0.0 0.8663370292384114 0.49945986001916504
1629013281.023141384 4.91208680047749 1.278346981479546 0.0 0.0 0.0 0.8663370274624379 0.4994598630996761
1629013281.323719501 4.912529115008722 1.2794118585009966 0.0 0.0 0.0 0.866337020827021 0.4994598746091239
1629013281.824714661 4.9122293626142195 1.2792326857711633 0.0 0.0 0.0 0.8663370158083917 0.4994598833141762
1629013281.824714661 4.91423041527391 1.2791092478492176 0.0 0.0 0.0 0.8663370399915403 0.49945984136734783
1629013282.526069880 4.913939647189066 1.2794484473747076 0.0 0.0 0.0 0.8663370405266907 0.49945984043910385
1629013283.027065277 4.9149641597275515 1.280181642570399 0.0 0.0 0.0 0.8663370315274059 0.49945985604879434
1629013283.127244234 4.914242235077264 1.280482284332571 0.0 0.0 0.0 0.8663370176188655 0.4994598801738229
1629013283.227453947 4.913899046374031 1.2795960476997128 0.0 0.0 0.0 0.8663370361863696 0.4994598479675989
1629013283.728429317 4.913294569420682 1.2800025302424443 0.0 0.0 0.0 0.8663370049189106 0.4994599022025006
1629013285.031048775 4.912276667957065 1.280751784175265 0.0 0.0 0.0 0.8663369995958627 0.49945991143558066
1629013285.632148743 4.911541458564072 1.2798311038804133 0.0 0.0 0.0 0.8663370140687491 0.49945988633166927
1629013286.233335018 4.911302595963541 1.2806324280141714 0.0 0.0 0.0 0.8663369928104604 0.4994599232051839
1629013287.335497141 4.911413458441797 1.2804414335613201 0.0 0.0 0.0 0.8663369858228852 0.49945993532546523
1629013288.238262653 4.910050083586378 1.2797664432936544 0.0 0.0 0.0 0.8663369569779479 0.4994599853583762
1629013289.139037371 4.91011219330393 1.2795418238186849 0.0 0.0 0.0 0.8663369604765326 0.49945997928991537
1629013289.740151167 4.909755281683814 1.279263666647255 0.0 0.0 0.0 0.8663369772525631 0.49945995019109596
1629013290.241132259 4.909542382308922 1.2797542226247072 0.0 0.0 0.0 0.8663369841946029 0.4994599381497983
1629013290.942499161 4.910210552523398 1.280104426239209 0.0 0.0 0.0 0.8663369613551928 0.4994599777658378
1629013291.643872261 4.910194034006833 1.2802194221350387 0.0 0.0 0.0 0.8663369385102367 0.49946001739149276
1629013292.144999266 4.910128266254228 1.2798483723553975 0.0 0.0 0.0 0.8663369289026257 0.4994600340563465
1629013293.047432423 4.909628926195436 1.2791864112611167 0.0 0.0 0.0 0.8663369384329894 0.49946001752548186
1629013293.848223686 4.910569434423698 1.2779711349341587 0.0 0.0 0.0 0.8663369403546657 0.49946001419224384
1629013294.449362993 4.910312236593604 1.2793526853096502 0.0 0.0 0.0 0.866336935566464 0.4994600224976053
1629013295.150742054 4.911105810310287 1.2789925606647443 0.0 0.0 0.0 0.8663369407565138 0.4994600134952194
1629013295.651784420 4.911754789444484 1.279188724526364 0.0 0.0 0.0 0.8663369420507084 0.49946001125037776
1629013296.152692318 4.911162692923183 1.2790535897546782 0.0 0.0 0.0 0.8663369321111696 0.4994600284909761
1629013296.753854752 4.909791882377031 1.2777350154234928 0.0 0.0 0.0 0.8663369104641865 0.49946006603868565
1629013297.254834890 4.909638514236896 1.276985081208757 0.0 0.0 0.0 0.8663368967846706 0.49946008976644657
1629013297.755830765 4.908614060864806 1.2764576481425773 0.0 0.0 0.0 0.8663368760849669 0.49946012567104964
1629013298.356981039 4.908823868172485 1.2756931348673997 0.0 0.0 0.0 0.8663368867448755 0.49946010718094064
1629013298.958150387 4.908200792415096 1.2759637342906085 0.0 0.0 0.0 0.866336909761276 0.4994600672579168
1629013299.759720087 4.907825078730861 1.2761601027627492 0.0 0.0 0.0 0.8663369049446737 0.49946007561253913
1629013300.361333370 4.907263597046038 1.275849083361549 0.0 0.0 0.0 0.8663369143911485 0.4994600592271857
1629013300.962058544 4.907149481441576 1.2762426855907136 0.0 0.0 0.0 0.8663369258156446 0.4994600394108605
1629013301.863822460 4.906848819945721 1.2763286693873572 0.0 0.0 0.0 0.8663369171855221 0.4994600543802136
1629013302.665424824 4.906191548137881 1.2773905760411317 0.0 0.0 0.0 0.8663369105360351 0.4994600659140607
1629013303.867745638 4.905668819845751 1.2771864114337115 0.0 0.0 0.0 0.8663369289187738 0.49946003402833694
1629013304.370109081 4.906188469199237 1.2773803237716157 0.0 0.0 0.0 0.866336945872446 0.49946000462139356
1629013305.271343708 4.905958501694158 1.2773232711698688 0.0 0.0 0.0 0.8663369581406144 0.4994599833416761
1629013306.072058678 4.904869558943478 1.278153367093247 0.0 0.0 0.0 0.8663369628871626 0.4994599751085638
1629013306.575726032 4.904312356881347 1.2784254941458861 0.0 0.0 0.0 0.8663369832478061 0.4994599397920624
1629013307.374596596 4.904095345991196 1.2786619463335769 0.0 0.0 0.0 0.8663369849099856 0.4994599369089332
1629013307.975763083 4.904010149844508 1.2779671249559343 0.0 0.0 0.0 0.8663369911313957 0.49945992611760154
1629013308.476742268 4.903979643138182 1.2791716937052924 0.0 0.0 0.0 0.8663370078866958 0.4994598970547357
