1629013127.723922968 -0.0006823338706849131 1.8646138370787146e-05 0.0 0.0 0.0 -3.871023402871251e-08 0.9999999999999992
1629013127.723922968 -0.0010418924050773827 -0.0002976272019295693 0.0 0.0 0.0 -1.9675994980719735e-08 0.9999999999999998
1629013127.723922968 -4.996444417409225e-05 -0.00044250331893309024 0.0 0.0 0.0 -1.4947930323303423e-08 0.9999999999999999
1629013127.723922968 -0.0010145164581072885 -0.0009759017797766125 0.0 0.0 0.0 -8.803006620963953e-08 0.9999999999999961
1629013127.723922968 -0.0018867805877969743 -0.0009552040259101106 0.0 0.0 0.0 -2.2773555405286776e-08 0.9999999999999998
1629013128.224887848 -0.0022891172650504436 -0.0009319580916337833 0.0 0.0 0.0 -4.310694373604415e-08 0.9999999999999991
1629013128.325093031 -0.0019497630044608347 -0.0010061614588910825 0.0 0.0 0.0 -2.9924603154305396e-08 0.9999999999999996
1629013128.425327301 -0.0029669794549124096 -0.0005409039677476131 0.0 0.0 0.0 -9.880356717988098e-08 0.9999999999999951
1629013128.525490284 -0.0025946727430890106 0.0004020894226665552 0.0 0.0 0.0 -9.166224509393053e-08 0.9999999999999958
1629013128.525490284 -0.002184491152749409 0.0014396845026459794 0.0 0.0 0.0 -1.3546167521944285e-07 0.9999999999999908
1629013128.525490284 0.0012825117717630294 0.0032303644458696545 0.0 0.0 0.0 1.0485373358163961e-07 0.9999999999999944
1629013128.525490284 0.001005732252765302 0.000755887776931182 0.0 0.0 0.0 1.9394066138675976e-07 0.9999999999999812
1629013128.625700474 0.0012888099923427138 0.0013504877147759715 0.0 0.0 0.0 2.4821847132386744e-07 0.9999999999999692
1629013128.926275730 -0.00023351420593591718 -0.00028301250005172444 0.0 0.0 0.0 -1.585844410038865e-07 0.9999999999999875
1629013128.926275730 -0.000412406707262599 -0.0005638099374100378 0.0 0.0 0.0 -1.866534616891628e-07 0.9999999999999826
1629013128.926275730 0.0005565160506614572 -0.0007509722422946105 0.0 0.0 0.0 -1.8296066555911636e-07 0.9999999999999832
1629013128.926275730 0.0019188805521263097 -0.0010881146234015381 0.0 0.0 0.0 7.83214566566599e-08 0.9999999999999969
1629013129.727863789 0.005726165726710144 -0.0030669880919697652 0.0 0.0 0.0 -1.6478005464318553e-07 0.9999999999999865
1629013131.831948757 -0.008798926064794195 0.0010938081408429694 0.0 0.0 0.0 3.2113713796469675e-07 0.9999999999999485
1629013132.533311367 -0.008303939217394049 0.0008801389553149938 0.0 0.0 0.0 3.123159475387252e-07 0.9999999999999513
1629013132.934135914 0.0048345882891525135 0.0028744193709082616 0.0 0.0 0.0 2.2777384416942267e-08 0.9999999999999998
1629013132.934135914 -0.0011530622897454748 -0.00329624953801253 0.0 0.0 0.0 -9.452611806982693e-08 0.9999999999999956
1629013133.134488583 0.0028212015340825128 0.000928279788653633 0.0 0.0 0.0 -1.0955593095335472e-07 0.999999999999994
1629013133.134488583 0.006492008932737142 -0.0007684975081307178 0.0 0.0 0.0 3.461763080597245e-08 0.9999999999999994
1629013135.243909359 -0.006411589772571958 -3.262515910863002e-05 0.0 0.0 0.0 1.4929113016772454e-08 0.9999999999999999
1629013135.739579201 -0.004535971826968558 0.0033990959764975087 0.0 0.0 0.0 6.600450350093745e-08 0.9999999999999978
1629013135.739579201 -0.0022502578511904344 -0.0021804550248690916 0.0 0.0 0.0 1.320677652145901e-07 0.9999999999999912
1629013135.739579201 -0.0075616073606438764 0.0015556160512930246 0.0 0.0 0.0 2.1354018537981688e-07 0.9999999999999772
1629013136.140389442 -0.0069228056262425185 0.0018148446328466407 0.0 0.0 0.0 2.1534547414091288e-07 0.9999999999999768
1629013136.340748310 0.006743882343755603 0.002463580583472881 0.0 0.0 0.0 -2.3493202880786834e-07 0.9999999999999724
1629013142.853490353 0.006216344259195847 0.003080676778662397 0.0 0.0 0.0 -1.9524767715085116e-07 0.9999999999999809
