1629013127.723922968 -0.0013125908076011379 -0.0005934096694946558 0.0 0.0 0.0 -3.1615692300545234e-08 0.9999999999999994
1629013128.224887848 -0.0025092008413040235 -0.0007927664471044399 0.0 0.0 0.0 -1.2901453301811017e-08 0.9999999999999999
1629013128.325093031 -0.0027227933516096405 -0.0013035686443814182 0.0 0.0 0.0 -1.520141050577663e-08 0.9999999999999999
1629013128.425327301 -0.0005436060355229549 0.005350207291776386 0.0 0.0 0.0 1.3323650919273398e-08 0.9999999999999999
1629013128.525490284 -0.001237131157854446 0.0069635683765570675 0.0 0.0 0.0 7.076575789767275e-08 0.9999999999999974
1629013128.625700474 -0.0013735428250017268 0.00694271099791112 0.0 0.0 0.0 4.5376374706415766e-08 0.999999999999999
1629013128.926275730 -0.005197391134826859 -0.002015706387957746 0.0 0.0 0.0 5.522536601735507e-08 0.9999999999999984
1629013129.327075481 -0.0008069123481196489 0.00018080281247949415 0.0 0.0 0.0 0.0007178105090289354 0.9999997423740034
1629013129.727863789 0.0013402473743697172 0.0033919683092421054 0.0 0.0 0.0 0.0007178610133958334 0.9999997423377496
1629013129.928267002 -0.003938525965826752 -0.0018994194736931007 0.0 0.0 0.0 0.0007177835691092832 0.9999997423933408
1629013130.128615141 -0.00438975957140841 -0.0017335999857925914 0.0 0.0 0.0 0.0007177552269423538 0.999999742413684
1629013130.729794502 0.0005678963207531203 -0.0054852481537274525 0.0 0.0 0.0 0.0007177640133876227 0.9999997424073773
1629013130.830001831 0.0004304077947552531 -0.00538838673261656 0.0 0.0 0.0 0.0007176688056159283 0.9999997424757096
1629013131.230769873 -0.005928227528014257 0.001927459137600413 0.0 0.0 0.0 0.0007179002409907818 0.9999997423095888
1629013131.631546736 0.006068018360103044 0.0026000177357879163 0.0 0.0 0.0 0.0007179273113950524 0.9999997422901545
1629013131.731744289 -0.007294721693573012 0.002382145009372218 0.0 0.0 0.0 0.0007179139344325333 0.9999997422997582
1629013131.831948757 0.0075885266915515955 -0.0025406775719218873 0.0 0.0 0.0 0.0007177375607503909 0.9999997424263638
1629013131.831948757 -0.0004535737593881792 0.00800580966910275 0.0 0.0 0.0 0.0007177559437176806 0.9999997424131695
1629013132.533311367 0.003495833431882839 -0.0077925447694662826 0.0 0.0 0.0 0.0007178177578238225 0.9999997423688001
1629013132.934135914 -0.005646171938027899 0.003696855822891076 0.0 0.0 0.0 0.0007178217508251143 0.9999997423659338
1629013133.134488583 0.002531397661576403 0.006855154517280401 0.0 0.0 0.0 0.0007180821246224832 0.9999997421789979
1629013133.635461807 -0.002801075563163597 0.005617056764262897 0.0 0.0 0.0 0.0007175071180998626 0.9999997425917346
1629013135.038238049 -0.004039865018069992 0.0056755335504183576 0.0 0.0 0.0 0.0007174385553739734 0.9999997426409265
1629013135.243909359 -0.005501349295640751 0.005164789284348851 0.0 0.0 0.0 0.0007174000933648638 0.9999997426685199
1629013135.639563084 -0.004134355767817873 0.005894373561769361 0.0 0.0 0.0 0.00071734695886487 0.9999997427066372
1629013135.739579201 -0.00342801113488758 0.006268428406796455 0.0 0.0 0.0 0.0007173401490612426 0.9999997427115221
1629013136.140389442 -0.003771180671638691 0.007363829907642037 0.0 0.0 0.0 0.0007173141615587909 0.9999997427301637
1629013136.240868092 -0.009818027846348274 0.0006831234631325409 0.0 0.0 0.0 0.0007178804199693389 0.9999997423238182
1629013136.340748310 -0.01011388714137959 0.0007209913139914297 0.0 0.0 0.0 0.0007179322312921184 0.9999997422866225
1629013136.541119576 -0.011052714139526063 1.3490866609663595e-05 0.0 0.0 0.0 0.0007179440157891562 0.9999997422781619
1629013137.242624760 -0.010512524814346053 -0.0004376243708133758 0.0 0.0 0.0 0.0007178983170951089 0.99999974231097
1629013137.342700481 -0.01132587775210173 -0.0008287001090764399 0.0 0.0 0.0 0.0007178781916716524 0.9999997423254178
1629013135.739579201 0.1668601851933021 -0.10073671315696792 0.0 0.0 0.0 -0.05823264016762896 0.9983030399728869
1629013136.140389442 0.1755400924533145 -0.13060617480290698 0.0 0.0 0.0 -0.07539251055978204 0.9971539346317063
1629013136.240868092 0.1770055309226505 -0.13910039094217178 0.0 0.0 0.0 -0.07963642981676478 0.9968239759586642
1629013136.340748310 0.17790516321607966 -0.14337637748740512 0.0 0.0 0.0 -0.08446613658303209 0.9964263503996352
1629013136.541119576 0.18633173925860472 -0.17367086513400773 0.0 0.0 0.0 -0.09637651975660581 0.9953449484674168
1629013137.242624760 0.2213096225021026 -0.24338657392747304 0.0 0.0 0.0 -0.13922296411071622 0.9902610596525677
1629013137.342700481 0.23077870486918212 -0.2616103960139372 0.0 0.0 0.0 -0.14656613892396508 0.989200872887262
1629013137.552075386 0.2338460437917435 -0.2671440874624563 0.0 0.0 0.0 -0.1465661621343328 0.9892008694482696
1629013138.044185638 0.23423826501098602 -0.2669576100589552 0.0 0.0 0.0 -0.1465661700961866 0.9892008682685917
1629013138.545035839 0.234148185838295 -0.26710042661904515 0.0 0.0 0.0 -0.14656616731749905 0.9892008686802993
1629013138.945878506 0.2354262152796683 -0.2670115232144915 0.0 0.0 0.0 -0.14656622650830525 0.9892008599102187
1629013139.446808338 0.23593272581797026 -0.26604629920327505 0.0 0.0 0.0 -0.14656624516519162 0.9892008571458968
1629013139.847644329 0.25539207102476463 -0.25971675083253676 0.0 0.0 0.0 -0.14656623937128763 0.9892008580043582
1629013140.047982454 0.2575786245084627 -0.24363365560624936 0.0 0.0 0.0 -0.1465660756607205 0.9892008822607348
1629013140.248363495 0.25800675760058356 -0.24273331970787876 0.0 0.0 0.0 -0.14656607785209916 0.9892008819360466
1629013140.649135590 0.25773701828139967 -0.24158203007336854 0.0 0.0 0.0 -0.14656607975316044 0.9892008816543737
1629013141.250308990 0.2567195005514118 -0.24218470393041266 0.0 0.0 0.0 -0.14656608158808165 0.9892008813825005
1629013141.751293659 0.23558465404772627 -0.2683501035586741 0.0 0.0 0.0 -0.14656609306871993 0.9892008796814585
1629013142.853490353 0.23661910935091693 -0.267715602026571 0.0 0.0 0.0 -0.1465661098053216 0.9892008772016604
1629013143.053889513 0.2370633588708302 -0.26659504919824534 0.0 0.0 0.0 -0.14656608999967277 0.9892008801361875
1629013143.154386997 0.23797993853737465 -0.26739701817858247 0.0 0.0 0.0 -0.14656610507901746 0.9892008779019388
1629013143.254235268 0.23695904543406285 -0.26767379767254285 0.0 0.0 0.0 -0.1465661126055021 0.9892008767867684
1629013143.354449272 0.2364424121052061 -0.26727295907950627 0.0 0.0 0.0 -0.14656611135598804 0.9892008769719041
1629013143.454634190 0.23708126798251533 -0.266531354509921 0.0 0.0 0.0 -0.1465661347376093 0.9892008735075384
1629013144.055785656 0.23699372722862375 -0.26668128616867215 0.0 0.0 0.0 -0.14656616190593014 0.9892008694821112
1629013144.256221533 0.2364235031154252 -0.26857999475897226 0.0 0.0 0.0 -0.14656613180138284 0.9892008739425879
1629013144.357876301 0.23649885629113054 -0.26920413956519057 0.0 0.0 0.0 -0.14656610337328493 0.9892008781546706
1629013144.656959772 0.23596394059474668 -0.26897490972694027 0.0 0.0 0.0 -0.14656612169645036 0.9892008754397973
1629013144.757164955 0.23646336306073304 -0.26859961061127824 0.0 0.0 0.0 -0.14656607234012145 0.9892008827527351
1629013144.957559347 0.23728825403443182 -0.2698071884167436 0.0 0.0 0.0 -0.1465660239764225 0.9892008899185962
1629013145.057746887 0.23757405772167556 -0.2692930882993305 0.0 0.0 0.0 -0.1465659703555595 0.9892008978633882
1629013144.757164955 2.4230154166419413 -1.4529067222435297 0.0 0.0 0.0 0.07321427605036364 0.9973162335901392
1629013144.957559347 2.4381369954953485 -1.4612268146441414 0.0 0.0 0.0 0.1071251841486035 0.9942455405588339
1629013145.157940865 2.4377894705892027 -1.4606143334839288 0.0 0.0 0.0 0.10712517089372457 0.9942455419869833
1629013145.258138657 2.4377826078204308 -1.46124952906845 0.0 0.0 0.0 0.10712516351243374 0.9942455427822819
1629013145.258138657 2.437369042852923 -1.4619544244077678 0.0 0.0 0.0 0.10712516409064828 0.9942455427199821
1629013145.658915520 2.4369147379940483 -1.4618329147310603 0.0 0.0 0.0 0.10712518208862895 0.9942455407807862
1629013145.859305143 2.436980414147145 -1.4611242432672586 0.0 0.0 0.0 0.10712517503329946 0.9942455415409641
1629013145.959497690 2.4369748860634535 -1.4610692804049359 0.0 0.0 0.0 0.10712519358788147 0.994245539541797
1629013146.260293722 2.436449322167637 -1.4607932547448526 0.0 0.0 0.0 0.10712518796155805 0.9942455401480064
1629013146.360308409 2.4374746390738418 -1.4611753984048121 0.0 0.0 0.0 0.10712522354550312 0.9942455363140063
1629013146.761072397 2.437200878759372 -1.4609663469752232 0.0 0.0 0.0 0.10712520365457741 0.9942455384571587
1629013146.861275196 2.437165644033921 -1.4610668887091622 0.0 0.0 0.0 0.10712518089863879 0.994245540909002
1629013146.961471319 2.4373997587318113 -1.46152591093863 0.0 0.0 0.0 0.10712514166728791 0.9942455451359908
1629013147.363122463 2.437255769058483 -1.4617493711171137 0.0 0.0 0.0 0.10712516356305023 0.9942455427768282
1629013147.662840843 2.436166297929562 -1.4629806662067668 0.0 0.0 0.0 0.10712517875130538 0.9942455411403668
1629013147.963420868 2.435475937747228 -1.4634150168501108 0.0 0.0 0.0 0.10712515176855439 0.9942455440476282
1629013148.163911819 2.4355937800804193 -1.4637650111623757 0.0 0.0 0.0 0.10712515088992947 0.9942455441422958
1629013148.464430809 2.43558645451137 -1.4643677285075685 0.0 0.0 0.0 0.10712512133575534 0.9942455473266147
1629013148.564584255 2.4354620265376004 -1.4635434853535028 0.0 0.0 0.0 0.10712507484103405 0.9942455523361937
1629013148.967636585 2.435083089316325 -1.4623854387736972 0.0 0.0 0.0 0.10712508237625112 0.994245551524311
1629013149.566569805 2.4362779631434752 -1.4623337139301709 0.0 0.0 0.0 0.1071251058864789 0.994245548991199
1629013150.267954588 2.4356077831223284 -1.4627147568577088 0.0 0.0 0.0 0.10712514733194413 0.9942455445256515
1629013150.368111134 2.4355466769443255 -1.4616532402616393 0.0 0.0 0.0 0.1071251263900954 0.9942455467820341
1629013150.468353271 2.4347247118631743 -1.4617987871714866 0.0 0.0 0.0 0.10712512522533031 0.994245546907532
1629013150.571737289 2.4343581692638425 -1.4626089917298202 0.0 0.0 0.0 0.10712510534358488 0.9942455490496932
1629013150.668736935 2.4344073406820472 -1.4622078563338758 0.0 0.0 0.0 0.10712512645175996 0.9942455467753901
1629013150.768898010 2.43585115268907 -1.462867221292333 0.0 0.0 0.0 0.10712513813829883 0.9942455455162222
1629013150.869095564 2.4353003695652298 -1.4634121243978793 0.0 0.0 0.0 0.10712512450981776 0.994245546984625
1629013151.470263958 2.435421367524564 -1.463444845382814 0.0 0.0 0.0 0.1071251249079135 0.9942455469417321
1629013151.570468903 2.4362216335545153 -1.463460373054298 0.0 0.0 0.0 0.10712511447501914 0.9942455480658257
1629013151.570468903 2.4374216233201156 -1.4631588962488893 0.0 0.0 0.0 0.1071251103162421 0.9942455485139137
1629013151.770849705 2.438295515014987 -1.4645929601945187 0.0 0.0 0.0 0.10712510424183441 0.9942455491684015
1629013151.971232891 2.438557531434651 -1.4653620200301376 0.0 0.0 0.0 0.10712508377150876 0.9942455513739789
1629013152.171621323 2.4380008680682117 -1.4651143996417437 0.0 0.0 0.0 0.10712504552233403 0.9942455554951392
1629013152.672604084 2.437440017524885 -1.4654536804807263 0.0 0.0 0.0 0.10712509907928984 0.9942455497246404
1629013152.772806168 2.437283691147045 -1.4655696474338273 0.0 0.0 0.0 0.10712509554493194 0.9942455501054501
1629013152.872993946 2.4364003110653405 -1.4657710257281005 0.0 0.0 0.0 0.10712509264415081 0.9942455504179951
1629013152.872993946 2.4365057312961778 -1.4669106598182449 0.0 0.0 0.0 0.10712510180041622 0.9942455494314523
1629013153.073383331 2.437395770769568 -1.4666757491772655 0.0 0.0 0.0 0.10712510216845493 0.9942455493917979
1629013153.574472904 2.4368841320641965 -1.4655078700664939 0.0 0.0 0.0 0.10712511360520831 0.9942455481595436
1629013153.874973774 2.436773501654865 -1.466401936733994 0.0 0.0 0.0 0.10712506994178901 0.9942455528640632
1629013153.975163460 2.4358543548745217 -1.465915960298148 0.0 0.0 0.0 0.10712503157018095 0.9942455569984147
1629013153.975163460 2.43610679992763 -1.466768165550833 0.0 0.0 0.0 0.10712502792887595 0.9942455573907472
1629013154.278061152 2.4373992291405178 -1.4667150491408831 0.0 0.0 0.0 0.10712502415738029 0.9942455577971071
1629013154.375954628 2.437124359135262 -1.4666879323135533 0.0 0.0 0.0 0.10712505542763193 0.9942455544278922
1629013154.576766491 2.4363838901030777 -1.4672731165120616 0.0 0.0 0.0 0.10712506170919077 0.9942455537510853
1629013154.678047657 2.4357736422752394 -1.4670982318417314 0.0 0.0 0.0 0.10712505204692209 0.994245554792147
1629013154.878062725 2.4357841611393787 -1.4675317758683382 0.0 0.0 0.0 0.1071250238187615 0.9942455578335916
1629013155.377923250 2.435547796872664 -1.4670127768400942 0.0 0.0 0.0 0.10712505317371775 0.9942455546707404
1629013155.578306198 2.4354839138875892 -1.4682585606952987 0.0 0.0 0.0 0.10712505843686544 0.9942455541036621
1629013155.778695822 2.434829484230971 -1.4680091614364537 0.0 0.0 0.0 0.10712509172022915 0.9942455505175432
1629013155.878878117 2.4361388270429654 -1.4674431436483717 0.0 0.0 0.0 0.10712508592486013 0.9942455511419658
1629013155.979108810 2.436301652930777 -1.4665715464461104 0.0 0.0 0.0 0.10712510695254576 0.9942455488763355
1629013156.079273701 2.43610226393134 -1.467146289771587 0.0 0.0 0.0 0.10712514112239765 0.9942455451947001
1629013156.079273701 2.4367377800100978 -1.4668807290295107 0.0 0.0 0.0 0.10712511784896075 0.9942455477022999
1629013156.279649734 2.4368851013394424 -1.4670221322642227 0.0 0.0 0.0 0.1071251315767255 0.9942455462231999
1629013156.379860163 2.436868788879659 -1.4667553983669939 0.0 0.0 0.0 0.10712513785554596 0.9942455455466875
1629013156.480060577 2.4372064975975767 -1.4669205012399202 0.0 0.0 0.0 0.10712513480405861 0.9942455458754704
1629013156.581030369 2.4375833095943924 -1.4668161946497844 0.0 0.0 0.0 0.10712514266552682 0.9942455450284354
1629013156.680430412 2.4370134640789036 -1.4656785136689632 0.0 0.0 0.0 0.10712512765770223 0.9942455466454557
1629013156.780653477 2.437594405276301 -1.465357933252006 0.0 0.0 0.0 0.10712514570204787 0.9942455447012649
1629013156.780653477 2.4377458428996364 -1.465702488243152 0.0 0.0 0.0 0.10712512677181808 0.9942455467409054
1629013157.181401730 2.436873719614164 -1.4662917362821395 0.0 0.0 0.0 0.10712512167491746 0.9942455472900716
1629013157.686052322 2.4357260207202747 -1.467216051895715 0.0 0.0 0.0 0.1071251689499094 0.9942455421964201
1629013157.982985973 2.436097947971888 -1.468260219679988 0.0 0.0 0.0 0.10712518745242387 0.994245540202863
1629013158.684444427 2.434279365576516 -1.4684182656968987 0.0 0.0 0.0 0.10712523663558282 0.9942455349036124
1629013158.784572601 2.4347648304808462 -1.4674258947083938 0.0 0.0 0.0 0.10712528573557561 0.99424552961332
1629013158.984942913 2.435563177740683 -1.4679524827099455 0.0 0.0 0.0 0.10712526094795143 0.9942455322840699
1629013159.085130692 2.4354642369087474 -1.4682276162796533 0.0 0.0 0.0 0.10712529265380734 0.9942455288679131
1629013159.485904694 2.435934046497991 -1.4678598086798915 0.0 0.0 0.0 0.1071252950494986 0.9942455286097885
1629013159.686296701 3.932622491071696 2.3087775744724595 0.0 0.0 0.0 0.9060753741909813 0.42311631531373656
1629013159.886710405 3.9317149828384053 2.3096400908307877 0.0 0.0 0.0 0.9060753748014234 0.42311631400651534
1629013160.187287807 3.931520464279474 2.309933002688314 0.0 0.0 0.0 0.9060753721794385 0.4231163196213212
1629013160.287604094 3.9318169670543095 2.311366479454318 0.0 0.0 0.0 0.9060753774217375 0.42311630839528735
1629013160.490854502 3.938263088993855 2.26454183931209 0.0 0.0 0.0 0.9119935685346227 0.41020449894105815
1629013160.588062286 3.938121774403417 2.2633325456769486 0.0 0.0 0.0 0.9119935545311232 0.4102045300745558
1629013160.788452625 3.9378087254397185 2.2626301775370314 0.0 0.0 0.0 0.9119935613695113 0.4102045148710037
1629013161.089177847 3.9375413600820512 2.2625431997689534 0.0 0.0 0.0 0.911993551075133 0.41020453775813936
1629013161.590049744 3.93824786516272 2.2624947128319426 0.0 0.0 0.0 0.9119935585529232 0.41020452113302686
1629013161.790414810 3.9382190543528033 2.263185239734376 0.0 0.0 0.0 0.9119935653819368 0.4102045059503163
1629013161.990804672 4.153498611085628 1.620342652052912 0.0 0.0 0.0 0.9690132291559276 0.24700882923653122
1629013162.391571283 4.152881976071027 1.620654597155671 0.0 0.0 0.0 0.969013226135815 0.2470088410844032
1629013162.792377234 4.151152318674679 1.62090891274444 0.0 0.0 0.0 0.9690132314548288 0.2470088202179642
1629013162.992767334 4.151457409907394 1.6225131256991294 0.0 0.0 0.0 0.9690132344393615 0.24700880850967064
1629013162.792377234 4.297441458567384 1.5011732417091985 0.0 0.0 0.0 0.9591550924228032 0.28288073225195803
1629013162.992767334 4.294484947369909 1.5164071811599513 0.0 0.0 0.0 0.9608859786223107 0.27694428336227506
1629013163.794341564 4.295365685695173 1.515902452148431 0.0 0.0 0.0 0.9608859889684085 0.27694424746544843
1629013163.994716644 4.294427063543266 1.515157793507602 0.0 0.0 0.0 0.9608859859348221 0.27694425799078204
1629013164.297129869 4.294344296396843 1.5154565794741863 0.0 0.0 0.0 0.9608859852042047 0.2769442605257329
1629013164.395480871 4.294114483638369 1.5155031918891886 0.0 0.0 0.0 0.9608859871484174 0.2769442537800908
1629013164.395480871 4.29357691341682 1.5149268177657926 0.0 0.0 0.0 0.9608859696660175 0.2769443144370313
1629013164.796288013 4.2938845662525065 1.5141308687390498 0.0 0.0 0.0 0.9608859560025773 0.2769443618436978
1629013165.197075605 4.2945595360178705 1.5129613443226368 0.0 0.0 0.0 0.9608859492131604 0.2769443854002526
1629013165.597881317 4.296084623653498 1.5129704823699426 0.0 0.0 0.0 0.9608859475949814 0.276944391014685
1629013165.898430824 4.296082561395227 1.5103144220210194 0.0 0.0 0.0 0.9608859531470689 0.27694437175116743
1629013165.998615742 4.2955439875844 1.509350962219347 0.0 0.0 0.0 0.9608859568408421 0.27694435893525476
1629013166.299229145 4.29531952238617 1.5094289441650106 0.0 0.0 0.0 0.9608859631966854 0.2769443368830245
1629013167.200989485 4.294192460299018 1.508568604487985 0.0 0.0 0.0 0.9608859586802441 0.27694435255326716
1629013167.902340412 4.294663653475857 1.5094547739721667 0.0 0.0 0.0 0.9608859709850942 0.27694430986036284
1629013168.102773190 4.2955729327600665 1.5081607820647704 0.0 0.0 0.0 0.9608859758185518 0.27694429309019797
1629013168.206339836 4.294939643128749 1.509697464770842 0.0 0.0 0.0 0.960885990604046 0.27694424179043925
1629013168.206339836 4.29510310176877 1.5104153625903427 0.0 0.0 0.0 0.960885986715535 0.27694425528202
1629013168.403431416 4.295263603107592 1.5108790971403785 0.0 0.0 0.0 0.96088598073112 0.27694427604555
1629013168.403431416 4.296004943981802 1.5106774728394805 0.0 0.0 0.0 0.9608859921539971 0.2769442364127276
1629013168.603710651 4.296447959771382 1.5103771933836092 0.0 0.0 0.0 0.9608859825460282 0.2769442697485433
1629013168.603710651 4.294945902747882 1.5114339502507597 0.0 0.0 0.0 0.9608859784610742 0.2769442839217019
1629013168.804109335 4.295442145813423 1.5109030504541798 0.0 0.0 0.0 0.9608859814012508 0.27694427372046365
1629013169.004486561 4.295367893385402 1.5119853156270544 0.0 0.0 0.0 0.9608859891131999 0.27694424696307995
1629013169.305072069 4.296037372972078 1.5124035009700594 0.0 0.0 0.0 0.9608859897448994 0.2769442447713352
1629013169.605694056 4.295188322583313 1.5121643276199888 0.0 0.0 0.0 0.9608859898534087 0.2769442443948512
1629013169.705881596 4.294791720176004 1.5124020219765781 0.0 0.0 0.0 0.9608860054667537 0.27694419022276995
1629013169.806046009 4.293478050547678 1.5122709117510282 0.0 0.0 0.0 0.9608860135841438 0.2769441620586586
1629013170.010056734 4.294499015074688 1.511479243023021 0.0 0.0 0.0 0.9608860200850836 0.2769441395029841
1629013170.106631994 4.294330817154335 1.5109583887142723 0.0 0.0 0.0 0.9608860240750366 0.2769441256594336
1629013170.206834793 4.294477146035291 1.5110965201439233 0.0 0.0 0.0 0.9608860289114051 0.2769441088791571
1629013170.307057381 4.294215746669706 1.51155465786943 0.0 0.0 0.0 0.9608860447715221 0.2769440538508465
1629013170.407232761 4.294317280984325 1.511346164987185 0.0 0.0 0.0 0.9608860566799526 0.27694401253331136
1629013170.507467270 4.294757665455214 1.5120806056117346 0.0 0.0 0.0 0.960886051494047 0.27694403052634925
1629013170.507467270 4.294914506889421 1.5112502491679367 0.0 0.0 0.0 0.9608860508780666 0.2769440326635575
1629013170.707806826 4.295141798006548 1.5120732765405316 0.0 0.0 0.0 0.9608860529964979 0.2769440253134404
1629013171.009956837 4.2934507923202645 1.5126521061878528 0.0 0.0 0.0 0.9608860487976305 0.2769440398818463
1629013171.108597279 4.294468416189424 1.5126103889243516 0.0 0.0 0.0 0.9608860547522375 0.27694401922171913
1629013171.108597279 4.2945377491880325 1.5116842903528467 0.0 0.0 0.0 0.9608860520249666 0.27694402868426893
1629013171.309024096 4.296244563879442 1.5108956568334517 0.0 0.0 0.0 0.96088605071651 0.2769440332240949
1629013171.509395123 4.296770090658062 1.5119707551428823 0.0 0.0 0.0 0.9608860427764095 0.27694406077309547
1629013171.709802628 4.29660181255574 1.5121937428321668 0.0 0.0 0.0 0.9608860430596222 0.27694405979045994
1629013172.310935020 4.296226084144555 1.5112925943670805 0.0 0.0 0.0 0.9608860429157116 0.2769440602897729
1629013172.411147356 4.295303455607747 1.5110623744592429 0.0 0.0 0.0 0.9608860414511519 0.276944065371214
1629013172.611762047 4.293862103271694 1.5109252921633243 0.0 0.0 0.0 0.9608860351473689 0.27694408724283914
1629013172.811977863 4.294106021495564 1.510837374720291 0.0 0.0 0.0 0.9608860458539178 0.2769440500953624
1629013173.112493277 4.295285403983233 1.5107397652100336 0.0 0.0 0.0 0.9608860315386673 0.276944099763601
1629013173.212690830 4.295080374609052 1.5113771089686743 0.0 0.0 0.0 0.9608860265787602 0.276944116972508
1629013173.312892914 4.2949884986782605 1.5113823573483542 0.0 0.0 0.0 0.9608860285430366 0.2769441101572491
1629013173.413134813 4.294458735715213 1.5106969530266803 0.0 0.0 0.0 0.9608860305098799 0.27694410333308467
1629013174.114495277 4.29456098140993 1.5095403485665129 0.0 0.0 0.0 0.9608860269541057 0.27694411567020816
1629013174.314868450 4.293469514426553 1.5091175270326005 0.0 0.0 0.0 0.9608860269276362 0.27694411576204664
1629013174.415051937 4.293472469018834 1.5091168689168977 0.0 0.0 0.0 0.960886019750478 0.2769441406639321
1629013174.415051937 4.292818523847195 1.5090357549111044 0.0 0.0 0.0 0.9608860018940888 0.27694420261849356
1629013174.916043282 4.292135757774739 1.5073598204710852 0.0 0.0 0.0 0.9608860105485278 0.27694417259103765
1629013175.116446972 4.291962466216909 1.5068923530539224 0.0 0.0 0.0 0.9608860092960323 0.27694417693669854
1629013175.216599941 4.291766909177626 1.5070587112352682 0.0 0.0 0.0 0.9608859940627372 0.2769442297901608
1629013175.517198086 4.289959195935611 1.5072454442934877 0.0 0.0 0.0 0.9608859905568401 0.2769442419542247
1629013175.817921162 4.290106524742308 1.5076147441668217 0.0 0.0 0.0 0.9608859864579615 0.2769442561756972
1629013176.018274307 4.290261753369615 1.507964181816991 0.0 0.0 0.0 0.9608859837122552 0.27694426570220165
1629013176.218912125 4.290135614553067 1.508399316367533 0.0 0.0 0.0 0.9608859902749206 0.27694424293237285
1629013176.420287848 4.2909820539802395 1.5087869280200439 0.0 0.0 0.0 0.9608859935414493 0.2769442315988219
1629013176.619600296 4.291175291588578 1.5091414093366924 0.0 0.0 0.0 0.9608859876950566 0.2769442518834712
1629013176.820007801 4.290478056291163 1.5107314045467812 0.0 0.0 0.0 0.9608859821686888 0.2769442710577602
1629013177.621303797 4.290987676322671 1.5105565499054983 0.0 0.0 0.0 0.960885972034527 0.276944306219251
1629013177.721537590 4.29151436958247 1.5107190469878187 0.0 0.0 0.0 0.9608859778828788 0.2769442859278086
1629013177.921918392 4.292784083028692 1.51055111940204 0.0 0.0 0.0 0.9608859822863233 0.27694427064961574
1629013178.122301817 4.292849170856427 1.510263066844482 0.0 0.0 0.0 0.960885993529604 0.2769442316399201
1629013178.523101568 4.29372939768226 1.5104231328693225 0.0 0.0 0.0 0.9608860094906327 0.2769441762615122
1629013178.723504305 0.4040821980895556 0.37182963744942527 0.0 0.0 0.0 0.9925432809607319 0.12189272094635428
1629013179.925849915 0.40512903901534875 0.3717604233705158 0.0 0.0 0.0 0.9925432773964831 0.12189274996917573
1629013180.627175808 0.4054034252103073 0.3722738191444814 0.0 0.0 0.0 0.9925432747227342 0.12189277174086685
1629013180.828376532 0.40572102258331366 0.3716804744764619 0.0 0.0 0.0 0.992543276034936 0.1218927610559256
1629013181.328547478 0.40736802877765765 0.37217992588398985 0.0 0.0 0.0 0.992543282156961 0.12189271120574581
1629013181.428739548 0.4068815048515929 0.3731469319743036 0.0 0.0 0.0 0.9925432843165826 0.121892693620461
1629013181.629146099 0.4070394778415466 0.37247418195235754 0.0 0.0 0.0 0.9925432834537832 0.12189270064603097
1629013181.832266808 0.40683073150602667 0.3728019279777011 0.0 0.0 0.0 0.9925432805518043 0.12189272427615346
1629013182.330725193 -1.0555288480283578 -0.24198117367845653 0.0 0.0 0.0 -0.8592586210957229 0.5115414177490195
1629013182.531440973 -1.0553100796699846 -0.24253409958234814 0.0 0.0 0.0 -0.859258618039183 0.511541422883224
1629013182.734062195 -1.0558579239860826 -0.24321718182897867 0.0 0.0 0.0 -0.8592585896123525 0.511541470633018
1629013182.831467628 -1.0568432314631737 -0.2429601434377602 0.0 0.0 0.0 -0.8592585885071883 0.5115414724894107
1629013183.132084608 -1.0571096117632652 -0.24415300332340553 0.0 0.0 0.0 -0.8592585704474272 0.5115415028251802
1629013183.634452820 -1.056351595155973 -0.24431753008488968 0.0 0.0 0.0 -0.8592585982860089 0.5115414560634975
1629013184.033816814 -1.0564935190798055 -0.24410052388192907 0.0 0.0 0.0 -0.8592585568188215 0.5115415257177428
1629013184.033816814 -1.2724184530006832 -1.2354851969175926 0.0 0.0 0.0 -0.93419330106936 0.35676725779859897
1629013184.635001659 -1.2731532510630217 -1.2354923488335536 0.0 0.0 0.0 -0.9341933142319883 0.3567672233323202
1629013184.835386753 -1.2732893991242706 -1.2347094712024451 0.0 0.0 0.0 -0.9341933251243193 0.3567671948108008
1629013185.035778046 -1.2734856902927107 -1.2348449596341187 0.0 0.0 0.0 -0.9341933372517152 0.35676716305526646
1629013185.035778046 -1.2749745657028622 -1.2347884693327518 0.0 0.0 0.0 -0.9341933552317526 0.35676711597460936
1629013185.737141132 -1.2758464259054085 -1.2357385493702007 0.0 0.0 0.0 -0.9341933516179493 0.35676712543733996
1629013186.238120079 -1.2762501325355922 -1.2366452316828696 0.0 0.0 0.0 -0.9341933684777292 0.3567670812900676
1629013186.538707733 -1.2767233543202638 -1.236894856772227 0.0 0.0 0.0 -0.9341933685306556 0.35676708115148004
1629013186.638895512 -1.2776926042331056 -1.236494273335465 0.0 0.0 0.0 -0.9341933437467558 0.3567671460480293
1629013186.638895512 -1.2766290116704595 -1.2353244250919353 0.0 0.0 0.0 -0.9341933429682681 0.3567671480864961
1629013187.039713860 -1.2770956742503892 -1.2341782840870774 0.0 0.0 0.0 -0.9341933630798837 0.3567670954243072
1629013187.039713860 -1.2776874101881848 -1.2337679782740352 0.0 0.0 0.0 -0.9341933833197426 0.35676704242630464
1629013188.142455101 -1.2788993319208304 -1.233009121766111 0.0 0.0 0.0 -0.9341933757362737 0.3567670622835934
1629013188.542624950 -1.2783467606017362 -1.2333774880022492 0.0 0.0 0.0 -0.9341933877269596 0.35676703088602024
1629013188.642812967 -1.2791087938578813 -1.2325451297739245 0.0 0.0 0.0 -0.9341933877414613 0.3567670308480476
1629013188.642812967 -1.280502459718199 -1.2325673644639257 0.0 0.0 0.0 -0.9341933871805811 0.3567670323167107
1629013189.150118589 -1.2790061631986218 -1.2325255844616054 0.0 0.0 0.0 -0.9341933755987681 0.3567670626436512
1629013189.243979216 -1.279884785277911 -1.233543182847905 0.0 0.0 0.0 -0.9341933744579547 0.3567670656308675
1629013189.346075773 -1.279341576994762 -1.23421170612977 0.0 0.0 0.0 -0.9341933741727263 0.35676706637773686
1629013189.945374012 -1.277602374419867 -1.23386344134806 0.0 0.0 0.0 -0.9341933817659519 0.3567670464949003
1629013190.145747185 -1.2775081966237007 -1.2340583257660005 0.0 0.0 0.0 -0.9341933600918002 0.3567671032485929
1629013190.446377039 -1.2781399347346787 -1.2337694293123351 0.0 0.0 0.0 -0.9341933704700308 0.35676707607323255
1629013191.448290825 -1.276982516216769 -1.235729690553557 0.0 0.0 0.0 -0.9341933429147146 0.3567671482267257
1629013191.548486233 -1.276412926189176 -1.2371308974138355 0.0 0.0 0.0 -0.9341933447335149 0.3567671434642045
1629013191.548486233 -1.2762910492512818 -1.2365835231782136 0.0 0.0 0.0 -0.9341933381199968 0.3567671607816746
1629013191.949263096 -1.2769468753221638 -1.235565990351943 0.0 0.0 0.0 -0.9341933310040031 0.3567671794148743
1629013192.049455166 -1.2769167346898347 -1.2350614833624742 0.0 0.0 0.0 -0.9341933168030614 0.3567672165999772
1629013192.249902725 -1.2778339915815307 -1.2352969388210508 0.0 0.0 0.0 -0.9341933310887793 0.35676717919288803
1629013192.249902725 -1.2777308690433948 -1.2362574920216152 0.0 0.0 0.0 -0.9341933090894414 0.35676723679805494
1629013192.851044893 -1.2781203487312773 -1.2367266667716723 0.0 0.0 0.0 -0.9341933176878928 0.35676721428304997
1629013193.051414251 -1.2774922684693286 -1.2377122719152307 0.0 0.0 0.0 -0.9341933262629657 0.35676719182926003
1629013193.151612282 -1.2777798026728797 -1.2371065225401998 0.0 0.0 0.0 -0.9341933141917439 0.3567672234376999
1629013193.251803398 -1.278429921792884 -1.2377858851352392 0.0 0.0 0.0 -0.9341933138253115 0.3567672243972015
1629013193.354059696 -1.2784619492541622 -1.2373231670104903 0.0 0.0 0.0 -0.9341933111689603 0.35676723135284444
1629013193.452210426 -1.2780049527208168 -1.236837833351441 0.0 0.0 0.0 -0.9341933078013085 0.3567672401710249
1629013193.552470684 -1.2769336872739308 -1.2363953812790167 0.0 0.0 0.0 -0.9341933151399723 0.3567672209547683
1629013193.051414251 -2.5833366204804458 -0.37217949522757915 0.0 0.0 0.0 0.797268095397321 0.6036253673111562
1629013193.151612282 -2.6035827988648963 -0.3059689459318643 0.0 0.0 0.0 0.7856422602235669 0.6186810478354782
1629013193.251803398 -2.6200305764236167 -0.2447162493059404 0.0 0.0 0.0 0.7731967564828179 0.6341662051579616
1629013193.354059696 -2.6343569477361495 -0.1829202216716652 0.0 0.0 0.0 0.7610688548040457 0.6486711017513099
1629013193.452210426 -2.646990436400093 -0.12334341043332277 0.0 0.0 0.0 0.7480968076860468 0.6635896068579932
1629013193.552470684 -2.6459972889025214 -0.12161407737630596 0.0 0.0 0.0 0.748096804878855 0.6635896100226769
1629013194.253760338 -2.6453865591461376 -0.12264936865863042 0.0 0.0 0.0 0.7480968353493856 0.6635895756717657
1629013194.554497957 -2.6446215505226967 -0.12315811849906223 0.0 0.0 0.0 0.7480968277699585 0.6635895842164229
1629013194.554497957 -2.644910342232549 -0.12328426513103659 0.0 0.0 0.0 0.748096863255331 0.6635895442120338
1629013194.854950905 -2.645446382878447 -0.12282897325805112 0.0 0.0 0.0 0.7480968534570894 0.6635895552580692
1629013195.957142353 -2.6450862825904733 -0.12439830384514704 0.0 0.0 0.0 0.7480968569887827 0.6635895512766191
1629013196.458153248 -2.6445204220025493 -0.12378713428689712 0.0 0.0 0.0 0.7480968558211888 0.6635895525929048
1629013197.259631634 -2.6436521782365974 -0.124017777223643 0.0 0.0 0.0 0.7480968543004957 0.6635895543072562
1629013197.359828949 -2.6429584243376256 -0.12402074776198141 0.0 0.0 0.0 0.7480968631180545 0.6635895443667922
1629013197.760605812 -2.641918555344862 -0.12442987597138971 0.0 0.0 0.0 0.7480968621601781 0.6635895454466529
1629013198.161396980 -2.641454856595295 -0.12339792526590296 0.0 0.0 0.0 0.7480968729650949 0.6635895332657431
1629013198.562168837 -2.642208239615621 -0.12281391802841136 0.0 0.0 0.0 0.7480968617619702 0.6635895458955722
1629013199.066054821 -2.640994416299052 -0.12149501083239213 0.0 0.0 0.0 0.748096848410331 0.663589560947526
1629013199.163362503 -2.6418447292967273 -0.12257739338586773 0.0 0.0 0.0 0.7480968390693606 0.6635895714780568
1629013199.163362503 -0.701322593145356 1.381369152263465 0.0 0.0 0.0 -0.21525101269698083 0.9765587547776755
1629013199.263733149 -0.7013703098561255 1.3817698299266619 0.0 0.0 0.0 -0.21525102279758979 0.9765587525513206
1629013199.363727808 -0.7006891742505769 1.3822303607270803 0.0 0.0 0.0 -0.21525099429219063 0.9765587588344202
1629013199.865200996 -0.700410195639084 1.3824353243006369 0.0 0.0 0.0 -0.21525099192953187 0.9765587593551924
1629013199.865200996 -0.7004889582289414 1.3811902980261297 0.0 0.0 0.0 -0.21525100030683184 0.9765587575086858
1629013200.065204859 -0.7004071407592497 1.3810554265763522 0.0 0.0 0.0 -0.21525102019919798 0.9765587531240527
1629013200.767469406 -0.7014584670587437 1.3804319458286516 0.0 0.0 0.0 -0.2152510217246616 0.9765587527878132
1629013201.067073822 -0.7015294640061202 1.3803948614271009 0.0 0.0 0.0 -0.21525099051373833 0.9765587596672586
1629013201.267458916 -0.701424751428673 1.3794602534679674 0.0 0.0 0.0 -0.21525100159394445 0.9765587572249832
1629013201.267458916 -0.7015351884081367 1.3776508658833977 0.0 0.0 0.0 -0.21525103405300922 0.9765587500704247
1629013201.467884541 -0.7015179969517423 1.3776886383855573 0.0 0.0 0.0 -0.21525100624530272 0.9765587561997408
1629013201.568065166 -0.7017617741539086 1.3764985658710422 0.0 0.0 0.0 -0.21525101446289802 0.9765587543884358
1629013201.568065166 -0.7024255750749065 1.3754485094666542 0.0 0.0 0.0 -0.21525100588590415 0.9765587562789586
1629013201.768421173 -0.7017644832015478 1.3747231267007558 0.0 0.0 0.0 -0.21525097937922802 0.9765587621215035
1629013201.868645191 -0.7012200305952384 1.3752156856337925 0.0 0.0 0.0 -0.21525096072104186 0.9765587662341004
1629013202.074606419 -0.7016566028871973 1.3751581933845347 0.0 0.0 0.0 -0.21525098088887973 0.9765587617887492
1629013202.169236660 -0.7013310783315803 1.3747959745446559 0.0 0.0 0.0 -0.21525098329097087 0.9765587612592855
1629013202.369596958 -0.7012716279158616 1.3753582270595903 0.0 0.0 0.0 -0.21525092031906187 0.9765587751394162
1629013202.670295238 -0.7016890963390849 1.3751387984518664 0.0 0.0 0.0 -0.2152508878509176 0.976558782295972
1629013202.770405769 -0.701674034319037 1.3747622175563317 0.0 0.0 0.0 -0.21525097669954127 0.9765587627121542
1629013202.870672941 -0.7008435530551649 1.3740959646236535 0.0 0.0 0.0 -0.2152510226517561 0.976558752583465
1629013203.171209335 -0.7011824270544768 1.3752225628519767 0.0 0.0 0.0 -0.21525106027620136 0.9765587442903633
1629013203.171209335 -0.7009418645221326 1.3749329294836554 0.0 0.0 0.0 -0.21525106379158312 0.9765587435155101
1629013203.571948051 -0.699853323546869 1.3762616974884387 0.0 0.0 0.0 -0.21525107169478572 0.9765587417735024
1629013203.677692413 -0.7005650078096514 1.37663762144791 0.0 0.0 0.0 -0.21525107310906202 0.9765587414617706
1629013203.878424644 -0.7003495578111958 1.3767634748464488 0.0 0.0 0.0 -0.21525110279119405 0.9765587349192955
1629013204.072945595 -0.7004617243259752 1.37609856217292 0.0 0.0 0.0 -0.21525112133254387 0.9765587308324485
1629013204.072945595 -0.7008102211501698 1.376826215195505 0.0 0.0 0.0 -0.21525109814017857 0.9765587359444629
1629013204.573929071 -0.7008033415352104 1.3767866919692016 0.0 0.0 0.0 -0.21525108068927307 0.976558739790956
1629013205.475691319 -0.7006672074400127 1.3763605712148486 0.0 0.0 0.0 -0.21525102898960338 0.97655875118649
1629013205.676188707 -0.701371151281612 1.3753893993421598 0.0 0.0 0.0 -0.2152509602363314 0.9765587663409393
1629013205.878082752 -0.7028327943196128 1.3755575144870593 0.0 0.0 0.0 -0.2152509959158131 0.9765587584765448
1629013206.076845169 -0.7022663526008854 1.3748001846047728 0.0 0.0 0.0 -0.21525096306701824 0.9765587657170055
1629013206.076845169 -0.7010291222616009 1.3746148914091558 0.0 0.0 0.0 -0.2152509661646488 0.9765587650342324
1629013206.377456665 -0.7018753102981139 1.3741668845398014 0.0 0.0 0.0 -0.2152510028421773 0.9765587569498504
1629013206.477707386 -0.701557412898925 1.3745583901934622 0.0 0.0 0.0 -0.21525103165995443 0.9765587505978969
1629013207.078907251 -0.7003601328983838 1.3735845169111074 0.0 0.0 0.0 -0.21525102246006486 0.9765587526257171
1629013207.078907251 -0.7011867461940733 1.3743075010730514 0.0 0.0 0.0 -0.21525102677507973 0.9765587516746107
1629013207.379912376 -0.7000238065542423 1.3748473881733172 0.0 0.0 0.0 -0.21525106871518412 0.9765587424302601
1629013207.580000401 -0.7005926523568894 1.3748066467493174 0.0 0.0 0.0 -0.21525105457049956 0.9765587455480023
1629013208.080886364 -0.6999336932712957 1.3749704403629914 0.0 0.0 0.0 -0.2152510355284833 0.9765587497452038
1629013208.481552601 -0.6997433437652723 1.37459336990118 0.0 0.0 0.0 -0.21525102046803288 0.9765587530647967
1629013209.383306265 -0.698856175393279 1.3751427001881562 0.0 0.0 0.0 -0.2152510391889174 0.9765587489383786
1629013209.483502388 -0.6991416602049847 1.3755678931991109 0.0 0.0 0.0 -0.21525101294193852 0.9765587547236825
1629013209.784077168 -0.7009301259212318 1.374409596642551 0.0 0.0 0.0 -0.21525093317483193 0.9765587723057758
1629013209.483502388 3.4616154872125358 0.4628359773581785 0.0 0.0 0.0 0.25093639652274446 0.9680035769046413
1629013209.986763000 3.462023409169969 0.46448178355357295 0.0 0.0 0.0 0.25093641179558807 0.9680035729454489
1629013209.986763000 3.461668317822133 0.4643750447343012 0.0 0.0 0.0 0.2509364051592263 0.9680035746657988
1629013210.385328293 3.4609330722703553 0.46454861070856346 0.0 0.0 0.0 0.25093644648028757 0.9680035639541034
1629013210.786072731 3.46160399647206 0.46350952433941245 0.0 0.0 0.0 0.25093646493944755 0.9680035591689182
1629013211.487395525 3.4618577519298963 0.4632790975233512 0.0 0.0 0.0 0.25093647462553603 0.9680035566579844
1629013211.687815666 3.462315863597219 0.46390216501572723 0.0 0.0 0.0 0.25093647939002534 0.9680035554228814
1629013211.687815666 3.46128496499709 0.4649896708850327 0.0 0.0 0.0 0.2509364822843085 0.9680035546725936
1629013212.089605808 3.460250143585196 0.46395128398540286 0.0 0.0 0.0 0.2509364830486898 0.9680035544744423
1629013212.389182568 3.4601463858416186 0.46321784563493945 0.0 0.0 0.0 0.25093647493487664 0.9680035565777938
1629013212.489371300 3.460078258378472 0.46297850683228703 0.0 0.0 0.0 0.2509365447155959 0.9680035384884694
1629013212.790127516 3.4594955504042364 0.462400962486523 0.0 0.0 0.0 0.2509365336098329 0.9680035413674276
1629013213.491334200 3.458865130664433 0.4627950448837717 0.0 0.0 0.0 0.2509364891817149 0.9680035528845724
1629013213.691732168 3.4606591248217997 0.46290266950825926 0.0 0.0 0.0 0.2509365065781975 0.9680035483748654
1629013213.892106056 3.4602094763800024 0.46290572188563334 0.0 0.0 0.0 0.25093647078531656 0.9680035576534881
1629013213.992370605 3.4613671805064397 0.46374648463120033 0.0 0.0 0.0 0.25093650985364657 0.9680035475257674
1629013214.192687035 3.4623231082568022 0.46352748333029786 0.0 0.0 0.0 0.2509365386418522 0.9680035400629722
1629013214.394271851 3.462023372601134 0.4627941458622523 0.0 0.0 0.0 0.25093653047490516 0.9680035421800981
1629013214.394271851 3.4604229770593267 0.46293522885796845 0.0 0.0 0.0 0.2509365274765475 0.9680035429573653
1629013214.793873310 3.46137451536091 0.4632835361918392 0.0 0.0 0.0 0.2509365266580826 0.9680035431695369
1629013214.793873310 3.4617175285253006 0.4628884356403921 0.0 0.0 0.0 0.250936501283096 0.9680035497475197
1629013215.094453812 3.4629178454116305 0.4638319911474157 0.0 0.0 0.0 0.25093650257043687 0.9680035494138011
1629013215.595432520 3.4621296863799786 0.46308378835035197 0.0 0.0 0.0 0.2509365159017607 0.9680035459579088
1629013215.695641518 3.4616466290009016 0.4627804514149351 0.0 0.0 0.0 0.2509365210997912 0.9680035446104183
1629013215.795802355 3.461766327130207 0.4638048891214278 0.0 0.0 0.0 0.25093647674333647 0.968003556108985
1629013215.795802355 3.4615524831493345 0.464815314252514 0.0 0.0 0.0 0.25093648662321844 0.9680035535478139
1629013215.996199131 3.461323036460031 0.46445057634527614 0.0 0.0 0.0 0.2509364873605696 0.9680035533566695
1629013216.196589470 3.46017080500319 0.46456306958378846 0.0 0.0 0.0 0.25093648055642115 0.9680035551205155
1629013216.497184753 3.4603248660607795 0.4642805337589414 0.0 0.0 0.0 0.250936479791857 0.9680035553187142
1629013216.597385406 3.4597455763328324 0.4645327606046189 0.0 0.0 0.0 0.25093651309975534 0.9680035466842755
1629013216.597385406 3.460176021285752 0.4647862105049845 0.0 0.0 0.0 0.25093646504618955 0.9680035591412475
1629013217.098364115 3.4600122862039764 0.4648097505402307 0.0 0.0 0.0 0.25093646166790184 0.968003560017004
1629013217.499140263 3.4598843979045126 0.46524827560731935 0.0 0.0 0.0 0.2509364614816429 0.9680035600652882
1629013217.599331856 3.460125719476924 0.4654874684588997 0.0 0.0 0.0 0.2509364775052414 0.9680035559114757
1629013217.599331856 3.4615226895058373 0.4661459627347603 0.0 0.0 0.0 0.2509364619606902 0.9680035599411043
1629013217.799716949 3.462002009318267 0.4658455870547038 0.0 0.0 0.0 0.25093644917398444 0.9680035632558138
1629013217.799716949 3.4619752743281724 0.4653970001849863 0.0 0.0 0.0 0.25093645331762143 0.968003562181655
1629013218.100379467 3.4617149828324276 0.46518940146358145 0.0 0.0 0.0 0.2509364218209588 0.9680035703465633
1629013218.200509548 3.4621256269569516 0.46628981754491317 0.0 0.0 0.0 0.25093642297943664 0.96800357004625
1629013218.200509548 3.4632244519271995 0.4659954991299433 0.0 0.0 0.0 0.2509363972669958 0.9680035767117084
1629013219.406359673 3.4634181610066777 0.4668838100938409 0.0 0.0 0.0 0.2509363948235364 0.9680035773451285
1629013219.503051281 3.462566259660323 0.4662646545868291 0.0 0.0 0.0 0.2509363762249536 0.9680035821664549
1629013219.503051281 3.4623897407915223 0.46630544849090977 0.0 0.0 0.0 0.25093641520497084 0.9680035720616317
1629013219.804655790 3.461981410536285 0.46662386761688374 0.0 0.0 0.0 0.2509364203089269 0.9680035707385286
1629013220.204417229 3.462854730803049 0.4670029670893921 0.0 0.0 0.0 0.25093638853192896 0.9680035789761073
1629013220.806005239 3.4634668928803074 0.468222065656114 0.0 0.0 0.0 0.25093636365409866 0.968003585425208
1629013221.106210232 3.4640279332846977 0.4682670469957017 0.0 0.0 0.0 0.25093634428689415 0.9680035904457841
1629013221.406772852 3.463593521252167 0.46869983311800223 0.0 0.0 0.0 0.250936366350779 0.9680035847261453
1629013221.607167244 3.463356402724 0.46816780432502425 0.0 0.0 0.0 0.2509363486522035 0.9680035893141614
1629013221.707352638 3.4631294951102847 0.4685096331960568 0.0 0.0 0.0 0.25093639123752554 0.9680035782747332
1629013221.807577133 3.4634928758995245 0.4691476757868208 0.0 0.0 0.0 0.25093637076720243 0.9680035835812723
1629013221.907737732 3.4642832405128385 0.4681878836594015 0.0 0.0 0.0 0.2509363682984434 0.9680035842212507
1629013223.711259842 3.4647019453910244 0.4679030337962697 0.0 0.0 0.0 0.2509363974500019 0.9680035766642676
1629013223.911646843 3.464236482599788 0.46865662958420073 0.0 0.0 0.0 0.2509364193098545 0.968003570997519
1629013224.012077093 3.465013136510816 0.46940068581474087 0.0 0.0 0.0 0.2509364404269191 0.9680035655233236
1629013224.012077093 3.4652552249401873 0.4688331583449184 0.0 0.0 0.0 0.250936432209496 0.9680035676535335
1629013224.212237358 3.4640776487370117 0.46897415792927993 0.0 0.0 0.0 0.25093634184645885 0.96800359107842
1629013224.813429356 3.46383653500542 0.4681625377139692 0.0 0.0 0.0 0.2509363538203275 0.9680035879744245
1629013225.014685154 3.463099706749525 0.4683139185356066 0.0 0.0 0.0 0.25093631288311474 0.9680035985866104
1629013225.114006281 3.462675175866374 0.4680589375491331 0.0 0.0 0.0 0.2509362783047871 0.9680036075503761
1629013225.314388275 3.463134516596626 0.46815625896904645 0.0 0.0 0.0 0.25093627187227185 0.9680036092178816
1629013225.314388275 3.463652961818684 0.4672196728062073 0.0 0.0 0.0 0.2509362129638218 0.9680036244887595
1629013225.514781952 3.4631227835031377 0.4665597849114273 0.0 0.0 0.0 0.2509362005011247 0.9680036277194726
1629013225.614995480 3.463310443065385 0.46679329746856785 0.0 0.0 0.0 0.2509362090785498 0.9680036254959412
1629013225.715173721 3.4638053011600567 0.4669601078222953 0.0 0.0 0.0 0.2509362067015951 0.9680036261121207
1629013225.816148996 3.4642734720886335 0.46852138348850847 0.0 0.0 0.0 0.2509361878333799 0.9680036310033401
1629013225.915573120 3.464726630231841 0.4694978529242648 0.0 0.0 0.0 0.2509361379409482 0.9680036439369851
1629013226.015756130 3.4638480167306698 0.4696611960410536 0.0 0.0 0.0 0.25093616416763953 0.9680036371382246
1629013226.416540146 3.463840947565531 0.46796725353847934 0.0 0.0 0.0 0.2509361879412204 0.9680036309753846
1629013225.915573120 4.960694267973214 3.77022108486314 0.0 0.0 0.0 -0.3401470897806779 0.9403722440149621
1629013226.015756130 4.906245397239755 3.805866279888487 0.0 0.0 0.0 -0.3203010741257708 0.9473157984082592
1629013226.416540146 4.726211896070864 3.838890598729508 0.0 0.0 0.0 -0.24396684200942734 0.9697835737936311
1629013226.618190289 4.726387448365518 3.8388315501670536 0.0 0.0 0.0 -0.24396682514366003 0.969783578036524
1629013226.817325592 4.726194989950915 3.8387930942044637 0.0 0.0 0.0 -0.2439668334738479 0.9697835759409126
1629013226.917517185 4.726711427244081 3.8383225379833084 0.0 0.0 0.0 -0.2439668100888826 0.969783581823829
1629013227.318311214 4.7274431474197005 3.838781748954923 0.0 0.0 0.0 -0.24396676857868124 0.9697835922664789
1629013227.418504953 4.726816556507887 3.8399172921347935 0.0 0.0 0.0 -0.24396673537973002 0.9697836006182806
1629013227.418504953 4.7265834363851935 3.840595529267137 0.0 0.0 0.0 -0.24396667898563956 0.9697836148052399
1629013227.618903399 4.726948715414395 3.840878227268985 0.0 0.0 0.0 -0.2439666698897544 0.9697836170934749
1629013227.819284201 4.7266844266053925 3.840903217450199 0.0 0.0 0.0 -0.24396667127290664 0.9697836167455178
1629013228.220059395 4.726398781283038 3.841426180224367 0.0 0.0 0.0 -0.24396663730900614 0.9697836252897529
1629013228.420449734 4.725272646503793 3.8398346366448295 0.0 0.0 0.0 -0.243966635579038 0.9697836257249577
1629013228.620867252 4.725126711117663 3.8397207609085573 0.0 0.0 0.0 -0.24396658533565707 0.9697836383645888
1629013228.821250439 4.72502861403817 3.8405686125610385 0.0 0.0 0.0 -0.2439665850313726 0.969783638441137
1629013229.021659851 4.725102666840478 3.840576755015074 0.0 0.0 0.0 -0.24396658677665034 0.9697836380020809
1629013229.121829271 4.72586781122706 3.840715409163473 0.0 0.0 0.0 -0.24396663744453598 0.9697836252556579
1629013229.222027302 4.726111162669373 3.8409556430960814 0.0 0.0 0.0 -0.24396663741837857 0.9697836252622383
1629013229.222027302 4.725999980103739 3.841730215879092 0.0 0.0 0.0 -0.24396659374732246 0.9697836362484824
1629013229.422421217 4.725820408962051 3.84250913020589 0.0 0.0 0.0 -0.24396665431008419 0.9697836210128236
1629013230.023580551 4.725672445363902 3.841790715032661 0.0 0.0 0.0 -0.24396661692941515 0.969783630416608
1629013230.123798370 4.726249582955682 3.842044218916727 0.0 0.0 0.0 -0.2439666020076776 0.9697836341704409
1629013230.223979473 4.727189280537934 3.8422427343420202 0.0 0.0 0.0 -0.24396660063146564 0.9697836345166518
1629013230.223979473 4.726523827440206 3.8428920320784443 0.0 0.0 0.0 -0.243966601938365 0.9697836341878777
1629013230.424386501 4.726113858823591 3.8428022303390144 0.0 0.0 0.0 -0.24396655884287607 0.9697836450293259
1629013230.624771357 4.724403472172169 3.8427417835098283 0.0 0.0 0.0 -0.24396654598607048 0.969783648263687
1629013230.724998474 4.724343701276325 3.8430669606306895 0.0 0.0 0.0 -0.24396654875949708 0.9697836475659816
1629013230.724998474 4.724642602521453 3.8419237812964915 0.0 0.0 0.0 -0.24396657539661187 0.9697836408649351
1629013231.125766754 4.724860927335225 3.841536932312818 0.0 0.0 0.0 -0.24396660833892253 0.9697836325777017
1629013231.225924015 4.724833810886534 3.842953705455661 0.0 0.0 0.0 -0.2439665893606256 0.9697836373520353
1629013231.426332474 4.72468840264883 3.8421351860180066 0.0 0.0 0.0 -0.24396661470264494 0.9697836309767922
1629013231.726910353 4.723873605853475 3.842067109593346 0.0 0.0 0.0 -0.24396664818375452 0.9697836225540128
1629013231.927503109 4.722704477018893 3.8411481708800985 0.0 0.0 0.0 -0.24396664682918412 0.9697836228947796
1629013232.027493000 4.721584305953165 3.8418468903486778 0.0 0.0 0.0 -0.2439665736105236 0.9697836413142578
1629013232.227927685 4.720333134625083 3.842253024550212 0.0 0.0 0.0 -0.24396656959035296 0.9697836423256042
1629013232.328094959 4.721447599444785 3.8435320288684154 0.0 0.0 0.0 -0.2439665632261326 0.9697836439266386
1629013232.428275108 4.72226224065551 3.8435929485039004 0.0 0.0 0.0 -0.2439665704428506 0.9697836421111431
1629013232.528468847 4.721870441077976 3.843500293415387 0.0 0.0 0.0 -0.24396659017958922 0.9697836371460102
1629013232.628664970 4.720546356552463 3.844681319033835 0.0 0.0 0.0 -0.24396655611128484 0.9697836457165069
1629013232.728875399 4.720498702043383 3.844684289393809 0.0 0.0 0.0 -0.2439666070114779 0.9697836329116444
1629013233.129659176 4.7210253460908795 3.844849375564116 0.0 0.0 0.0 -0.24396661984999066 0.9697836296818844
1629013233.430244684 4.721716838411665 3.8457080050978445 0.0 0.0 0.0 -0.24396660669464154 0.9697836329913503
1629013233.530465126 4.721247968918475 3.84593868925954 0.0 0.0 0.0 -0.24396658829408943 0.9697836376203417
1629013233.530465126 4.721899356472106 3.84455641798062 0.0 0.0 0.0 -0.24396655751600538 0.9697836453631241
1629013233.730814695 4.721537882761414 3.844111095917163 0.0 0.0 0.0 -0.24396656008377887 0.9697836447171544
1629013234.632601976 4.722649917285858 3.844266834017846 0.0 0.0 0.0 -0.24396652601857213 0.9697836532868707
1629013235.033603668 4.721753822297286 3.8439612341738503 0.0 0.0 0.0 -0.24396651187392154 0.969783656845212
1629013235.133549213 4.722615201565435 3.8438263916775313 0.0 0.0 0.0 -0.2439665076069133 0.9697836579186545
1629013235.133549213 4.722808189397223 3.843452216916494 0.0 0.0 0.0 -0.24396652120837298 0.9697836544969628
1629013235.534484386 4.722819177634975 3.84351429049057 0.0 0.0 0.0 -0.2439665770126834 0.9697836404583831
1629013236.035361052 4.723558248313874 3.8443366046156524 0.0 0.0 0.0 -0.24396663028034693 0.9697836270579394
1629013236.335923672 4.723656607489671 3.84374532758993 0.0 0.0 0.0 -0.2439666258343445 0.9697836281764118
1629013236.536616802 4.7243917437874074 3.8454952476917734 0.0 0.0 0.0 -0.24396663841952318 0.9697836250103822
1629013236.736684799 4.724335807871082 3.8448049990692637 0.0 0.0 0.0 -0.2439666613716111 0.9697836192363685
1629013237.037281513 4.724226767641685 3.8450993528173347 0.0 0.0 0.0 -0.24396664867100437 0.9697836224314363
1629013237.137472868 4.723476005011895 3.8447425470568035 0.0 0.0 0.0 -0.243966648705345 0.9697836224227974
1629013237.237663746 4.724018134801006 3.844594297171856 0.0 0.0 0.0 -0.24396662853047252 0.969783627498152
1629013237.337888718 4.7245628879368216 3.843226204485875 0.0 0.0 0.0 -0.24396663380293382 0.9697836261717689
1629013237.337888718 4.72553870550769 3.8429461859366256 0.0 0.0 0.0 -0.24396662614526807 0.9697836280981934
1629013237.738643646 4.725317516535109 3.8421376777800886 0.0 0.0 0.0 -0.2439666863911334 0.9697836129422535
1629013238.239623070 4.725441812255411 3.842531765263896 0.0 0.0 0.0 -0.24396671017478497 0.9697836069590434
1629013238.441780090 4.725931160728982 3.842959892438121 0.0 0.0 0.0 -0.2439667227551771 0.9697836037942168
1629013238.640418053 4.727044717767606 3.842949722036382 0.0 0.0 0.0 -0.2439667554683984 0.9697835955646098
1629013238.941011429 4.727243510650028 3.8428166885828956 0.0 0.0 0.0 -0.2439667514870433 0.9697835965661923
1629013239.041179180 4.727245455226985 3.8433057532621504 0.0 0.0 0.0 -0.24396674803584592 0.969783597434404
1629013239.141399860 4.726975577362241 3.8441310009746488 0.0 0.0 0.0 -0.24396674274517102 0.9697835987653697
1629013239.141399860 4.727190045858552 3.844863071315832 0.0 0.0 0.0 -0.24396675114146804 0.9697835966531281
1629013239.141399860 4.725812049160685 3.8444726349844665 0.0 0.0 0.0 -0.24396680019835454 0.9697835843119722
1629013239.542208195 4.725966075466566 3.8451367913565733 0.0 0.0 0.0 -0.2439668174140899 0.9697835799810389
1629013239.942944527 4.725119791549332 3.844471230267843 0.0 0.0 0.0 -0.24396684328623838 0.9697835734724258
1629013240.043147087 4.725795935743997 3.843827244926196 0.0 0.0 0.0 -0.24396685147461752 0.9697835714124888
1629013240.143421173 4.726041303107081 3.844235611608253 0.0 0.0 0.0 -0.24396683594711835 0.9697835753187161
1629013240.443916321 4.726582337968316 3.8438856462902065 0.0 0.0 0.0 -0.24396683467497748 0.9697835756387464
1629013240.544137478 4.726149140886839 3.8435053498746754 0.0 0.0 0.0 -0.2439668199870053 0.9697835793337749
1629013240.644346952 4.726294841944744 3.8437138734554317 0.0 0.0 0.0 -0.24396680828240194 0.9697835822782822
1629013241.045111418 4.725774439348083 3.8430881239365218 0.0 0.0 0.0 -0.24396684734325472 0.969783572451809
1629013241.245482445 4.724821812312326 3.8433522121691857 0.0 0.0 0.0 -0.2439668700685073 0.9697835667348546
1629013241.245482445 4.723981837824392 3.843122665013359 0.0 0.0 0.0 -0.24396687727486757 0.9697835649219623
1629013241.646275520 4.725211089569311 3.8433378458085876 0.0 0.0 0.0 -0.24396685904646934 0.9697835695076505
1629013241.746649981 4.724650345438361 3.842094923738336 0.0 0.0 0.0 -0.24396679301978125 0.9697835861178736
1629013241.846660614 4.725336464134732 3.842804914809154 0.0 0.0 0.0 -0.2439667894148563 0.9697835870247584
1629013242.247446537 4.7258224595271345 3.8426946356575207 0.0 0.0 0.0 -0.24396680854531821 0.9697835822121408
1629013242.347635746 4.725289951569753 3.8423756510715834 0.0 0.0 0.0 -0.24396675699655623 0.9697835951801739
1629013242.748418331 4.724702714452928 3.8427439455399695 0.0 0.0 0.0 -0.24396677002099898 0.9697835919036375
1629013241.746649981 4.602138560684252 -0.7884575476741486 0.0 0.0 0.0 0.8563611565860585 0.5163773518373829
1629013241.846660614 4.632500986913141 -0.8130709004011767 0.0 0.0 0.0 0.8474145171942783 0.5309318563133958
1629013242.247446537 4.7234900431412505 -0.9112096262179773 0.0 0.0 0.0 0.8087888765533187 0.5880991014817322
1629013242.347635746 4.747951368882413 -0.9577383243651009 0.0 0.0 0.0 0.7982829397055147 0.6022826148703958
1629013242.748418331 4.790318910865301 -1.0252423473179504 0.0 0.0 0.0 0.7693361285661403 0.638844207364255
1629013242.948856115 4.8157727449171155 -1.0471806678873545 0.0 0.0 0.0 0.7740279349362644 0.6331514478687559
1629013243.049047709 4.81819011595436 -1.0488873537956114 0.0 0.0 0.0 0.7780709890680744 0.6281763573795408
1629013243.550235271 4.854841816505378 -1.0563636184718748 0.0 0.0 0.0 0.8107016423226568 0.5854595179304432
1629013243.750394821 4.890357806621153 -1.076579998500114 0.0 0.0 0.0 0.8257164013663568 0.5640854762485856
1629013243.850748301 4.908983024961992 -1.0862698834330962 0.0 0.0 0.0 0.8330103099595418 0.5532574658340437
1629013244.551958561 4.909357735565216 -1.0864468060386574 0.0 0.0 0.0 0.8330102938450437 0.5532574900967848
1629013244.752338409 4.910524914977552 -1.0863674051068544 0.0 0.0 0.0 0.8330102936734503 0.5532574903551439
1629013245.052947521 4.910080466632664 -1.0874937263522322 0.0 0.0 0.0 0.8330102860237593 0.5532575018728754
1629013245.253318071 4.910251733693082 -1.0873992577792662 0.0 0.0 0.0 0.8330102941562414 0.553257489628231
1629013245.654092550 4.9092579133987275 -1.087248288118712 0.0 0.0 0.0 0.8330102723034085 0.5532575225308746
1629013245.858057976 4.908365563000246 -1.0878677530614593 0.0 0.0 0.0 0.8330102856074338 0.5532575024997145
1629013245.954675913 4.909069500735621 -1.0875628799098722 0.0 0.0 0.0 0.8330102847029134 0.5532575038616026
1629013246.255266666 4.909609757692842 -1.0880738394645417 0.0 0.0 0.0 0.8330103018197009 0.5532574780897686
1629013246.555862904 4.909621299389496 -1.0877167658113929 0.0 0.0 0.0 0.8330102978863744 0.5532574840119688
1629013246.956682920 4.910312620022555 -1.0868782343402856 0.0 0.0 0.0 0.8330102869557735 0.5532575004695914
1629013247.057110310 4.910400123165903 -1.0865832535012288 0.0 0.0 0.0 0.8330102697805233 0.5532575263294479
1629013247.157055855 4.909538927003441 -1.0863893249418883 0.0 0.0 0.0 0.8330102377324194 0.553257574582561
1629013247.157055855 4.909760563160532 -1.086705735045689 0.0 0.0 0.0 0.8330102344149871 0.5532575795774407
1629013247.358104467 4.910942319653471 -1.0882541389037734 0.0 0.0 0.0 0.8330102382218076 0.5532575738457154
1629013247.557822704 4.910886047330337 -1.087925216224792 0.0 0.0 0.0 0.8330102478492398 0.5532575593502073
1629013247.958601952 4.910983679734192 -1.0880518346986632 0.0 0.0 0.0 0.8330102232645942 0.5532575963659884
1629013248.259931803 4.909955344694961 -1.089059823200902 0.0 0.0 0.0 0.8330102366007488 0.5532575762864568
1629013248.359395504 4.911037831883637 -1.0897372364950821 0.0 0.0 0.0 0.8330102098827793 0.5532576165142672
1629013248.459567547 4.91165375072093 -1.0899369844621916 0.0 0.0 0.0 0.8330101909949835 0.5532576449526035
1629013248.559775829 4.911012742102582 -1.0907475115588867 0.0 0.0 0.0 0.8330101907030836 0.5532576453921015
1629013248.559775829 4.912586706112636 -1.0902647271591013 0.0 0.0 0.0 0.8330101613220926 0.5532576896294721
1629013248.960558414 4.912987675595337 -1.090339776620786 0.0 0.0 0.0 0.8330101520892893 0.5532577035308041
1629013249.261137486 4.91244194760154 -1.0921547256622044 0.0 0.0 0.0 0.8330101491259191 0.55325770799259
1629013249.461553097 4.911561768567863 -1.0933030986455905 0.0 0.0 0.0 0.8330101450639332 0.553257714108502
1629013249.661929369 4.912424508750396 -1.0933111488202076 0.0 0.0 0.0 0.8330101329471187 0.5532577323521323
1629013250.263106346 4.912575960233389 -1.0933286583616553 0.0 0.0 0.0 0.8330101423454893 0.5532577182015156
1629013250.363283634 4.912602418568482 -1.0924902383248853 0.0 0.0 0.0 0.8330101487781103 0.5532577085162669
1629013250.463474512 4.914221978731435 -1.09312861702395 0.0 0.0 0.0 0.8330101628118427 0.553257687386436
1629013250.666935921 4.914363083621769 -1.0933187500542232 0.0 0.0 0.0 0.8330101693014961 0.5532576776153159
1629013250.864261150 4.912787901055299 -1.0938936945417947 0.0 0.0 0.0 0.833010165935076 0.5532576826839525
1629013251.365235329 4.914384703217856 -1.0926171599572823 0.0 0.0 0.0 0.8330101441021167 0.5532577155566569
1629013251.465437651 4.915463530856846 -1.092868495651549 0.0 0.0 0.0 0.8330101350866117 0.5532577291308138
1629013251.565629005 4.91569405518534 -1.0929815655136945 0.0 0.0 0.0 0.8330101450000926 0.5532577142046233
1629013252.166831970 4.915275960415206 -1.092547857557439 0.0 0.0 0.0 0.8330101061110011 0.5532577727578155
1629013252.367221832 4.914278565141034 -1.0922398708140304 0.0 0.0 0.0 0.8330101174964885 0.5532577556153067
1629013252.467393875 4.915673655195778 -1.0928837726679173 0.0 0.0 0.0 0.8330101041749655 0.5532577756727989
1629013252.567692995 4.915379289058925 -1.0938405800624253 0.0 0.0 0.0 0.8330101034387036 0.5532577767813484
1629013252.667804718 4.916001582438679 -1.0945345058517617 0.0 0.0 0.0 0.8330100997851231 0.5532577822823456
1629013252.667804718 4.914850089094359 -1.094481058746223 0.0 0.0 0.0 0.8330100780879366 0.5532578149506157
1629013252.868175983 4.913191841074798 -1.0944207868937896 0.0 0.0 0.0 0.8330101010657486 0.5532577803541776
1629013253.068570137 4.912644871540395 -1.094002735054512 0.0 0.0 0.0 0.8330101169281031 0.5532577564710937
1629013253.168779850 4.912593558599219 -1.092735932823551 0.0 0.0 0.0 0.8330101087574671 0.5532577687731759
1629013253.168779850 4.9118247760108416 -1.0934622573631754 0.0 0.0 0.0 0.8330101180421792 0.5532577547936899
1629013253.769940376 4.910505065175925 -1.0940347693594117 0.0 0.0 0.0 0.8330101003799579 0.5532577813867351
1629013253.970323563 4.910252863542291 -1.094102675013395 0.0 0.0 0.0 0.8330100934396876 0.5532577918363221
1629013254.070553541 4.9102375043002 -1.0932366654901697 0.0 0.0 0.0 0.8330100818476074 0.5532578092898848
1629013254.170717239 4.9105244308974 -1.0928659895160195 0.0 0.0 0.0 0.8330100909831472 0.5532577955350009
1629013254.170717239 4.910417071406252 -1.0933998787583972 0.0 0.0 0.0 0.833010093874558 0.5532577911815612
1629013254.771917343 4.911013762003765 -1.0919630367936166 0.0 0.0 0.0 0.833010087533738 0.5532578007285882
1629013254.972341061 4.912069134958166 -1.0922045382911247 0.0 0.0 0.0 0.8330101003256548 0.5532577814684965
1629013255.573482752 4.911855336341876 -1.0933604068120535 0.0 0.0 0.0 0.8330100730714979 0.5532578225035936
1629013255.974318027 4.910844109127048 -1.093616240518467 0.0 0.0 0.0 0.8330100692706575 0.5532578282263112
1629013256.074461937 4.911029293621858 -1.0939491814166558 0.0 0.0 0.0 0.8330100883515351 0.5532577994972756
1629013256.074461937 4.9116899459633485 -1.0936614669959324 0.0 0.0 0.0 0.8330100809834776 0.5532578105909577
1629013256.174642801 4.910793240583464 -1.093955918402777 0.0 0.0 0.0 0.8330101123857252 0.5532577633103051
1629013256.876011133 4.912409172106536 -1.0942663350423576 0.0 0.0 0.0 0.8330101217018533 0.5532577492835176
1629013257.076419830 4.912719997797535 -1.095278694721761 0.0 0.0 0.0 0.8330101224994294 0.5532577480826505
1629013257.276793480 4.914008321771903 -1.0951204763114475 0.0 0.0 0.0 0.8330101205854659 0.5532577509644014
1629013258.078352928 4.914022201025396 -1.0958466829004994 0.0 0.0 0.0 0.8330101196062628 0.5532577524387342
1629013258.579374075 4.914335658405988 -1.0963300135100742 0.0 0.0 0.0 0.8330101146846886 0.553257759848881
1629013258.779723406 4.913505698690211 -1.0969283954128108 0.0 0.0 0.0 0.8330101137869612 0.5532577612005402
1629013258.980110645 4.913605134528491 -1.0952995310957827 0.0 0.0 0.0 0.8330101262940974 0.5532577423692251
1629013259.581286430 4.914636826958248 -1.0954768768849499 0.0 0.0 0.0 0.8330101455017367 0.553257713449325
1629013260.082254410 4.913690561201264 -1.0949277851993686 0.0 0.0 0.0 0.8330101600131798 0.5532576916002312
1629013260.182537079 4.913997671410294 -1.0942793702538978 0.0 0.0 0.0 0.8330101450557722 0.5532577141207896
1629013260.182537079 4.9139380758261035 -1.0938011423082188 0.0 0.0 0.0 0.8330101653883278 0.5532576835071618
1629013260.382846355 4.913579326039981 -1.0936579953703474 0.0 0.0 0.0 0.8330101602663398 0.5532576912190619
1629013260.683427811 4.9130192069226535 -1.0938277128817289 0.0 0.0 0.0 0.8330101498018159 0.5532577069749289
1629013260.783623695 4.913384581858224 -1.093562330406679 0.0 0.0 0.0 0.833010117925227 0.5532577549697785
1629013260.984056950 4.914810314575855 -1.0933541374734561 0.0 0.0 0.0 0.833010113336761 0.5532577618783822
1629013261.184803009 4.914956812053776 -1.0932304044870107 0.0 0.0 0.0 0.8330101039182719 0.5532577760592885
1629013261.385650158 4.9160911447435405 -1.0924135970010767 0.0 0.0 0.0 0.8330100963472155 0.5532577874586158
1629013261.485024929 4.915583270923234 -1.0926646413559884 0.0 0.0 0.0 0.8330101090184127 0.5532577683802843
1629013262.086208582 4.914459850420424 -1.0926325606787934 0.0 0.0 0.0 0.833010122690241 0.5532577477953559
1629013262.186375856 4.914931534333228 -1.0916189361934039 0.0 0.0 0.0 0.83301010745426 0.5532577707353439
1629013262.286608219 4.915872207579399 -1.0912399389105838 0.0 0.0 0.0 0.8330101287907495 0.5532577386101517
1629013262.687365055 4.915596592659086 -1.090824565520558 0.0 0.0 0.0 0.8330101138315716 0.5532577611333727
1629013262.787581205 4.915237871137335 -1.0894651136667572 0.0 0.0 0.0 0.8330101043323384 0.5532577754358511
1629013262.887779713 4.91466550865765 -1.0896598080064375 0.0 0.0 0.0 0.8330100892912913 0.553257798082336
1629013263.088128090 4.913644545634063 -1.089912424225647 0.0 0.0 0.0 0.8330101067476043 0.5532577717993167
1629013263.088128090 4.913620404740415 -1.0899405300148675 0.0 0.0 0.0 0.83301014898261 0.5532577082083627
1629013263.388790369 4.913280401899954 -1.0899268902225254 0.0 0.0 0.0 0.8330101295599949 0.5532577374519408
1629013263.589112759 4.912975808332317 -1.0900712234251464 0.0 0.0 0.0 0.8330101256516477 0.5532577433365268
1629013263.689300060 4.914853332139137 -1.0903611682674723 0.0 0.0 0.0 0.8330101471293727 0.5532577109986817
1629013263.689300060 4.915040627475632 -1.0903302585997898 0.0 0.0 0.0 0.8330101474112607 0.5532577105742583
1629013264.691281557 4.915487410046108 -1.091914934963571 0.0 0.0 0.0 0.8330101554330542 0.5532576984962784
1629013265.292447567 4.915900474455161 -1.0922078606326204 0.0 0.0 0.0 0.8330101610766365 0.5532576899990421
1629013265.893932343 4.916329454404152 -1.091882166758172 0.0 0.0 0.0 0.8330101781711556 0.553257664260749
1629013266.795362473 4.9161818692386685 -1.0910740925967786 0.0 0.0 0.0 0.8330101811275674 0.5532576598094394
1629013266.996018648 4.915339132387997 -1.0910590806397038 0.0 0.0 0.0 0.8330101698266833 0.5532576768245699
1629013266.996018648 8.742066043448082 -0.5581668039071025 0.0 0.0 0.0 0.8284546245075355 0.5600561892632545
1629013267.296465397 8.741981426494675 -0.557494872544331 0.0 0.0 0.0 0.8284545776071383 0.5600562586399497
1629013267.396602631 8.743121069272695 -0.5576099716106135 0.0 0.0 0.0 0.8284545911499982 0.5600562386068826
1629013267.396602631 8.742446758676047 -0.5576744274167686 0.0 0.0 0.0 0.8284546349948142 0.5600561737501063
1629013267.596940279 8.74210848151982 -0.5583072120248421 0.0 0.0 0.0 0.8284546210520194 0.5600561943747744
1629013268.498708248 8.741090167483307 -0.5595511685321483 0.0 0.0 0.0 0.82845460527125 0.560056217718237
1629013269.099856377 8.741278729121273 -0.5577925266999256 0.0 0.0 0.0 0.8284545906485405 0.5600562393486561
1629013269.200072765 8.73986966374348 -0.557662784109264 0.0 0.0 0.0 0.8284545915456214 0.560056238021663
1629013269.400448322 8.740482179403063 -0.5585688304798195 0.0 0.0 0.0 0.828454606614373 0.5600562157314429
1629013269.500660896 8.74015112323613 -0.5598230293715999 0.0 0.0 0.0 0.8284545960531431 0.5600562313539807
1629013269.600833416 8.740697218967908 -0.5598286090643997 0.0 0.0 0.0 0.8284545741515495 0.5600562637515759
1629013269.702066660 8.73966713889593 -0.5588660372452808 0.0 0.0 0.0 0.8284546072068801 0.5600562148549858
1629013269.801248312 8.73989399516108 -0.558953841023 0.0 0.0 0.0 0.8284546210469038 0.5600561943823414
1629013269.901425600 8.739075015911832 -0.5590600157246218 0.0 0.0 0.0 0.8284546104101973 0.5600562101165277
1629013270.202024698 8.737594344747038 -0.5584815846516189 0.0 0.0 0.0 0.8284546082853957 0.560056213259608
1629013270.302225113 8.738789369273496 -0.5587199534757649 0.0 0.0 0.0 0.8284545993691536 0.560056226448823
1629013270.403551102 8.737445652897694 -0.5580296284082885 0.0 0.0 0.0 0.8284545958056377 0.5600562317200991
1629013270.602983952 8.738375239062323 -0.5581708222862578 0.0 0.0 0.0 0.8284546145252126 0.560056204029454
1629013270.702999592 8.738508290854266 -0.5579568915716849 0.0 0.0 0.0 0.828454599353531 0.5600562264719324
1629013269.801248312 7.5085739615434655 0.23479424442712835 0.0 0.0 0.0 -0.9994673389064626 0.03263492698374389
1629013269.901425600 7.434393969884863 0.24097481554914557 0.0 0.0 0.0 -0.9983544709019152 0.057344140329739605
1629013270.202024698 7.216661941636665 0.2630328684739979 0.0 0.0 0.0 -0.9963639789548611 0.08519871736849742
1629013270.302225113 7.124903747019391 0.2701884497272855 0.0 0.0 0.0 -0.9968194361400238 0.07969323518018977
1629013270.403551102 7.0419793223071965 0.27658288998125596 0.0 0.0 0.0 -0.9976771513334607 0.06811976003444943
1629013270.602983952 6.883086011781479 0.28254552365448615 0.0 0.0 0.0 -0.9993747582633022 0.03535664783553778
1629013270.702999592 6.801394120540234 0.2842285777315102 0.0 0.0 0.0 -0.9998680547472283 0.016244171139014867
1629013270.903461933 6.640905746208731 0.27699261169916595 0.0 0.0 0.0 0.999761181597147 0.021853598593285294
1629013271.204852819 6.412544550830877 0.31510895540266604 0.0 0.0 0.0 0.9962957494435223 0.08599290459549759
1629013271.404375553 6.264018294352069 0.352360133338507 0.0 0.0 0.0 0.991531864075309 0.12986363048730384
1629013275.311985254 6.264566433475498 0.35269165769435534 0.0 0.0 0.0 0.991531856191688 0.12986369068013412
1629013275.812977314 6.264390118626404 0.35202679930172687 0.0 0.0 0.0 0.9915318540138786 0.12986370730808794
1629013275.913190365 6.265092356657113 0.3517248284551545 0.0 0.0 0.0 0.9915318522418594 0.12986372083775982
1629013276.013378859 6.264571107552741 0.3513868974983686 0.0 0.0 0.0 0.9915318502344468 0.1298637361646991
1629013276.013378859 6.2633767051445 0.35221341698752295 0.0 0.0 0.0 0.9915318565402835 0.12986368801854745
1629013276.313955784 6.2643886525913945 0.3527590559867615 0.0 0.0 0.0 0.9915318545703414 0.12986370305939737
1629013276.514402390 6.263979939499085 0.35316736257816167 0.0 0.0 0.0 0.9915318548096219 0.12986370123244936
1629013276.614527225 6.264974515293533 0.35350608040937465 0.0 0.0 0.0 0.9915318546444983 0.12986370249319665
1629013277.015316010 6.265375984861912 0.3544239297316029 0.0 0.0 0.0 0.9915318550006549 0.12986369977387982
1629013277.015316010 6.266045242590482 0.3548772369563434 0.0 0.0 0.0 0.9915318504498565 0.12986373452000904
1629013277.015316010 6.26641698601237 0.35576607720869985 0.0 0.0 0.0 0.9915318501164122 0.12986373706591325
1629013277.215725422 6.266364367524984 0.3561334640114217 0.0 0.0 0.0 0.9915318459488588 0.12986376888589304
1629013277.416112423 6.265882131240725 0.35550966836099585 0.0 0.0 0.0 0.9915318419351877 0.12986379953094654
1629013277.416112423 6.266432065283438 0.35529574573047196 0.0 0.0 0.0 0.991531838623595 0.12986382481550945
1629013277.616681337 6.265033955276973 0.3552003788284086 0.0 0.0 0.0 0.991531841557991 0.12986380241090667
1629013278.117462635 6.2647485475381455 0.3546001364110644 0.0 0.0 0.0 0.9915318464886125 0.12986376476478156
1629013278.317893028 6.264268939404924 0.35357937226734637 0.0 0.0 0.0 0.9915318394487975 0.12986381851495046
1629013278.418324947 6.264578831609408 0.3542439318289381 0.0 0.0 0.0 0.9915318305123507 0.12986388674618918
1629013278.518271446 6.263385715643266 0.35477065362802507 0.0 0.0 0.0 0.9915318280104745 0.12986390584841848
1629013278.518271446 6.263608833231047 0.3558294808749142 0.0 0.0 0.0 0.9915318240032088 0.12986393644453265
1629013278.718654156 6.2634500707275995 0.3555828014843798 0.0 0.0 0.0 0.9915318228515441 0.1298639452376765
1629013278.919036388 6.264728287525284 0.3552757932517242 0.0 0.0 0.0 0.9915318148739937 0.12986400614752477
1629013279.019241810 6.264597281065401 0.3551914530514695 0.0 0.0 0.0 0.9915318136066469 0.1298640158239133
1629013279.019241810 6.263840750378903 0.35604867277437663 0.0 0.0 0.0 0.9915318139843542 0.12986401294005986
1629013279.822077751 6.264004673218659 0.3560110418055404 0.0 0.0 0.0 0.9915318154463983 0.12986400177712623
1629013280.021559715 6.263237769524701 0.3558643266086845 0.0 0.0 0.0 0.9915318169955212 0.1298639899493323
1629013280.021559715 6.2629932888243225 0.3554442952258419 0.0 0.0 0.0 0.9915318197177062 0.12986396916502316
1629013280.822953224 4.17444820624421 -0.15003944351728032 0.0 0.0 0.0 0.6945063359304176 0.7194865873332915
1629013281.023141384 4.1743609103143555 -0.15034249418036663 0.0 0.0 0.0 0.6945063797920512 0.7194865449945115
1629013281.323719501 4.174157893604028 -0.14938098049313914 0.0 0.0 0.0 0.6945063740536227 0.7194865505337049
1629013281.524127960 4.17431589033379 -0.15022099271145714 0.0 0.0 0.0 0.6945063913876475 0.7194865338015075
1629013281.724548578 4.174837025347119 -0.151177295506164 0.0 0.0 0.0 0.6945063946026504 0.7194865306981275
1629013281.824714661 4.175166197211422 -0.15087187819758413 0.0 0.0 0.0 0.694506351600857 0.7194865722069222
1629013281.824714661 4.1740923228229 -0.15073828816317403 0.0 0.0 0.0 0.6945063658167415 0.719486558484606
1629013282.125304222 4.173325242194144 -0.15128390849188128 0.0 0.0 0.0 0.6945063446239189 0.7194865789416244
1629013282.225491524 4.17415491872296 -0.1510004432172296 0.0 0.0 0.0 0.6945063489657888 0.7194865747505023
1629013282.225491524 4.174104326301258 -0.15117048614898057 0.0 0.0 0.0 0.6945063744574016 0.7194865501439449
1629013282.526069880 4.174077556905153 -0.15115157489853315 0.0 0.0 0.0 0.6945063903189134 0.7194865348331358
1629013283.027065277 4.1747564470402265 -0.15093248371303244 0.0 0.0 0.0 0.6945063630572574 0.7194865611482822
1629013283.127244234 4.1747863878137474 -0.15141830372504994 0.0 0.0 0.0 0.6945063858670208 0.7194865391304612
1629013283.227453947 4.174167998657074 -0.15128567139378882 0.0 0.0 0.0 0.6945063851733198 0.7194865398000774
1629013283.227453947 4.1742613058040465 -0.1519199870203283 0.0 0.0 0.0 0.6945063825355412 0.7194865423462738
1629013283.728429317 4.174603464872255 -0.15085049409648918 0.0 0.0 0.0 0.694506374427499 0.7194865501728094
1629013283.928811550 4.172839986853865 -0.1509629543894479 0.0 0.0 0.0 0.6945063949534716 0.7194865303594867
1629013284.029018402 4.174499128809477 -0.1505070253697953 0.0 0.0 0.0 0.6945064144588002 0.7194865115313707
1629013284.129204512 4.174410246335319 -0.1490970228460141 0.0 0.0 0.0 0.6945064060516122 0.7194865196466665
1629013284.129204512 4.174535454481112 -0.14913633399691786 0.0 0.0 0.0 0.6945064398338817 0.7194864870372943
1629013285.031048775 4.173981817556677 -0.14951665724035018 0.0 0.0 0.0 0.694506419470207 0.7194865066939566
1629013285.131157875 4.173761537726815 -0.1489850507138948 0.0 0.0 0.0 0.6945064254558109 0.7194865009161688
1629013285.131157875 4.173845328402871 -0.15005427981987302 0.0 0.0 0.0 0.694506441877 0.7194864850651118
1629013285.331543922 4.1730417054256295 -0.14933249784149558 0.0 0.0 0.0 0.6945064019748565 0.71948652358188
1629013285.632148743 4.172160602918791 -0.1499651250946248 0.0 0.0 0.0 0.6945063943482261 0.7194865309437184
1629013285.732345343 4.1717573588869845 -0.15047399507276701 0.0 0.0 0.0 0.6945063986059922 0.7194865268337794
1629013285.732345343 4.171012959007272 -0.1485812923063586 0.0 0.0 0.0 0.69450637998333 0.7194865448098737
1629013285.932733774 4.172600566258077 -0.14737743278465962 0.0 0.0 0.0 0.6945064000851553 0.7194865254059718
1629013286.233335018 4.173408727956259 -0.14717289083370094 0.0 0.0 0.0 0.6945064049693995 0.7194865206913055
1629013287.335497141 4.173905681482351 -0.14807277690739779 0.0 0.0 0.0 0.6945063892505391 0.7194865358644168
1629013288.238262653 4.172710193092254 -0.14793225579607971 0.0 0.0 0.0 0.694506376579676 0.7194865480953548
1629013289.139037371 4.174028048691462 -0.14759708248685677 0.0 0.0 0.0 0.694506379298693 0.7194865454707406
1629013289.239264727 4.173134156792386 -0.14820500111159565 0.0 0.0 0.0 0.6945064004828438 0.7194865250220908
1629013289.339389801 4.172655758385443 -0.14783235768194128 0.0 0.0 0.0 0.6945063965100907 0.7194865288569123
1629013289.539778709 4.172459036089452 -0.14812512991628687 0.0 0.0 0.0 0.6945064437557691 0.719486483251572
1629013289.539778709 4.172564127637116 -0.14927630835820097 0.0 0.0 0.0 0.694506401556969 0.7194865239852586
1629013289.740151167 4.173358970253425 -0.1481826781179524 0.0 0.0 0.0 0.6945064032799756 0.7194865223220738
1629013289.940553188 4.17242866447962 -0.14698361951201938 0.0 0.0 0.0 0.6945063957744493 0.7194865295670129
1629013290.241132259 4.172161317403213 -0.1463431377870604 0.0 0.0 0.0 0.6945063871439581 0.7194865378978585
1629013290.642004013 4.173463854989954 -0.14508321811274857 0.0 0.0 0.0 0.6945063920547909 0.7194865331575269
1629013290.942499161 4.17348503826374 -0.14470601277182815 0.0 0.0 0.0 0.6945063963166063 0.7194865290436793
1629013291.042703152 4.172662880312218 -0.1443320180967221 0.0 0.0 0.0 0.6945063926513825 0.7194865325816486
1629013291.042703152 4.173088314139729 -0.14279617134768763 0.0 0.0 0.0 0.6945063903301216 0.7194865348223167
1629013291.643872261 4.172158462816093 -0.14277882289208874 0.0 0.0 0.0 0.6945063845376422 0.7194865404136845
1629013291.944457531 4.1709310254955625 -0.14212174604563055 0.0 0.0 0.0 0.6945063697878111 0.7194865546514098
1629013292.144999266 4.170562221582179 -0.14344288180449025 0.0 0.0 0.0 0.6945063501062159 0.7194865736496703
1629013292.345243454 4.171678293590285 -0.14277660576587284 0.0 0.0 0.0 0.694506365279181 0.7194865590035028
1629013292.445479393 4.172446768239831 -0.1426373340024287 0.0 0.0 0.0 0.6945063529429946 0.7194865709113831
1629013292.445479393 4.171676551253253 -0.143116389938465 0.0 0.0 0.0 0.6945063208802817 0.719486601860893
1629013293.047432423 4.1717248029877085 -0.14232020153954042 0.0 0.0 0.0 0.694506311422239 0.7194866109905562
1629013293.247035027 4.171181917588493 -0.14224810189479556 0.0 0.0 0.0 0.6945063487648946 0.7194865749444215
1629013293.848223686 4.170955712633913 -0.14184208518918262 0.0 0.0 0.0 0.6945063560240966 0.7194865679372554
1629013294.248976707 4.1710589280398995 -0.14202672043841244 0.0 0.0 0.0 0.694506370294936 0.719486554161892
1629013294.449362993 4.1716330060339315 -0.14306691033278712 0.0 0.0 0.0 0.6945063782046221 0.7194865465268259
1629013294.549557686 4.171866135689148 -0.14409552739821452 0.0 0.0 0.0 0.6945063998595635 0.7194865256237312
1629013295.150742054 4.171474643966103 -0.14371995824133268 0.0 0.0 0.0 0.6945063615309816 0.7194865626215666
1629013295.250942469 4.170385921992042 -0.14320793854116373 0.0 0.0 0.0 0.6945063830594832 0.7194865418405227
1629013295.351131916 4.170290189588925 -0.14378101898632029 0.0 0.0 0.0 0.6945063940173904 0.7194865312630676
1629013295.351131916 4.17050425636602 -0.14405393865566252 0.0 0.0 0.0 0.6945063817141575 0.7194865431391396
1629013295.351131916 4.17025442942089 -0.1440846563710731 0.0 0.0 0.0 0.6945063884007658 0.7194865366846863
1629013295.651784420 4.169743826154881 -0.14442228804176568 0.0 0.0 0.0 0.6945063603121056 0.7194865637981238
1629013296.152692318 4.168542208479355 -0.1446175215005832 0.0 0.0 0.0 0.6945063349804992 0.719486588250229
1629013296.252875090 4.168264108230562 -0.14466482130276204 0.0 0.0 0.0 0.6945063407355555 0.7194865826949857
1629013296.453254938 4.166867447680097 -0.14558098449564597 0.0 0.0 0.0 0.6945063324552169 0.7194865906878347
1629013296.753854752 4.167175303278027 -0.1450460174298188 0.0 0.0 0.0 0.6945063251259597 0.7194865977626232
1629013297.054462671 4.1674876837845405 -0.14465573803791168 0.0 0.0 0.0 0.6945063333854837 0.7194865897898662
1629013297.154661655 4.167367008549346 -0.14343751419104317 0.0 0.0 0.0 0.6945063158319865 0.7194866067339134
1629013297.254834890 4.167952496576326 -0.14339480920713218 0.0 0.0 0.0 0.6945063018340202 0.7194866202458756
1629013297.254834890 4.168088382357436 -0.14449264083363375 0.0 0.0 0.0 0.6945063446235683 0.7194865789419629
1629013297.555447102 4.169366129917935 -0.14448955559867474 0.0 0.0 0.0 0.6945063571343969 0.7194865668655042
1629013297.755830765 4.169249023092899 -0.14432852786112096 0.0 0.0 0.0 0.6945063328703475 0.7194865902871173
1629013297.856037855 4.169568415897455 -0.14255696272759957 0.0 0.0 0.0 0.6945063571565506 0.7194865668441196
1629013297.956216335 4.169705173967447 -0.1412910024340675 0.0 0.0 0.0 0.6945063850972997 0.7194865398734581
1629013298.056957483 4.170132582299031 -0.1406486053737333 0.0 0.0 0.0 0.6945063943894536 0.7194865309039223
1629013298.156583786 4.170131353031981 -0.14080661952614154 0.0 0.0 0.0 0.6945063941439993 0.7194865311408546
1629013298.356981039 4.170135487577526 -0.14221258641458717 0.0 0.0 0.0 0.6945064284049836 0.7194864980693895
1629013298.356981039 4.17127699063215 -0.14269712996966227 0.0 0.0 0.0 0.6945064258777881 0.7194865005088423
1629013298.557417154 4.170254340636193 -0.14218269955518342 0.0 0.0 0.0 0.6945064435102745 0.7194864834885434
1629013298.958150387 4.169356965740146 -0.1418010397800377 0.0 0.0 0.0 0.6945064595980824 0.7194864679592918
1629013299.158659935 4.1686695635226005 -0.14135869640924126 0.0 0.0 0.0 0.6945064659519801 0.7194864618259965
1629013299.358932257 4.1690230315194805 -0.14129439011384876 0.0 0.0 0.0 0.6945064664582373 0.7194864613373161
1629013299.759720087 4.1685169817014005 -0.14096633398126193 0.0 0.0 0.0 0.6945064773951073 0.7194864507801654
1629013300.060306549 4.167265707157557 -0.14129615617642888 0.0 0.0 0.0 0.6945064872219232 0.7194864412945282
1629013300.160758972 4.16803235722644 -0.14255089480586625 0.0 0.0 0.0 0.6945064974225785 0.7194864314480308
1629013300.361333370 4.16655290971271 -0.14051504293635975 0.0 0.0 0.0 0.6945064824925732 0.7194864458596792
1629013300.461078167 4.16636537206311 -0.14031053808514055 0.0 0.0 0.0 0.6945065077893738 0.7194864214411613
1629013300.962058544 4.166615191157922 -0.14129841663911813 0.0 0.0 0.0 0.6945065141280395 0.7194864153225683
1629013301.362841129 4.167958002951036 -0.14146405383036764 0.0 0.0 0.0 0.6945064836482867 0.7194864447440912
1629013301.863822460 4.16804023881805 -0.1411870630231383 0.0 0.0 0.0 0.6945064594063514 0.7194864681443662
1629013302.164443970 4.168438757717835 -0.1417021132244404 0.0 0.0 0.0 0.6945065170646327 0.7194864124879309
1629013302.665424824 4.16912302500647 -0.14078013622704497 0.0 0.0 0.0 0.694506515421078 0.7194864140744229
1629013302.865775824 4.168557000308683 -0.14167424824770677 0.0 0.0 0.0 0.694506491442598 0.7194864372203916
1629013303.867745638 4.168911702653042 -0.1423930543398728 0.0 0.0 0.0 0.6945064458662805 0.7194864812143361
1629013304.068133831 4.168369479141748 -0.1419355083234156 0.0 0.0 0.0 0.694506421823877 0.7194865044220045
1629013304.168321133 4.169334342287976 -0.1424003186459629 0.0 0.0 0.0 0.694506398748588 0.7194865266961344
1629013304.168321133 4.169165542525311 -0.14260981394301317 0.0 0.0 0.0 0.6945064015615401 0.7194865239808462
1629013304.370109081 4.1699329387088175 -0.14229628223131838 0.0 0.0 0.0 0.6945063843696294 0.7194865405758641
1629013304.769490957 4.170060940474536 -0.14187908987884165 0.0 0.0 0.0 0.6945063959305612 0.7194865294163211
1629013305.271343708 4.169869940893072 -0.14157557564834797 0.0 0.0 0.0 0.6945064099061525 0.7194865159259534
1629013305.470873833 4.170481649892999 -0.14138654489458574 0.0 0.0 0.0 0.6945063885469882 0.7194865365435408
1629013305.571066380 4.1708132463865155 -0.1411618871600756 0.0 0.0 0.0 0.6945064324283101 0.7194864941857498
1629013305.571066380 4.171749209684254 -0.14192689065051278 0.0 0.0 0.0 0.6945064292278131 0.7194864972751279
1629013306.072058678 4.172804664611508 -0.141280450021954 0.0 0.0 0.0 0.6945064388523762 0.7194864879847228
1629013306.172584057 4.173329357788824 -0.1399698782271665 0.0 0.0 0.0 0.6945064359878763 0.7194864907497693
1629013306.272438526 4.17302932867768 -0.1401680105571083 0.0 0.0 0.0 0.6945064379503527 0.7194864888554287
1629013306.272438526 4.173757079135362 -0.13850240751062437 0.0 0.0 0.0 0.6945064284368042 0.7194864980386735
1629013306.272438526 4.173986974868215 -0.1375852071825415 0.0 0.0 0.0 0.6945064327697082 0.7194864938562049
1629013306.575726032 4.174549779677628 -0.13749263792122374 0.0 0.0 0.0 0.6945064252606344 0.7194865011045689
1629013307.374596596 4.175397441008522 -0.13821425731501769 0.0 0.0 0.0 0.6945064324002617 0.7194864942128245
1629013307.975763083 4.175516747580917 -0.13833176984015838 0.0 0.0 0.0 0.6945064249691607 0.7194865013859228
1629013308.075963020 4.176566759350387 -0.13717625894769722 0.0 0.0 0.0 0.6945064152371564 0.7194865107800384
1629013308.075963020 4.176903542111621 -0.13598059958907452 0.0 0.0 0.0 0.694506410781397 0.719486515081097
1629013308.476742268 4.177579598190331 -0.1367161432688291 0.0 0.0 0.0 0.6945064435937657 0.719486483407951
1629013308.577086210 4.177068766853316 -0.1369151538894026 0.0 0.0 0.0 0.6945064619551812 0.7194864656840297
1629013308.577086210 4.17590148512262 -0.13736884952308637 0.0 0.0 0.0 0.6945064660190202 0.719486461761284
1629013308.777350664 4.176293814063894 -0.1375343232527488 0.0 0.0 0.0 0.6945064600485098 0.719486467524503
