1629013127.723922968 -0.00029814426827526384 -0.0009060962182776922 0.0 0.0 0.0 5.906006523168816e-08 0.9999999999999982
1629013128.224887848 -0.0004903256269855826 -0.0006412317616266013 0.0 0.0 0.0 4.852479905566326e-08 0.9999999999999988
1629013128.926275730 -0.0001196953602936898 -0.0016917680711518366 0.0 0.0 0.0 5.06416165690854e-08 0.9999999999999987
1629013129.727863789 -0.0007355620261460132 -0.0010719996160224983 0.0 0.0 0.0 5.96093339045739e-08 0.9999999999999982
1629013130.729794502 -0.0011367118779825524 -0.0016854274230870213 0.0 0.0 0.0 1.015493949814428e-07 0.9999999999999949
1629013131.230769873 0.00015303605542523835 -0.0023291163961023454 0.0 0.0 0.0 -5.730035810835491e-08 0.9999999999999983
1629013131.731744289 0.0036060220813349973 -0.0011128400089887626 0.0 0.0 0.0 5.449699643798174e-08 0.9999999999999986
1629013132.533311367 0.003044507956266153 -0.0011793535809838983 0.0 0.0 0.0 1.147658815584301e-07 0.9999999999999934
1629013133.134488583 -7.632176462321613e-05 0.00041339011924053067 0.0 0.0 0.0 -4.465529132322074e-08 0.999999999999999
1629013133.635461807 -0.0002974974416274481 -0.0003567729810082382 0.0 0.0 0.0 9.604395928412186e-08 0.9999999999999953
1629013135.038238049 2.0207029873907443e-05 -0.0007745610463168885 0.0 0.0 0.0 1.1431421293944344e-07 0.9999999999999934
1629013135.639563084 -0.001382008860813893 0.0037631961672384864 0.0 0.0 0.0 9.470842849215523e-08 0.9999999999999956
1629013136.140389442 -0.0007779247097530828 0.0041495212529372456 0.0 0.0 0.0 9.480406361108595e-08 0.9999999999999956
1629013136.240868092 -0.0013582053121864754 0.002787080551212021 0.0 0.0 0.0 1.0851266940334257e-07 0.9999999999999941
1629013136.340748310 -0.0016192904634822702 0.003059446391565468 0.0 0.0 0.0 4.128413143724496e-08 0.9999999999999991
1629013136.240868092 0.1894061939641366 -0.13703361470615383 0.0 0.0 0.0 -0.07963652624518719 0.9968239682549771
1629013136.340748310 0.18999497200640367 -0.14301678786563018 0.0 0.0 0.0 -0.08446626049667698 0.9964263398955828
1629013136.541119576 0.19810459273715778 -0.17049279966862266 0.0 0.0 0.0 -0.09637663865010813 0.995344936955278
1629013137.242624760 0.1977660439125827 -0.17059654629998242 0.0 0.0 0.0 -0.09637663589722138 0.9953449372218329
1629013137.552075386 0.1967593351599431 -0.17030457145481595 0.0 0.0 0.0 -0.096376632143358 0.9953449375853096
1629013138.044185638 0.19787926676674206 -0.1701689361666984 0.0 0.0 0.0 -0.09637659387052909 0.9953449412911662
1629013138.545035839 0.19855401261445266 -0.16930664037190443 0.0 0.0 0.0 -0.09637657932131796 0.9953449426999273
1629013138.945878506 0.2000768876242918 -0.1697898528114354 0.0 0.0 0.0 -0.09637651959927346 0.9953449484826509
1629013139.446808338 0.20040295553250478 -0.17102668963151388 0.0 0.0 0.0 -0.09637650122853453 0.9953449502614389
1629013140.047982454 0.19994868723231704 -0.17096853582403224 0.0 0.0 0.0 -0.0963764730106816 0.9953449529936952
1629013140.248363495 0.19964542753767212 -0.17084725602060555 0.0 0.0 0.0 -0.09637652636037834 0.9953449478279915
1629013140.649135590 0.1995431384586299 -0.17120070317877917 0.0 0.0 0.0 -0.0963764965037787 0.9953449507189239
1629013141.250308990 0.19916291756643548 -0.17116366870547622 0.0 0.0 0.0 -0.0963764893694067 0.9953449514097255
1629013141.751293659 0.1994696963812652 -0.17064517548873034 0.0 0.0 0.0 -0.09637652099802417 0.9953449483472137
1629013142.853490353 0.1993420959575135 -0.17066895110076818 0.0 0.0 0.0 -0.09637654295276712 0.9953449462213959
1629013143.354449272 0.20034875291349494 -0.17061398173408024 0.0 0.0 0.0 -0.09637654046135825 0.9953449464626322
1629013144.055785656 0.1991595203394453 -0.1696431450544273 0.0 0.0 0.0 -0.09637652203011553 0.995344948247279
1629013144.656959772 0.19931672446609813 -0.17032325030999626 0.0 0.0 0.0 -0.09637657474793283 0.995344943142756
1629013145.157940865 0.19980185942546538 -0.17057074040632034 0.0 0.0 0.0 -0.09637661570151042 0.9953449391773304
1629013145.658915520 0.2003010506208291 -0.16980072889803277 0.0 0.0 0.0 -0.09637659793506817 0.9953449408976077
1629013146.260293722 0.19914226309018823 -0.16955893594971447 0.0 0.0 0.0 -0.09637663653697164 0.9953449371598876
1629013146.360308409 0.19836704787649317 -0.1693099544603823 0.0 0.0 0.0 -0.09637662770740442 0.9953449380148313
1629013146.761072397 0.19883030497237936 -0.16787505537875141 0.0 0.0 0.0 -0.09637662077867995 0.9953449386857214
1629013146.861275196 0.19917282779216336 -0.1685618430491988 0.0 0.0 0.0 -0.09637663394304116 0.995344937411051
1629013146.961471319 0.19954957927119707 -0.16829569521347237 0.0 0.0 0.0 -0.09637661927685859 0.9953449388311388
1629013147.363122463 0.1999250578546015 -0.1690930263605952 0.0 0.0 0.0 -0.09637667554128426 0.9953449333832016
1629013147.662840843 0.20029209173557402 -0.1686923375588656 0.0 0.0 0.0 -0.09637670713928852 0.995344930323648
1629013147.963420868 0.19884002611923615 -0.16825200333612605 0.0 0.0 0.0 -0.09637674438933276 0.9953449267168207
1629013148.163911819 0.19747738024877398 -0.16730625098350851 0.0 0.0 0.0 -0.09637673125048793 0.995344927989022
1629013148.464430809 0.1979651921866358 -0.16707055439699042 0.0 0.0 0.0 -0.09637675427927893 0.9953449257592021
1629013148.564584255 0.197037621379264 -0.16623449951148261 0.0 0.0 0.0 -0.09637672422532104 0.9953449286692511
1629013148.967636585 0.19746505870670644 -0.1663506286193865 0.0 0.0 0.0 -0.09637670014375864 0.9953449310010073
1629013149.566569805 0.19646958101213075 -0.16651392542330828 0.0 0.0 0.0 -0.09637679219966969 0.995344922087465
1629013149.566569805 3.269777783453843 -0.7548577267794596 0.0 0.0 0.0 0.09195260371488942 0.9957633848811938
1629013150.267954588 3.2698284798476815 -0.754382871243147 0.0 0.0 0.0 0.09195257057004162 0.9957633879419154
1629013150.468353271 3.269942781068152 -0.754942799050789 0.0 0.0 0.0 0.09195255562546302 0.9957633893219544
1629013150.468353271 3.269720304340628 -0.756072186319762 0.0 0.0 0.0 0.09195255372297984 0.9957633894976369
1629013150.668736935 3.269231988742894 -0.7551748434327185 0.0 0.0 0.0 0.09195255918498686 0.9957633889932546
1629013150.768898010 3.268652347137712 -0.7550317100724222 0.0 0.0 0.0 0.09195256530937389 0.9957633884277054
1629013150.768898010 3.2686550490566026 -0.7557182341523832 0.0 0.0 0.0 0.09195255782603709 0.9957633891187451
1629013150.869095564 3.26730798791069 -0.7557679700750721 0.0 0.0 0.0 0.09195254582300007 0.9957633902271509
1629013151.470263958 3.2674258181460765 -0.7561481764317167 0.0 0.0 0.0 0.0919525560649756 0.9957633892813681
1629013151.570468903 3.267927878098319 -0.7560339794196039 0.0 0.0 0.0 0.09195249972215393 0.9957633944842758
1629013151.770849705 3.267983251804187 -0.7561921962608529 0.0 0.0 0.0 0.09195250098628957 0.9957633943675407
1629013151.570468903 3.6173231399454453 -0.6328804760048254 0.0 0.0 0.0 0.21932433087386846 0.9756520065508654
1629013151.770849705 3.6160230430410323 -0.608266393986854 0.0 0.0 0.0 0.24154964187156924 0.9703884637152879
1629013151.971232891 3.6155747357138064 -0.6070842974208122 0.0 0.0 0.0 0.24154967431250152 0.9703884556400723
1629013152.171621323 3.6143875612158185 -0.6071797600457195 0.0 0.0 0.0 0.24154968531774085 0.9703884529006415
1629013152.672604084 3.6149282109537495 -0.6058264163661667 0.0 0.0 0.0 0.24154971543267853 0.9703884454044123
1629013152.772806168 3.6145012875365023 -0.6052091228182901 0.0 0.0 0.0 0.24154972505991484 0.9703884430079944
1629013153.073383331 3.6149556440566486 -0.6065163370194752 0.0 0.0 0.0 0.24154972674630162 0.9703884425882179
1629013153.574472904 3.6144349630331325 -0.6070368015550806 0.0 0.0 0.0 0.24154973185457454 0.9703884413166632
1629013153.975163460 3.614560907666046 -0.6078036357290721 0.0 0.0 0.0 0.2415497659037981 0.9703884328411073
1629013154.278061152 3.6153314617633288 -0.6079058985435206 0.0 0.0 0.0 0.24154979172141192 0.9703884264145686
1629013154.878062725 3.6147990389811038 -0.6085660801774838 0.0 0.0 0.0 0.24154978049816603 0.970388429208267
1629013155.578306198 3.6146549143964073 -0.6086873819679172 0.0 0.0 0.0 0.24154977734735597 0.9703884299925689
1629013156.079273701 3.6145792048107914 -0.6078243849077374 0.0 0.0 0.0 0.24154983061028001 0.9703884167343224
1629013156.581030369 3.6152005814039856 -0.6078137041995273 0.0 0.0 0.0 0.2415498402777006 0.9703884143279006
1629013157.181401730 3.6148315475291377 -0.608367671723298 0.0 0.0 0.0 0.24154986826039385 0.9703884073624264
1629013157.686052322 3.615542324602447 -0.6080667897945247 0.0 0.0 0.0 0.24154988802373706 0.9703884024429188
1629013158.684444427 3.6159371358895047 -0.6084834450008317 0.0 0.0 0.0 0.241549879415639 0.9703884045856537
1629013159.485904694 3.6156946751670187 -0.6089532053336633 0.0 0.0 0.0 0.2415498843446661 0.9703884033587161
1629013159.686296701 3.6165792457761694 -0.6097226517550706 0.0 0.0 0.0 0.24154988797452237 0.9703884024551693
1629013159.886710405 3.615773835002172 -0.6092247625273316 0.0 0.0 0.0 0.24154978851732786 0.9703884272121315
1629013160.187287807 3.6159712373242052 -0.609250983478944 0.0 0.0 0.0 0.2415497989493145 0.9703884246153938
1629013160.287604094 3.616149339803893 -0.6103778710377548 0.0 0.0 0.0 0.24154982142581083 0.9703884190205275
1629013160.490854502 3.942563020637407 2.2816911029102696 0.0 0.0 0.0 0.911993380379848 0.4102049172588475
1629013160.588062286 3.942239026965355 2.281750068065012 0.0 0.0 0.0 0.9119933905953143 0.41020489454717945
1629013161.089177847 3.942389664082117 2.2813634036955315 0.0 0.0 0.0 0.9119933817709446 0.41020491416607413
1629013161.590049744 3.943318328272939 2.2804703590946565 0.0 0.0 0.0 0.9119933796171203 0.4102049189545916
1629013161.990804672 4.157597367657427 1.6389997114885388 0.0 0.0 0.0 0.9690131153867647 0.24700927555141872
1629013162.391571283 4.156364290694636 1.6384961829379292 0.0 0.0 0.0 0.9690131226995915 0.2470092468633238
1629013162.792377234 4.155220968528697 1.6366235840645509 0.0 0.0 0.0 0.9690131185575783 0.24700926311237106
1629013162.992767334 4.156190232796122 1.636010962962903 0.0 0.0 0.0 0.9690131166890287 0.24700927044265963
1629013162.792377234 4.301897392062893 1.5161908777367943 0.0 0.0 0.0 0.9591549639812138 0.2828811677545829
1629013162.992767334 4.301958777902582 1.5169886150712046 0.0 0.0 0.0 0.9591549650908852 0.28288116399206037
1629013163.794341564 4.300773787335907 1.5168644704475294 0.0 0.0 0.0 0.9591549627784454 0.28288117183276634
1629013164.297129869 4.302188024005454 1.5172141636996506 0.0 0.0 0.0 0.9591549510875969 0.28288121147250056
1629013164.395480871 4.301994718780557 1.516823832271881 0.0 0.0 0.0 0.9591549484672967 0.2828812203570563
1629013164.395480871 4.301671322155828 1.5176432576221455 0.0 0.0 0.0 0.9591549405602923 0.282881247167044
1629013164.796288013 4.302192219733963 1.5178856586812421 0.0 0.0 0.0 0.9591549511153771 0.2828812113783072
1629013165.197075605 4.301966858309383 1.5181502582464372 0.0 0.0 0.0 0.959154955721952 0.2828811957589624
1629013165.597881317 4.301693270887448 1.5172144639317378 0.0 0.0 0.0 0.9591549643844627 0.28288116638730154
1629013165.898430824 4.301646074320307 1.517088404134603 0.0 0.0 0.0 0.9591549796797246 0.28288111452620346
1629013165.998615742 4.301769618740924 1.516914691096702 0.0 0.0 0.0 0.9591549936542528 0.28288106714326106
1629013166.299229145 4.301099364191143 1.5170081337436296 0.0 0.0 0.0 0.9591549987467398 0.28288104987634227
1629013167.200989485 4.30037848272177 1.517243458769712 0.0 0.0 0.0 0.9591549867169282 0.28288109066540523
1629013167.902340412 4.300063377813743 1.517207366374475 0.0 0.0 0.0 0.9591549981875873 0.28288105177224127
1629013168.102773190 4.300343866750055 1.517618241457251 0.0 0.0 0.0 0.9591549912851751 0.2828810751760105
1629013168.603710651 4.301396684096888 1.516949415306984 0.0 0.0 0.0 0.959155005264988 0.2828810277751423
1629013169.305072069 4.301551581497382 1.516824765604291 0.0 0.0 0.0 0.9591550008979053 0.28288104258245966
1629013169.806046009 4.303065445310184 1.5167284560081835 0.0 0.0 0.0 0.9591549904467191 0.28288107801893375
1629013170.307057381 4.304744083866163 1.5174902417321168 0.0 0.0 0.0 0.9591549893012496 0.28288108190283706
1629013171.009956837 4.305004169486929 1.5171748671000618 0.0 0.0 0.0 0.9591549820220061 0.2828811065843124
1629013171.709802628 4.305967705237368 1.517339052262617 0.0 0.0 0.0 0.9591549887973698 0.2828810836113247
1629013172.310935020 4.306163260590246 1.5176043447883598 0.0 0.0 0.0 0.9591549882519278 0.28288108546073604
1629013172.811977863 4.30554896038611 1.5179981577434998 0.0 0.0 0.0 0.9591549876910439 0.2828810873625055
1629013173.112493277 4.305625654230823 1.519344842525324 0.0 0.0 0.0 0.9591549966414111 0.28288105701480726
1629013173.212690830 4.306202417320976 1.5193707321653294 0.0 0.0 0.0 0.9591550051786087 0.28288102806802556
1629013173.312892914 4.3060664587298225 1.5197965433615055 0.0 0.0 0.0 0.959155009192021 0.28288101445988584
1629013173.413134813 4.305455459960154 1.5199950283485393 0.0 0.0 0.0 0.9591550109423961 0.2828810085249487
1629013174.114495277 4.306350666065766 1.519594839133342 0.0 0.0 0.0 0.9591550165351589 0.28288098956175733
1629013174.314868450 4.306453972036192 1.5199976217084004 0.0 0.0 0.0 0.9591550174682829 0.2828809863978453
1629013174.415051937 4.307636717639995 1.5199678233146736 0.0 0.0 0.0 0.959155020729997 0.2828809753384611
1629013174.916043282 4.307351386297223 1.5208237779762916 0.0 0.0 0.0 0.9591549986840625 0.28288105008886
1629013175.517198086 4.307097753015809 1.5210663324403386 0.0 0.0 0.0 0.9591549993746299 0.28288104774737705
1629013176.018274307 4.305480566534875 1.5204448772992327 0.0 0.0 0.0 0.9591550098212057 0.2828810123265308
1629013176.218912125 4.306300261457316 1.5199795586721896 0.0 0.0 0.0 0.959155025575267 0.2828809589097665
1629013176.420287848 4.3060936058305765 1.5206301811232803 0.0 0.0 0.0 0.959155033291748 0.28288093274575044
1629013176.619600296 4.305594755292191 1.5205627259303773 0.0 0.0 0.0 0.9591550380744281 0.2828809165292743
1629013176.820007801 4.306009328422612 1.5196682383424236 0.0 0.0 0.0 0.9591550321756072 0.2828809365302124
1629013176.218912125 1.472837735746611 -0.06324320040755271 0.0 0.0 0.0 0.9979638608605361 0.06378191292468874
1629013176.420287848 1.3653159716435719 -0.05859491412459044 0.0 0.0 0.0 0.9959960947980657 0.08939675132241988
1629013176.619600296 1.2614496392703358 -0.03768516448537079 0.0 0.0 0.0 0.9932378877599403 0.11609693500765744
1629013176.820007801 1.1612429877813761 -0.015834524061938363 0.0 0.0 0.0 0.9897900254239115 0.14253317358191628
1629013177.621303797 1.1622786149022575 -0.014746211066619035 0.0 0.0 0.0 0.9897900243562368 0.14253318099614637
1629013177.721537590 1.162949854364006 -0.014599155330310296 0.0 0.0 0.0 0.9897900186043634 0.14253322093874773
1629013177.721537590 1.1638867789762453 -0.013968719340055658 0.0 0.0 0.0 0.9897900187435197 0.14253321997240834
1629013177.921918392 1.1632795882063223 -0.014521777247290877 0.0 0.0 0.0 0.9897900217995286 0.14253319875063736
1629013178.122301817 1.1638367497104156 -0.01542525848629138 0.0 0.0 0.0 0.989790019217136 0.14253321668348526
1629013178.523101568 1.1642806823991971 -0.014603444461769555 0.0 0.0 0.0 0.989790022405964 0.14253319453938135
1629013178.723504305 1.1651676167707987 -0.015342425890153817 0.0 0.0 0.0 0.9897900219057632 0.1425331980129154
1629013179.925849915 1.1659059386842152 -0.016202883854909884 0.0 0.0 0.0 0.9897900199266486 0.14253321175643402
1629013180.627175808 1.1657286997074041 -0.017597101868711523 0.0 0.0 0.0 0.9897900213363007 0.14253320196742048
1629013180.828376532 1.166685474385006 -0.018028704091829634 0.0 0.0 0.0 0.9897900235606438 0.14253318652096503
1629013181.328547478 1.1665419277887326 -0.018464884292727878 0.0 0.0 0.0 0.9897900266120193 0.14253316533136431
1629013181.832266808 -1.0218078124636585 0.006550750406276078 0.0 0.0 0.0 -0.9029597323150709 0.4297251701000251
1629013182.330725193 -1.0422144298098628 -0.22273105255714523 0.0 0.0 0.0 -0.8592588353112565 0.5115410579215935
1629013182.531440973 -1.0418639614084961 -0.22308893479112468 0.0 0.0 0.0 -0.8592588566734332 0.5115410220385697
1629013183.132084608 -1.042070301474458 -0.22312293024378083 0.0 0.0 0.0 -0.8592588692838511 0.5115410008562732
1629013183.634452820 -1.0423285835640088 -0.22259786731691755 0.0 0.0 0.0 -0.8592588664436107 0.5115410056271551
1629013184.033816814 -1.2584465684535868 -1.2135339033460384 0.0 0.0 0.0 -0.9341934970287772 0.35676674467941094
1629013184.635001659 -1.2589382197441104 -1.2135091303291807 0.0 0.0 0.0 -0.9341934878648678 0.35676676867510104
1629013184.835386753 -1.2596836500473225 -1.2139643198335428 0.0 0.0 0.0 -0.9341934744764668 0.3567668037326159
1629013185.737141132 -1.2598941759614335 -1.2130781300911235 0.0 0.0 0.0 -0.9341934638436609 0.35676683157460526
1629013186.238120079 -1.2598834147395794 -1.2139785935571494 0.0 0.0 0.0 -0.9341934635215207 0.35676683241812895
1629013186.538707733 -1.2610111353060187 -1.2143615312547615 0.0 0.0 0.0 -0.9341934684634456 0.3567668194777047
1629013186.638895512 -1.261092593827042 -1.213983577215343 0.0 0.0 0.0 -0.9341934563394175 0.35676685122445545
1629013187.039713860 -1.260379690058698 -1.2129791738728932 0.0 0.0 0.0 -0.9341934709181902 0.35676681304995944
1629013188.142455101 -1.260903063187879 -1.2131563769808196 0.0 0.0 0.0 -0.934193476955994 0.3567667972399769
1629013188.642812967 -1.262002672324775 -1.21313894703245 0.0 0.0 0.0 -0.9341934944882577 0.3567667513317595
1629013188.642812967 -1.2616686307787282 -1.212355086100038 0.0 0.0 0.0 -0.9341934995933276 0.3567667379641373
1629013189.150118589 -1.2620130730526706 -1.2129718092019763 0.0 0.0 0.0 -0.9341934937205653 0.3567667533419619
1629013189.243979216 -1.2619456543422054 -1.2128745548211588 0.0 0.0 0.0 -0.9341934911668073 0.35676676002897534
1629013189.346075773 -1.2620804828748584 -1.2141893009097227 0.0 0.0 0.0 -0.9341934973719757 0.356766743780746
1629013189.945374012 -1.260256127975123 -1.2148677629130127 0.0 0.0 0.0 -0.9341935070526917 0.35676671843179614
1629013190.145747185 -1.2598505105981181 -1.21426231921583 0.0 0.0 0.0 -0.9341934941031119 0.3567667523402637
1629013190.446377039 -1.260417718595539 -1.2132136211717806 0.0 0.0 0.0 -0.934193513276606 0.3567667021344785
1629013191.448290825 -1.2608068694157826 -1.2148796840899627 0.0 0.0 0.0 -0.9341935155690203 0.3567666961317924
1629013191.949263096 -1.2608247840743165 -1.2157091651208694 0.0 0.0 0.0 -0.9341935188329109 0.35676668758529545
1629013192.851044893 -1.2623168244580312 -1.2153913082800902 0.0 0.0 0.0 -0.9341935012344011 0.3567667336669871
1629013193.354059696 -1.2623730664171688 -1.214541741832665 0.0 0.0 0.0 -0.9341935028387606 0.3567667294659727
1629013194.253760338 -1.2629544383941032 -1.2143026969364992 0.0 0.0 0.0 -0.9341934815559775 0.35676678519492483
1629013194.854950905 -1.263745913375874 -1.2146811767484555 0.0 0.0 0.0 -0.9341934796777336 0.35676679011310436
1629013195.957142353 -1.2634763233799962 -1.2127318513649457 0.0 0.0 0.0 -0.9341934706915629 0.3567668136433825
1629013196.458153248 -1.2647001606397954 -1.2134797286530892 0.0 0.0 0.0 -0.9341934557666841 0.356766852724157
1629013197.259631634 -1.2650166341341358 -1.21250266044985 0.0 0.0 0.0 -0.9341934538681784 0.35676685769539124
1629013197.760605812 -1.2643272489595365 -1.2119061507937121 0.0 0.0 0.0 -0.9341934586714322 0.35676684511807855
1629013198.161396980 -1.2649940664909456 -1.2123851187501857 0.0 0.0 0.0 -0.934193460564699 0.3567668401605624
1629013198.562168837 -1.2655168178468734 -1.212251638367348 0.0 0.0 0.0 -0.9341934537646122 0.35676685796657953
1629013199.066054821 -1.2663443630365216 -1.2108796496386145 0.0 0.0 0.0 -0.9341934489619802 0.35676687054226336
1629013198.562168837 -1.0746976783345963 1.560285862604839 0.0 0.0 0.0 -0.11458230948741456 0.9934137578836576
1629013199.163362503 -0.6951958650917263 1.4080935422832646 0.0 0.0 0.0 -0.21525147236010345 0.97655865345959
1629013199.263733149 -0.4608041690218379 1.4273976364838747 0.0 0.0 0.0 -0.25682547705693 0.9664577974927205
1629013199.363727808 -0.38653999834071007 1.4040045469150715 0.0 0.0 0.0 -0.2563249021521298 0.9665906809693031
1629013199.865200996 -0.06407252359959223 1.2460068526160917 0.0 0.0 0.0 -0.21667641262644674 0.9762434799840324
1629013200.065204859 0.07186752355005863 1.1951000286819184 0.0 0.0 0.0 -0.1872144947365953 0.9823190586365111
1629013200.767469406 0.07284084473007535 1.1949378787610103 0.0 0.0 0.0 -0.18721449552197522 0.9823190584868301
1629013201.467884541 0.07321723252940321 1.1964680348501722 0.0 0.0 0.0 -0.1872144829784793 0.9823190608774222
1629013202.074606419 0.0738695423645701 1.1973216035444514 0.0 0.0 0.0 -0.18721445771095419 0.9823190656930126
1629013202.670295238 0.07454367929195899 1.1983878952657325 0.0 0.0 0.0 -0.18721445177573226 0.9823190668241719
1629013203.171209335 0.0756288062576351 1.197686028143407 0.0 0.0 0.0 -0.18721444798670892 0.9823190675462998
1629013203.677692413 0.07489955099103388 1.197856485456203 0.0 0.0 0.0 -0.1872143908393717 0.982319078437675
1629013204.573929071 0.07536326487709975 1.1994349868945597 0.0 0.0 0.0 -0.18721435033969008 0.9823190861562692
1629013205.475691319 0.07524925551253121 1.2003706397828258 0.0 0.0 0.0 -0.18721432992399425 0.982319090047175
1629013205.676188707 0.07502627608638993 1.199932406125985 0.0 0.0 0.0 -0.187214319672627 0.9823190920009218
1629013205.878082752 0.07481172107870825 1.1998334505867365 0.0 0.0 0.0 -0.18721432607778477 0.9823190907802011
1629013206.076845169 0.07421123377353082 1.1998615114488738 0.0 0.0 0.0 -0.1872143142125558 0.9823190930415241
1629013206.076845169 0.07472936927278316 1.1994033703816884 0.0 0.0 0.0 -0.18721435480564064 0.9823190853051302
1629013206.377456665 0.07488302579909495 1.1991459145165448 0.0 0.0 0.0 -0.18721434228444414 0.9823190876914706
1629013206.477707386 0.07483562748615447 1.1995160733335326 0.0 0.0 0.0 -0.18721429921643187 0.9823190958995455
1629013207.078907251 0.07538626026762792 1.199903205437901 0.0 0.0 0.0 -0.18721434869794715 0.9823190864691592
1629013207.078907251 0.07395286142293264 1.1991687393261088 0.0 0.0 0.0 -0.18721439885889427 0.9823190769092814
1629013207.580000401 0.0742378022726407 1.1981461727856328 0.0 0.0 0.0 -0.18721435753621204 0.9823190847847268
1629013208.080886364 0.0746773441377455 1.1993224040635224 0.0 0.0 0.0 -0.18721429742736706 0.9823190962405125
1629013209.383306265 0.07463817552990984 1.2008276369314757 0.0 0.0 0.0 -0.18721427909157587 0.9823190997350207
1629013209.483502388 0.07435177347596451 1.200880320363762 0.0 0.0 0.0 -0.18721431364783012 0.9823190931491518
1629013209.483502388 0.07444915040911688 1.2009280599518497 0.0 0.0 0.0 -0.18721435566587488 0.9823190851411833
1629013209.784077168 0.07408137505993126 1.201051304932515 0.0 0.0 0.0 -0.18721442307160716 0.982319072294723
1629013209.986763000 0.07415057060284727 1.200737129443072 0.0 0.0 0.0 -0.1872144565160576 0.982319065920741
1629013210.786072731 0.07433379150748835 1.2007714822740752 0.0 0.0 0.0 -0.18721447255807055 0.9823190628633873
1629013211.487395525 0.07574331786339307 1.1994916116742989 0.0 0.0 0.0 -0.1872144468388589 0.9823190677650618
1629013211.687815666 0.0760343707204371 1.198986473363404 0.0 0.0 0.0 -0.18721450413627536 0.9823190568450805
1629013212.389182568 0.077071904465772 1.1989180576974952 0.0 0.0 0.0 -0.18721453184597184 0.9823190515640494
1629013213.491334200 0.07713968171966926 1.197837143168842 0.0 0.0 0.0 -0.18721450091633288 0.9823190574587507
1629013213.691732168 0.0760944249498439 1.1979834954930335 0.0 0.0 0.0 -0.18721455543548715 0.9823190470682592
1629013213.992370605 0.07539500527230564 1.1966595688501946 0.0 0.0 0.0 -0.18721456710055404 0.9823190448450809
1629013214.192687035 0.07530010831660751 1.1972165630645135 0.0 0.0 0.0 -0.18721456917340487 0.9823190444500282
1629013214.394271851 0.0755363052698674 1.1967135058326002 0.0 0.0 0.0 -0.18721458471115132 0.9823190414887778
1629013214.394271851 0.07571287483912624 1.196319013303262 0.0 0.0 0.0 -0.1872146036426716 0.9823190378807272
1629013215.094453812 0.07636239483759018 1.196425728342112 0.0 0.0 0.0 -0.18721461239206208 0.9823190362132305
1629013215.595432520 0.07682271257215374 1.197914171414111 0.0 0.0 0.0 -0.1872145823065594 0.9823190419470552
1629013215.695641518 0.07580091008889389 1.1985774651923713 0.0 0.0 0.0 -0.18721453860623452 0.9823190502756498
1629013215.795802355 0.07541132329157368 1.1987423919747524 0.0 0.0 0.0 -0.18721457999009708 0.9823190423885366
1629013215.996199131 0.07466665860569874 1.1982674162801676 0.0 0.0 0.0 -0.1872145492287209 0.9823190482511712
1629013216.196589470 0.07454876434961731 1.1981346127128958 0.0 0.0 0.0 -0.18721458493615434 0.9823190414458958
1629013216.497184753 0.0737465064947496 1.1989384171983015 0.0 0.0 0.0 -0.18721460116592362 0.9823190383527565
1629013217.098364115 0.07357278131853649 1.1979544053713083 0.0 0.0 0.0 -0.18721458692002285 0.9823190410678015
1629013217.599331856 0.07323910971346292 1.1972247062540053 0.0 0.0 0.0 -0.18721456400847125 0.9823190454343833
1629013218.100379467 0.0737146846762978 1.1962535862353525 0.0 0.0 0.0 -0.18721456011179563 0.9823190461770284
1629013219.406359673 0.07440073170456665 1.195711242491818 0.0 0.0 0.0 -0.1872145753147385 0.9823190432795865
1629013220.204417229 0.07457759099911321 1.1961009316660545 0.0 0.0 0.0 -0.1872145535818986 0.9823190474215241
1629013220.806005239 0.075155530268371 1.1964648261838846 0.0 0.0 0.0 -0.18721456827891808 0.9823190446205032
1629013221.406772852 0.07520546670828115 1.1963132368399658 0.0 0.0 0.0 -0.18721460854558797 0.9823190369463082
1629013221.907737732 0.07566869956091728 1.196977052264218 0.0 0.0 0.0 -0.18721463004168912 0.982319032849488
1629013223.711259842 0.07530208459812748 1.1967383410819377 0.0 0.0 0.0 -0.18721460209528046 0.9823190381756356
1629013224.012077093 0.07545232499612504 1.1954640481059482 0.0 0.0 0.0 -0.18721463158423868 0.9823190325555022
1629013224.012077093 0.07560146605170809 1.1962213250196478 0.0 0.0 0.0 -0.18721460089629774 0.9823190384041429
1629013224.212237358 0.07514010425185047 1.1972871652085564 0.0 0.0 0.0 -0.1872145800049896 0.9823190423856983
1629013224.813429356 0.07425113148946323 1.196846386586296 0.0 0.0 0.0 -0.1872146122539278 0.9823190362395566
1629013225.014685154 0.07426841047415755 1.19742894307179 0.0 0.0 0.0 -0.187214639682572 0.9823190310120866
1629013225.114006281 0.07548725614488816 1.197355379798587 0.0 0.0 0.0 -0.18721464715761177 0.982319029587461
1629013225.314388275 0.0755009132000636 1.1977471016759607 0.0 0.0 0.0 -0.1872146505808113 0.9823190289350526
1629013225.816148996 0.07709551350681225 1.1974651773422855 0.0 0.0 0.0 -0.18721467159859467 0.9823190249293914
1629013226.416540146 0.07790806369352588 1.1973445391137305 0.0 0.0 0.0 -0.1872146871848567 0.9823190219588931
1629013226.917517185 0.07744618646548221 1.1963630651764816 0.0 0.0 0.0 -0.18721464231961588 0.9823190305095073
1629013227.418504953 0.07851038847907929 1.196647821967217 0.0 0.0 0.0 -0.18721457939309905 0.982319042502315
1629013228.220059395 0.07782883119805308 1.1954958408194152 0.0 0.0 0.0 -0.18721460519054678 0.9823190375857264
1629013228.821250439 0.07760889807456427 1.196547224020054 0.0 0.0 0.0 -0.18721461373727968 0.9823190359568531
1629013229.422421217 0.07768373924420638 1.1964609541916724 0.0 0.0 0.0 -0.1872146062971929 0.982319037374817
1629013230.023580551 0.07896162917134937 1.1969151796448694 0.0 0.0 0.0 -0.18721462340778197 0.9823190341138068
1629013230.624771357 0.07887666910620378 1.1971742243773056 0.0 0.0 0.0 -0.18721458265997976 0.9823190418796989
1629013230.724998474 0.07866237752760827 1.19753877885627 0.0 0.0 0.0 -0.18721457656324808 0.9823190430416402
1629013231.225924015 0.07808450627612841 1.19812017855412 0.0 0.0 0.0 -0.18721452936418503 0.9823190520370388
1629013231.426332474 0.07738315597456322 1.198986325336603 0.0 0.0 0.0 -0.18721452765686944 0.9823190523624263
1629013231.726910353 0.07642925312409349 1.1997697794647664 0.0 0.0 0.0 -0.18721459578516228 0.9823190393782452
1629013231.927503109 0.07585106722453105 1.2006219260596558 0.0 0.0 0.0 -0.18721456979746856 0.9823190443310914
1629013232.227927685 0.07675664907324457 1.2002920874456036 0.0 0.0 0.0 -0.18721457719052362 0.9823190429220913
1629013232.428275108 0.07688979414177954 1.199658369577344 0.0 0.0 0.0 -0.18721462613889367 0.9823190335932998
1629013232.428275108 0.07710627845930675 1.1998719544115048 0.0 0.0 0.0 -0.18721460990094138 0.982319036687999
1629013233.129659176 0.07686313462995376 1.2017101493955282 0.0 0.0 0.0 -0.18721458092632332 0.9823190422101066
1629013233.530465126 0.07721652609186237 1.2020009889996772 0.0 0.0 0.0 -0.18721459996103085 0.9823190385823901
1629013233.730814695 0.07643375205158684 1.2022725070235971 0.0 0.0 0.0 -0.18721459761798045 0.9823190390289387
1629013234.632601976 0.07665293706549828 1.202477344749775 0.0 0.0 0.0 -0.18721457060057375 0.9823190441780322
1629013235.033603668 0.07579660173276012 1.202835646969186 0.0 0.0 0.0 -0.18721456873069217 0.9823190445344022
1629013235.133549213 0.07490427809433067 1.202302156630432 0.0 0.0 0.0 -0.18721455506446727 0.9823190471389698
1629013235.133549213 0.07461999136761692 1.2022470435584405 0.0 0.0 0.0 -0.18721458098425692 0.9823190421990653
1629013236.035361052 0.0746534574658073 1.2024749303562057 0.0 0.0 0.0 -0.18721458994561624 0.9823190404911709
1629013236.536616802 0.07485291448210916 1.2032662315982516 0.0 0.0 0.0 -0.18721461256847505 0.9823190361796089
1629013237.037281513 0.07548934917618988 1.203114118772106 0.0 0.0 0.0 -0.18721469481308667 0.9823190205050714
1629013237.738643646 0.07548504073494162 1.2023618565667047 0.0 0.0 0.0 -0.18721473710162298 0.9823190124455345
1629013238.239623070 0.07565112296717333 1.201889874432758 0.0 0.0 0.0 -0.18721471004809656 0.9823190176015159
1629013238.441780090 3.7677610958549788 1.0206767093835145 0.0 0.0 0.0 0.627558574942453 0.7785693514493089
1629013238.941011429 3.767191084129333 1.0211422883755852 0.0 0.0 0.0 0.6275585680501603 0.7785693570047773
1629013239.542208195 3.7682829514222416 1.021645642467141 0.0 0.0 0.0 0.6275585705801566 0.7785693549654973
1629013239.942944527 3.768863768136895 1.0218404670308023 0.0 0.0 0.0 0.6275585707859547 0.7785693547996158
1629013240.443916321 3.7676270171781647 1.020534498535456 0.0 0.0 0.0 0.6275585603091377 0.7785693632443562
1629013240.544137478 3.767232057435101 1.0201968867237554 0.0 0.0 0.0 0.6275585827404238 0.7785693451638271
1629013240.644346952 3.7656988315320934 1.021059846405007 0.0 0.0 0.0 0.6275585798166579 0.7785693475205016
1629013240.644346952 3.765732622585606 1.0208457893485787 0.0 0.0 0.0 0.6275585187557606 0.7785693967380658
1629013241.045111418 3.765796710043876 1.0206600382968138 0.0 0.0 0.0 0.6275585200040672 0.77856939573188
1629013241.245482445 3.766247555314541 1.02212296442799 0.0 0.0 0.0 0.6275585278451701 0.7785693894116329
1629013241.746649981 3.767442293947813 1.021321347432432 0.0 0.0 0.0 0.6275585318364121 0.7785693861945299
1629013242.247446537 3.767320935178771 1.0209185191280954 0.0 0.0 0.0 0.6275585792710859 0.7785693479602547
1629013242.347635746 3.766422521778724 1.0193566934294709 0.0 0.0 0.0 0.6275586262453069 0.7785693100971186
1629013242.748418331 3.7649990920103056 1.0201924720671454 0.0 0.0 0.0 0.6275586060336229 0.77856932638856
1629013242.948856115 3.7665408132534526 1.0208336398764928 0.0 0.0 0.0 0.6275586363839403 0.7785693019249663
1629013243.049047709 3.7662184925588367 1.0208702550748894 0.0 0.0 0.0 0.6275586322862051 0.7785693052279081
1629013243.049047709 3.7656907809922773 1.0201656135103265 0.0 0.0 0.0 0.6275586513741461 0.7785692898422484
1629013243.550235271 3.7642137485936296 1.020939367082078 0.0 0.0 0.0 0.6275586428399235 0.7785692967211804
1629013243.750394821 3.764484443371479 1.021004493105531 0.0 0.0 0.0 0.6275586319791563 0.778569305475402
1629013243.850748301 3.7643658805526647 1.02037942203469 0.0 0.0 0.0 0.6275585882962154 0.778569340685633
1629013244.051008224 3.7642448193970717 1.0203420758328468 0.0 0.0 0.0 0.6275586280846616 0.7785693086145237
1629013244.551958561 3.764630250860035 1.0206187448075994 0.0 0.0 0.0 0.6275586175144128 0.7785693171345753
1629013244.752338409 3.76599278226011 1.02135076395476 0.0 0.0 0.0 0.6275585950634782 0.7785693352309435
1629013245.052947521 3.764968856973426 1.0224403977898846 0.0 0.0 0.0 0.6275585834112348 0.7785693446231262
1629013245.253318071 3.7665543846402607 1.0225177129832441 0.0 0.0 0.0 0.6275585833728098 0.7785693446540983
1629013245.654092550 3.7672978381210713 1.0214374022787278 0.0 0.0 0.0 0.627558559757292 0.7785693636891663
1629013245.954675913 3.7682195863295487 1.021335629464328 0.0 0.0 0.0 0.627558574028886 0.7785693521856811
1629013246.255266666 3.767840297834722 1.0201973187239115 0.0 0.0 0.0 0.6275585624655224 0.7785693615062225
1629013246.555862904 3.767977824133432 1.0215248726543749 0.0 0.0 0.0 0.6275585452007207 0.7785693754223544
1629013246.956682920 3.767994030094994 1.0233504506217186 0.0 0.0 0.0 0.6275585543163618 0.7785693680747773
1629013247.057110310 3.767103207453719 1.0229707961766412 0.0 0.0 0.0 0.6275585726561452 0.778569353292166
1629013247.157055855 3.767660878471883 1.0224919015153213 0.0 0.0 0.0 0.6275585493228164 0.7785693720997777
1629013247.958601952 3.7674143707651653 1.0212890200162614 0.0 0.0 0.0 0.62755855343319 0.7785693687866496
1629013248.459567547 3.7672608786855504 1.0227420496152444 0.0 0.0 0.0 0.6275585805474756 0.7785693469314326
1629013248.960558414 3.767502173083934 1.0228715646621027 0.0 0.0 0.0 0.6275585586323345 0.7785693645959278
1629013249.461553097 3.7666454731947026 1.021624471209161 0.0 0.0 0.0 0.6275585865005077 0.7785693421330465
1629013250.263106346 3.767013729268914 1.0219725067054104 0.0 0.0 0.0 0.6275586214795082 0.7785693139385467
1629013250.864261150 3.766773214694245 1.0216300704505423 0.0 0.0 0.0 0.6275586136705813 0.7785693202328603
1629013251.365235329 3.7672956738277037 1.0220599930896765 0.0 0.0 0.0 0.6275586274127136 0.7785693091561412
1629013252.166831970 3.767535253375989 1.0221895639847158 0.0 0.0 0.0 0.6275586163762489 0.7785693180519818
1629013252.367221832 3.768125824398131 1.0208841304847116 0.0 0.0 0.0 0.6275586503205087 0.7785692906915231
1629013252.467393875 3.7690750344453 1.020533848921832 0.0 0.0 0.0 0.6275586388915889 0.7785692999036992
1629013253.068570137 3.7691452726147894 1.0207512497991609 0.0 0.0 0.0 0.6275586662707366 0.7785692778349876
1629013253.168779850 3.7693524710174526 1.0208841386814018 0.0 0.0 0.0 0.6275586680616158 0.7785692763914659
1629013253.769940376 3.7691611038770265 1.0206709048206777 0.0 0.0 0.0 0.6275586334466312 0.7785693042925573
1629013254.771917343 3.7689160940796325 1.0208715146906329 0.0 0.0 0.0 0.6275585719408161 0.7785693538687504
1629013255.573482752 3.7674817957299602 1.0212775652186665 0.0 0.0 0.0 0.6275585855950491 0.778569342862883
1629013256.074461937 3.7669673768222327 1.0217697081826291 0.0 0.0 0.0 0.6275586156494649 0.7785693186377993
1629013256.876011133 3.768163175812517 1.0205626223847817 0.0 0.0 0.0 0.6275585849246285 0.7785693434032693
1629013258.078352928 3.7680848001793525 1.019293326656629 0.0 0.0 0.0 0.6275586100231247 0.7785693231728589
1629013258.579374075 3.7673521432631976 1.019449534154374 0.0 0.0 0.0 0.6275586299581709 0.7785693071043988
1629013258.980110645 3.7677028172859384 1.0195285948628248 0.0 0.0 0.0 0.6275586142913596 0.7785693197324877
1629013259.581286430 3.767282063269921 1.01972099705498 0.0 0.0 0.0 0.6275586460284482 0.7785692941510991
1629013260.082254410 3.7677450157197065 1.019783516684857 0.0 0.0 0.0 0.6275586189164432 0.7785693160044818
1629013260.683427811 3.767056948217629 1.0195124953062942 0.0 0.0 0.0 0.6275586003166077 0.7785693309967072
1629013261.184803009 3.766779730296579 1.019987046214807 0.0 0.0 0.0 0.627558621824364 0.7785693136605789
1629013262.086208582 3.766424054600403 1.0195056280830825 0.0 0.0 0.0 0.6275586497437465 0.778569291156417
1629013262.687365055 3.766603296816869 1.0198535748403703 0.0 0.0 0.0 0.6275586633841167 0.7785692801617213
1629013263.388790369 3.76687023786658 1.0194044132868658 0.0 0.0 0.0 0.6275586785902485 0.7785692679049573
1629013264.691281557 3.7667046801008968 1.0190128629919313 0.0 0.0 0.0 0.6275586513220708 0.7785692898842232
1629013265.292447567 3.7662081842186863 1.0183924189363007 0.0 0.0 0.0 0.6275586194521687 0.7785693155726651
1629013265.893932343 3.767102360033349 1.0191798921104573 0.0 0.0 0.0 0.6275586719118911 0.7785692732879865
1629013266.795362473 3.766729254011897 1.0192304667788672 0.0 0.0 0.0 0.6275586707644925 0.7785692742128367
1629013266.996018648 3.7670138017821317 1.0175263592550772 0.0 0.0 0.0 0.6275586993723445 0.7785692511537373
1629013267.596940279 3.7670791879100585 1.0176346634266502 0.0 0.0 0.0 0.627558678163457 0.7785692682489687
1629013268.498708248 3.7677614568890756 1.018371944432555 0.0 0.0 0.0 0.6275586900565149 0.7785692586626775
1629013269.099856377 3.7667019696160384 1.0190573028446948 0.0 0.0 0.0 0.6275586774738522 0.7785692688048184
1629013269.600833416 3.7671090999230747 1.0204777716198394 0.0 0.0 0.0 0.6275586982203676 0.7785692520822779
1629013270.202024698 3.767446386763411 1.0207703441297098 0.0 0.0 0.0 0.6275586995876521 0.7785692509801907
1629013270.702999592 3.767475778091633 1.0219326268346158 0.0 0.0 0.0 0.6275587148247339 0.7785692386984784
1629013271.204852819 3.7687725928446456 1.0227637349789416 0.0 0.0 0.0 0.6275587070602224 0.7785692449569929
1629013271.805147171 3.7685978271329037 1.0222814859131173 0.0 0.0 0.0 0.6275587268352047 0.7785692290175465
1629013272.707123518 3.768274273540302 1.0218861898287925 0.0 0.0 0.0 0.6275586971462985 0.7785692529480215
1629013273.207884312 3.7669945486629803 1.0214890065130193 0.0 0.0 0.0 0.6275587015612877 0.7785692493893596
1629013273.809125662 3.766969238879353 1.0196432690695085 0.0 0.0 0.0 0.6275587065188366 0.778569245393372
1629013275.311985254 3.765900811415145 1.0186142554026345 0.0 0.0 0.0 0.627558727019334 0.7785692288691308
1629013275.812977314 3.766567247157463 1.0188050034614637 0.0 0.0 0.0 0.6275587024591329 0.7785692486656595
1629013276.313955784 3.7663890616363007 1.0173480013981484 0.0 0.0 0.0 0.6275587261839322 0.778569229542499
1629013276.313955784 3.765028846338787 1.0171202510966222 0.0 0.0 0.0 0.627558742411056 0.7785692164627714
1629013276.514402390 3.765198270199567 1.0168402386417774 0.0 0.0 0.0 0.6275587628528955 0.7785691999858094
1629013276.614527225 3.7662293412604626 1.016895171558295 0.0 0.0 0.0 0.6275587525554828 0.778569208285947
1629013277.015316010 3.765613930737013 1.0165547667345312 0.0 0.0 0.0 0.6275587694340545 0.7785691946811247
1629013277.015316010 3.765150760940264 1.0172916748234493 0.0 0.0 0.0 0.6275587817247734 0.7785691847743
1629013277.215725422 3.765120882466237 1.0171870904377642 0.0 0.0 0.0 0.6275588032961386 0.7785691673868922
1629013277.616681337 3.7651857091688155 1.017040121900502 0.0 0.0 0.0 0.627558801447843 0.7785691688766944
1629013278.117462635 3.765048940181943 1.0172317479177018 0.0 0.0 0.0 0.6275588171836748 0.778569156192966
1629013278.718654156 3.7649360601522583 1.0170395138224388 0.0 0.0 0.0 0.6275588255133464 0.7785691494789074
1629013278.919036388 3.764615141527828 1.017183103294696 0.0 0.0 0.0 0.6275588138189883 0.7785691589050419
1629013279.019241810 3.7650325410676335 1.0177264832598698 0.0 0.0 0.0 0.6275588199500107 0.7785691539631852
1629013279.822077751 3.7645846857908354 1.0173483978805913 0.0 0.0 0.0 0.6275588355181702 0.778569141414607
1629013280.822953224 3.7649388350578605 1.0183875272628025 0.0 0.0 0.0 0.6275588234279255 0.7785691511598426
1629013281.323719501 3.7648013586229645 1.0183717861280979 0.0 0.0 0.0 0.6275588286111914 0.7785691469819166
1629013281.524127960 3.76325316994126 1.0187099997705074 0.0 0.0 0.0 0.627558834464324 0.7785691422640504
1629013281.824714661 3.7634057560845267 1.0208782836324606 0.0 0.0 0.0 0.6275588496786756 0.7785691300006553
1629013282.125304222 3.7618844310926725 1.021320884070347 0.0 0.0 0.0 0.6275588879085902 0.778569099185765
1629013283.027065277 3.762227190087655 1.021743329409872 0.0 0.0 0.0 0.6275589158982952 0.7785690766249046
1629013283.728429317 3.7622934227681983 1.0218962695176184 0.0 0.0 0.0 0.627558913444164 0.7785690786030359
1629013285.031048775 3.7602329401941934 1.0227834324328484 0.0 0.0 0.0 0.6275588849160967 0.7785691015978384
1629013285.632148743 3.7612452726579053 1.022926776990418 0.0 0.0 0.0 0.627558897035098 0.7785690918294222
1629013286.233335018 3.7610887015962255 1.0227857631058936 0.0 0.0 0.0 0.6275589001071886 0.7785690893531901
1629013287.335497141 3.760644367475656 1.0235296154870426 0.0 0.0 0.0 0.6275588735257407 0.7785691107789362
1629013288.238262653 3.7616088487442223 1.0236393364665104 0.0 0.0 0.0 0.627558840890488 0.7785691370842972
1629013289.139037371 3.760177845741961 1.0235233233199699 0.0 0.0 0.0 0.6275588435400956 0.7785691349486041
1629013289.740151167 3.7601360013272975 1.0235675513143134 0.0 0.0 0.0 0.6275588263513975 0.7785691488034037
1629013290.241132259 3.7590914078726376 1.0235556718003944 0.0 0.0 0.0 0.6275588044861288 0.778569166427711
1629013290.942499161 3.7587957612953926 1.0246743336191884 0.0 0.0 0.0 0.6275588039812139 0.7785691668346932
1629013291.643872261 3.7584583907144364 1.0242752535396336 0.0 0.0 0.0 0.6275588074766177 0.7785691640172538
1629013291.944457531 3.7571772195290087 1.0237300093438182 0.0 0.0 0.0 0.6275588077985333 0.7785691637577765
1629013292.445479393 3.7569133180848464 1.0232008682852411 0.0 0.0 0.0 0.6275588465848697 0.7785691324943906
1629013293.047432423 3.757101811936253 1.023530925013351 0.0 0.0 0.0 0.6275588370093427 0.7785691402126604
1629013293.848223686 3.7565505243802946 1.0247258685793712 0.0 0.0 0.0 0.627558823669159 0.7785691509653985
1629013294.449362993 3.7581737626276546 1.0247540627197416 0.0 0.0 0.0 0.6275588337389364 0.7785691428487428
1629013295.150742054 3.7578675874421097 1.023085553660226 0.0 0.0 0.0 0.6275588413056766 0.778569136749638
1629013295.651784420 3.7581685313920956 1.0234433594316645 0.0 0.0 0.0 0.627558866968676 0.7785691160642012
1629013296.152692318 3.7581469089847896 1.0226789499974052 0.0 0.0 0.0 0.6275588615490675 0.7785691204326295
1629013296.753854752 3.7580627592237907 1.0229903208925055 0.0 0.0 0.0 0.62755884219122 0.7785691360358535
1629013297.254834890 3.757899801764473 1.0240572002378687 0.0 0.0 0.0 0.627558847823621 0.7785691314959059
1629013297.755830765 3.7590156883943973 1.0231403397155248 0.0 0.0 0.0 0.6275588402964802 0.778569137563092
1629013298.356981039 3.7601432418197906 1.0232569893478127 0.0 0.0 0.0 0.6275588491889134 0.778569130395424
1629013298.958150387 3.7608983846445514 1.0222615078408803 0.0 0.0 0.0 0.6275588746106078 0.7785691099044885
1629013299.759720087 3.7609911375020717 1.022419915246758 0.0 0.0 0.0 0.627558912611285 0.7785690792743708
1629013300.361333370 3.7602115785852215 1.022982954224111 0.0 0.0 0.0 0.6275589224136565 0.7785690713732535
1629013300.962058544 3.7599854735928964 1.0229619685655786 0.0 0.0 0.0 0.6275588883949791 0.7785690987937154
1629013301.362841129 3.7601928273407528 1.0230394715112159 0.0 0.0 0.0 0.6275589442142318 0.7785690538010862
1629013301.863822460 3.7595150431672986 1.023892905362928 0.0 0.0 0.0 0.6275589424218471 0.7785690552458226
1629013302.665424824 3.7590373297424295 1.0254248060757647 0.0 0.0 0.0 0.6275589769126465 0.7785690274448068
1629013303.867745638 3.7586261219916124 1.024903716207318 0.0 0.0 0.0 0.6275589661328227 0.7785690361337925
1629013304.370109081 3.758181643153755 1.0251565806332568 0.0 0.0 0.0 0.6275589652239839 0.7785690368663543
1629013305.271343708 3.7584127088433372 1.0248092217333635 0.0 0.0 0.0 0.627558985137885 0.7785690208149229
1629013306.072058678 3.7581676800269825 1.0252910991481865 0.0 0.0 0.0 0.6275589937183795 0.7785690138986877
1629013306.272438526 3.75851852047389 1.0267591559428535 0.0 0.0 0.0 0.6275590399231641 0.778568976655708
1629013306.575726032 3.759558510848475 1.0273476080338009 0.0 0.0 0.0 0.6275590686756263 0.7785689534800245
1629013307.374596596 3.7608961730761163 1.0273845283785368 0.0 0.0 0.0 0.6275590452568318 0.7785689723565496
1629013307.975763083 3.7617600011587764 1.0283396490655594 0.0 0.0 0.0 0.627559080939887 0.7785689435945184
1629013308.476742268 3.760745911573908 1.0276254514432823 0.0 0.0 0.0 0.6275590781389645 0.7785689458521788
