1629013127.924314976 0.0 0.0 0.0 0.0 0.0 0.0 1.0
1629013137.443101883 0.5536687966108446 -0.3366582409176633 0.0 0.0 0.0 -0.1858000673998803 0.9825875711376569
1629013138.845640182 1.2480342792904622 -0.6486922545441591 0.0 0.0 0.0 -0.2649020511090265 0.9642753254741255
1629013140.248363495 1.6883408723245206 -0.9006705263823461 0.0 0.0 0.0 -0.2922021966611367 0.9563565633519783
1629013141.851511002 2.138560647671588 -1.1815567247383842 0.0 0.0 0.0 -0.275293843701086 0.9613601300346722
1629013146.961471319 2.8639951686177714 -1.2996038903325464 0.0 0.0 0.0 0.23033025086301068 0.9731125194639018
1629013153.475707531 3.481811931908092 -0.5039944874980259 0.0 0.0 0.0 0.42552440352246906 0.904946949830125
1629013155.979108810 3.8917158688873794 0.5204810437806674 0.0 0.0 0.0 0.6642308113457599 0.7475275441473401
1629013157.081253529 3.8807145266073233 0.9959199151466218 0.0 0.0 0.0 0.7550852313496081 0.6556266417693143
1629013159.285511494 3.596692186230809 1.9249489840627996 0.0 0.0 0.0 0.9045050297280608 0.4264629540729651
1629013166.499655485 3.3340765140144293 1.551836510221168 0.0 0.0 0.0 0.9998028398336296 -0.01985652186586609
1629013168.804109335 2.6187383996129117 1.2628822251992586 0.0 0.0 0.0 0.9478436748294194 -0.31873557706327976
1629013170.808011293 2.1342566459460186 0.6790600826116454 0.0 0.0 0.0 0.8994066323841262 -0.4371129254820147
1629013172.411147356 1.6596248457987637 0.09950817018012006 0.0 0.0 0.0 0.9422160899247704 -0.3350057311254198
1629013175.417114735 1.152059386191528 -0.49281154362315793 0.0 0.0 0.0 0.9981184641933881 -0.061315018031738076
1629013178.225569725 0.3210177816842526 -0.1501188220549964 0.0 0.0 0.0 0.9865905856906716 0.16321463239102613
1629013180.030048609 -0.7112647351623854 -0.08185942524457608 0.0 0.0 0.0 0.9920757813314134 -0.12564093320118952
1629013182.029904366 -1.1810445157900133 -0.7877276203369324 0.0 0.0 0.0 -0.8480944952345293 0.5298450029517019
1629013183.132084608 -1.4141984716859708 -1.4694761346681957 0.0 0.0 0.0 -0.8560733167062129 0.5168544054408593
1629013185.035778046 -1.8872998337729512 -2.4672857007001507 0.0 0.0 0.0 0.928684549996206 -0.3708706062744046
1629013187.139883280 -1.4600513433115108 -2.0733232654827924 0.0 0.0 0.0 0.9949079984136461 -0.10078727445740523
1629013191.648674011 -1.690295632594072 -1.4438251375827333 0.0 0.0 0.0 0.912943598602257 0.408085757863664
1629013194.053387165 -2.241978381213832 -0.5433729725665536 0.0 0.0 0.0 0.6595613192328931 0.7516507607737558
1629013194.955330849 -2.1246658133046132 0.017050330478175942 0.0 0.0 0.0 0.5101125990573437 0.8601076306387252
1629013196.959035397 -1.2566351579680972 0.8872490201848502 0.0 0.0 0.0 0.10720108140584438 0.9942373600631881
1629013198.061203957 -0.5156408873695469 0.9303623393671066 0.0 0.0 0.0 -0.13195260823286117 0.9912560260500539
1629013198.962962866 0.06748831985468447 0.6781800919570258 0.0 0.0 0.0 -0.317441189742982 0.9482779608609282
1629013199.764528275 0.5466951968945848 0.3033663205764061 0.0 0.0 0.0 -0.3101930692611941 0.9506735821417991
1629013200.767469406 1.1105363616280206 -0.018464959894462132 0.0 0.0 0.0 -0.1721665709369845 0.985067851394918
1629013202.074606419 1.7412795790287947 -0.14415936341266025 0.0 0.0 0.0 -0.032323835495912674 0.9994774482992766
1629013204.874494076 2.0290677393947356 -0.37537813976127293 0.0 0.0 0.0 -0.18730730757677488 0.9823013654313728
1629013207.078907251 3.013819309648757 -0.7986908414712357 0.0 0.0 0.0 -0.21998800944843702 0.9755025759570881
1629013210.285079241 4.20243062929199 -0.9970892812519048 0.0 0.0 0.0 0.23530532073849203 0.9719215019908529
1629013211.787984371 4.749812659219271 -0.506718773965123 0.0 0.0 0.0 0.47417015596506235 0.8804332247206874
1629013212.890155315 5.01264969129184 0.10044839394333342 0.0 0.0 0.0 0.5236257976690714 0.8519483693366805
1629013215.294844151 5.410272697763311 0.9755114293788677 0.0 0.0 0.0 0.18787339771565414 0.9821932530977677
1629013216.897993088 6.225911823843926 1.133411857220671 0.0 0.0 0.0 -0.08797846133018503 0.9961223771916647
1629013218.100379467 6.975311562020612 0.9069849245193377 0.0 0.0 0.0 -0.3016767479514422 0.9534102683238953
1629013219.102272511 7.461801332470515 0.4778340400065362 0.0 0.0 0.0 -0.4840366588380786 0.8750477203563641
1629013220.605283260 7.833465897640357 -0.38232169846274655 0.0 0.0 0.0 -0.6491970066083969 0.7606203038380562
1629013222.809551716 7.719241308945491 0.38502206253615534 0.0 0.0 0.0 -0.8309617924716184 0.5563294882103186
1629013224.112039089 8.326649200453703 1.2514207854978938 0.0 0.0 0.0 0.9557397342532369 -0.2942134605512674
1629013225.314388275 9.050885833521995 1.74664201736948 0.0 0.0 0.0 0.9404994607691709 -0.3397951799141638
1629013226.917517185 9.742012698334484 2.7428206330638223 0.0 0.0 0.0 -0.78362080494245 0.6212394337623351
1629013227.719088316 9.745449618686937 3.326410468341856 0.0 0.0 0.0 -0.6959799236815197 0.7180612410040428
1629013230.324192047 10.028142664433375 2.56511763487268 0.0 0.0 0.0 -0.45205661399977065 0.8919892475467753
1629013233.831024408 9.263607472317924 2.9119261633490923 0.0 0.0 0.0 0.0500906183813025 0.998744677057244
1629013236.135547638 8.19866315063824 2.8091093400912106 0.0 0.0 0.0 -0.05543016090785098 0.9984625667804125
1629013237.337888718 7.406020760316017 2.969632558818865 0.0 0.0 0.0 -0.2296184085362618 0.973280733633043
1629013238.441780090 6.801585623681014 3.1921153419064505 0.0 0.0 0.0 -0.0661918397350605 0.9978069153661384
1629013239.441989660 6.099598119799369 3.1477507424334426 0.0 0.0 0.0 0.16474672791890968 0.9863359040610925
1629013241.045111418 5.047010007018331 2.399581195304373 0.0 0.0 0.0 0.37581537300636864 0.926694558855335
1629013241.846660614 4.5774395185314365 1.9995750472574505 0.0 0.0 0.0 0.2627223693005132 0.9648714715800881
1629013244.652156115 3.6860481929521542 1.3706724648639357 0.0 0.0 0.0 0.31845112380133145 0.9479392816787735
1629013247.157055855 3.605793338905188 0.7215510638874377 0.0 0.0 0.0 0.25875702263030415 0.9659424430262397
1629013248.760555744 3.0308150864033943 0.3563399713770536 0.0 0.0 0.0 0.3236634307840203 0.9461722800701349
1629013250.263106346 2.5973904392602907 -0.07710581792302662 0.0 0.0 0.0 0.4199280471662179 0.9075574005004678
1629013252.367221832 1.9280943426552448 -0.7769341750490427 0.0 0.0 0.0 0.34404017460107195 0.9389549287694612
1629013254.070553541 1.3698971916948819 -1.264040971384174 0.0 0.0 0.0 0.2978596587570636 0.9546096708525038
1629013260.783623695 2.0881574839921244 -1.176492282910058 0.0 0.0 0.0 -0.056294282536612686 0.9984142195269897
1629013262.687365055 3.1749866241005256 -1.5348655098324913 0.0 0.0 0.0 -0.32292861357595726 0.9464233252270942
1629013264.292868614 4.17844168225555 -2.2364755973738712 0.0 0.0 0.0 -0.29406128634959805 0.9557865660650497
1629013266.595720291 4.959695755155605 -2.4054806139016875 0.0 0.0 0.0 0.2163710866961248 0.9763111967205631
1629013267.897532701 5.598775213307597 -1.8627509552247459 0.0 0.0 0.0 0.5095166461401994 0.8604607994011364
1629013270.602983952 5.716392938198176 -0.41738849736683703 0.0 0.0 0.0 0.8112825974169816 0.5846542115886586
1629013271.304223061 5.605365051171375 0.3872562002991072 0.0 0.0 0.0 0.7776410094909634 0.6287085655197292
1629013272.606707096 5.584571712362547 1.3394407700509199 0.0 0.0 0.0 0.5693229317300305 0.8221139820039086
1629013277.215725422 4.843567837181478 1.04564192327474 0.0 0.0 0.0 -0.08869442843595897 0.9960588829805287
1629013278.418324947 4.11415746449408 1.3638121928580764 0.0 0.0 0.0 -0.23261265889058538 0.9725694581488009
1629013281.524127960 1.504667992980103 0.614132776751154 0.0 0.0 0.0 0.49492729211239284 0.8689343908042161
1629013282.826724052 1.0425759450914585 -0.3656296574834583 0.0 0.0 0.0 0.25416240185669636 0.9671615550064194
1629013283.928811550 0.1250635028984621 -0.6248143242997364 0.0 0.0 0.0 -0.04174341435841019 0.999128363804022
1629013284.830590248 -0.6615583838664173 -0.46554048432337025 0.0 0.0 0.0 -0.09814159252651207 0.9951724613434397
1629013286.032938719 -1.8676881769352132 -0.7404552415988334 0.0 0.0 0.0 0.21190900445610494 0.9772894012678243
1629013286.934691429 -2.5165190345767585 -1.1879761934410988 0.0 0.0 0.0 0.42947876243473254 0.9030769583028517
1629013288.437853813 -3.226425793518555 -2.2351241293612905 0.0 0.0 0.0 0.3506198634643624 0.9365178649359722
1629013291.042703152 -2.4642111415338737 -1.8055606023042523 0.0 0.0 0.0 0.013050962495481749 0.9999148325622246
1629013292.044656277 -1.8032613017310553 -1.872953376427104 0.0 0.0 0.0 -0.18959438386054409 0.9818625003576319
1629013292.848424911 -1.2062993999578053 -2.0661909447466034 0.0 0.0 0.0 -0.17355261141610437 0.9848245991396898
