1629013127.723922968 0.0002894912671415572 0.001242751055229863 0.0 0.0 0.0 -2.269853110263476e-08 0.9999999999999998
1629013128.224887848 0.0016105569985431932 0.0010235920593609314 0.0 0.0 0.0 -4.9004463758462575e-08 0.9999999999999988
1629013128.926275730 0.0022121746612084573 0.0021271409154658494 0.0 0.0 0.0 -6.91749998114538e-08 0.9999999999999976
1629013129.727863789 0.0019202322362533988 0.002361264303808435 0.0 0.0 0.0 -8.303814874421235e-08 0.9999999999999966
1629013130.729794502 0.0025847849597135024 0.002628304170029027 0.0 0.0 0.0 -4.772586756635664e-08 0.9999999999999989
1629013131.230769873 -0.0026678108433169246 -0.005173353082497475 0.0 0.0 0.0 3.331456264260281e-08 0.9999999999999994
1629013131.731744289 0.00207950660670764 -0.005760264776374145 0.0 0.0 0.0 -1.0273076035309121e-07 0.9999999999999947
1629013132.533311367 0.0019716463252243597 -0.004964860852909152 0.0 0.0 0.0 -1.3760129339685372e-07 0.9999999999999906
1629013133.134488583 0.003488335713283065 -0.0040002363055889655 0.0 0.0 0.0 -1.6286115704348607e-07 0.9999999999999868
1629013133.635461807 0.0002162790411723484 0.0069433147536215965 0.0 0.0 0.0 4.2809477354972555e-08 0.9999999999999991
1629013135.038238049 0.00014758585622707312 0.0066117372871549425 0.0 0.0 0.0 6.863971704165976e-08 0.9999999999999977
1629013135.639563084 -4.477193224170517e-05 0.007185802262850343 0.0 0.0 0.0 1.3228549733755735e-08 0.9999999999999999
1629013136.140389442 -0.00043467099503387643 0.00766524384148868 0.0 0.0 0.0 5.464731713559769e-08 0.9999999999999986
1629013136.240868092 0.000722022591206704 0.007726154354418545 0.0 0.0 0.0 5.4823061762326433e-08 0.9999999999999984
1629013136.240868092 0.19034631348974718 -0.13637221829404417 0.0 0.0 0.0 -0.07963652505235044 0.9968239683502731
1629013136.340748310 0.19132069550510353 -0.1412344834566148 0.0 0.0 0.0 -0.08446624684681263 0.9964263410526707
1629013136.541119576 0.19517310544544084 -0.1702065941679116 0.0 0.0 0.0 -0.09637650933124502 0.9953449494768758
1629013137.242624760 0.1955007651192044 -0.16942689510091496 0.0 0.0 0.0 -0.09637646445155755 0.9953449538224513
1629013137.342700481 0.19553382424465976 -0.16994045382884562 0.0 0.0 0.0 -0.09637649575877874 0.9953449507910602
1629013137.342700481 0.24905043851160744 -0.2590393332569184 0.0 0.0 0.0 -0.1465661348018653 0.9892008734980178
1629013137.552075386 0.2949738867905401 -0.29385190318252935 0.0 0.0 0.0 -0.16305834165597222 0.9866164286167164
1629013138.044185638 0.2950638995241027 -0.2925984872709527 0.0 0.0 0.0 -0.16305832355908653 0.986616431607593
1629013138.545035839 0.29420714598972975 -0.29886331964592217 0.0 0.0 0.0 -0.16305825694238082 0.9866164426173489
1629013139.446808338 0.2854872058133564 -0.28646760619896094 0.0 0.0 0.0 -0.16305839855301887 0.9866164192133257
1629013140.047982454 0.28577285880943537 -0.2865367861866863 0.0 0.0 0.0 -0.16305842350389516 0.9866164150896864
1629013140.248363495 0.29687227569222335 -0.28958771863100674 0.0 0.0 0.0 -0.16305833708428058 0.986616429372281
1629013140.649135590 0.27912488368177024 -0.2968634284089193 0.0 0.0 0.0 -0.1630582514422614 0.9866164435263545
1629013141.250308990 0.30148539075547165 -0.291338780848514 0.0 0.0 0.0 -0.1630585246523458 0.986616398372843
1629013141.751293659 0.28042214799262644 -0.2985660495291911 0.0 0.0 0.0 -0.16305861514293163 0.9866163834174199
1629013142.853490353 0.27856966249902837 -0.29408373779607727 0.0 0.0 0.0 -0.1630583915972111 0.9866164203629142
1629013143.354449272 0.2795193063464842 -0.3024434343660094 0.0 0.0 0.0 -0.16305860912888095 0.9866163844113652
1629013144.055785656 0.29949417648109783 -0.29287803970322773 0.0 0.0 0.0 -0.16305838866755104 0.9866164208471
1629013144.656959772 0.2936595435893405 -0.30217517911635156 0.0 0.0 0.0 -0.16305845480416706 0.9866164099166795
1629013145.157940865 0.30008283371873196 -0.29086014721885045 0.0 0.0 0.0 -0.16305831386818728 0.9866164332092101
1629013145.658915520 0.29471347996832964 -0.3013309189725713 0.0 0.0 0.0 -0.16305822782299825 0.9866164474299135
1629013146.260293722 0.27943878321354815 -0.2890397158226936 0.0 0.0 0.0 -0.16305831325975143 0.9866164333097664
1629013146.360308409 0.27831295061598454 -0.28256104544958593 0.0 0.0 0.0 -0.16305851737157115 0.9866163995761398
1629013146.761072397 0.2776402128513359 -0.28160642123835283 0.0 0.0 0.0 -0.1630584891531533 0.9866164042398095
1629013146.861275196 0.2781151679744952 -0.3018608626872617 0.0 0.0 0.0 -0.16305814909539948 0.9866164604412306
1629013146.961471319 0.28028401596605834 -0.28324875556769286 0.0 0.0 0.0 -0.163058423339546 0.9866164151168484
1629013147.363122463 0.29470858798095134 -0.2862134704344906 0.0 0.0 0.0 -0.16305861431414106 0.9866163835543945
1629013147.662840843 0.27606232187703966 -0.2839988503322525 0.0 0.0 0.0 -0.16305847656368466 0.9866164063204759
1629013147.963420868 0.2780470846466156 -0.283682671963535 0.0 0.0 0.0 -0.16305855848933495 0.9866163927805883
1629013148.163911819 0.27926082598479796 -0.28381132072626075 0.0 0.0 0.0 -0.16305860340045678 0.9866163853581049
1629013148.464430809 0.2829905215040674 -0.28461654056030444 0.0 0.0 0.0 -0.163058446785601 0.9866164112419108
1629013148.564584255 0.2780052921073789 -0.28275517003340506 0.0 0.0 0.0 -0.16305852602432844 0.9866163981460948
1629013148.967636585 0.28923026247229877 -0.281524232226261 0.0 0.0 0.0 -0.16305863742332674 0.9866163797351268
1629013148.464430809 3.0850514608856323 -0.8460303959709523 0.0 0.0 0.0 0.14302501169359047 0.989719074298383
1629013148.564584255 3.1039107445243856 -0.8250186439499432 0.0 0.0 0.0 0.13715085684045397 0.9905501716056231
1629013148.967636585 3.14400230255581 -0.7979364202298562 0.0 0.0 0.0 0.11306597075233057 0.9935874829414032
1629013149.566569805 3.1432820435992315 -0.7978476287852313 0.0 0.0 0.0 0.11306596921520184 0.9935874831163218
1629013150.267954588 3.1431460185212443 -0.7971109103720656 0.0 0.0 0.0 0.11306593933903016 0.9935874865161007
1629013150.368111134 3.1422099204978124 -0.7967638829144965 0.0 0.0 0.0 0.11306594862075066 0.9935874854598813
1629013150.468353271 3.1412424258044234 -0.7965846177894859 0.0 0.0 0.0 0.11306590196237543 0.993587490769401
1629013150.571737289 3.141507264825783 -0.7961933847267545 0.0 0.0 0.0 0.11306592128115266 0.9935874885710086
1629013150.668736935 3.1418465578957875 -0.7974376296557342 0.0 0.0 0.0 0.11306597579348664 0.9935874823677413
1629013150.768898010 3.141249882731532 -0.7974668446705315 0.0 0.0 0.0 0.11306600042356098 0.9935874795649446
1629013150.869095564 3.1409184170443196 -0.796646333651533 0.0 0.0 0.0 0.11306600328620632 0.9935874792391879
1629013151.470263958 3.141509158544082 -0.7972741869577603 0.0 0.0 0.0 0.11306601230668827 0.9935874782126956
1629013151.570468903 3.1431412003421304 -0.7972858044642487 0.0 0.0 0.0 0.11306600388704538 0.9935874791708149
1629013151.971232891 3.142180205316115 -0.7973053140094721 0.0 0.0 0.0 0.11306603204270134 0.9935874759668214
1629013152.171621323 3.1417650235391363 -0.7971613135578488 0.0 0.0 0.0 0.1130660420795058 0.9935874748246756
1629013152.672604084 3.141379829406365 -0.7969912062918338 0.0 0.0 0.0 0.11306600289544606 0.9935874792836548
1629013152.772806168 3.1408987889181876 -0.7975516040313166 0.0 0.0 0.0 0.11306606311073794 0.9935874724314103
1629013153.073383331 3.1408517678617818 -0.798111191839997 0.0 0.0 0.0 0.11306607898175643 0.9935874706253552
1629013153.574472904 3.1404476406761304 -0.7975832235169907 0.0 0.0 0.0 0.11306608668388456 0.9935874697488855
1629013153.975163460 3.139689209713904 -0.797428730717708 0.0 0.0 0.0 0.1130661335708762 0.9935874644133413
1629013154.278061152 3.13950238878769 -0.7964842069578011 0.0 0.0 0.0 0.11306614077796562 0.9935874635932044
1629013154.878062725 3.1400285383044744 -0.7965774076102048 0.0 0.0 0.0 0.11306622510144454 0.9935874539975379
1629013155.578306198 3.139974049870716 -0.7960336770362414 0.0 0.0 0.0 0.1130662271797707 0.9935874537610327
1629013156.079273701 3.1414103934504523 -0.796486751416901 0.0 0.0 0.0 0.11306621003370756 0.9935874557121852
1629013156.581030369 3.141165200716879 -0.7969493031744328 0.0 0.0 0.0 0.11306623643600616 0.9935874527077106
1629013157.181401730 3.1415984448030465 -0.7973020265970018 0.0 0.0 0.0 0.11306620730532957 0.9935874560226635
1629013157.686052322 3.1409104781121804 -0.7974626746877678 0.0 0.0 0.0 0.11306613709828098 0.9935874640119373
1629013158.684444427 3.141108962842277 -0.7975657198777357 0.0 0.0 0.0 0.1130661114303591 0.9935874669328401
1629013159.485904694 3.1406463538288767 -0.799029658276662 0.0 0.0 0.0 0.11306615650794347 0.9935874618031979
1629013159.686296701 3.140891431069167 -0.8003523734294185 0.0 0.0 0.0 0.11306617731564882 0.9935874594353666
1629013159.886710405 3.1403913026068055 -0.8010272737908155 0.0 0.0 0.0 0.11306619879707151 0.9935874569908686
1629013160.187287807 3.1418796146491386 -0.8003819822379912 0.0 0.0 0.0 0.11306621147075259 0.9935874555486552
1629013160.287604094 3.141381338453191 -0.800356939123409 0.0 0.0 0.0 0.11306620587115906 0.9935874561858662
1629013160.490854502 3.9449144758117587 2.287546953973926 0.0 0.0 0.0 0.9119933998533827 0.4102048739640573
1629013160.588062286 3.9450802452246543 2.2876413206297515 0.0 0.0 0.0 0.9119933850791941 0.41020490681096533
1629013161.089177847 3.946002152235088 2.2874626852131574 0.0 0.0 0.0 0.911993367747801 0.4102049453432079
1629013161.590049744 3.945751398580847 2.28781303542 0.0 0.0 0.0 0.9119933849706476 0.4102049070522927
1629013161.990804672 4.159326468839619 1.6451751140138071 0.0 0.0 0.0 0.9690131009637495 0.24700933213265092
1629013162.391571283 4.159240746285337 1.644827856098344 0.0 0.0 0.0 0.969013102408201 0.24700932646609394
1629013162.792377234 4.159517842168875 1.6455742991003028 0.0 0.0 0.0 0.9690131108920638 0.24700929318405193
1629013162.992767334 4.159677901287207 1.645699747264836 0.0 0.0 0.0 0.9690131188730584 0.24700926187474848
1629013162.792377234 4.3049464343808985 1.5262161534448773 0.0 0.0 0.0 0.9591549361099567 0.28288126225663085
1629013162.992767334 4.306736066979967 1.5265925693488434 0.0 0.0 0.0 0.9591549370414799 0.2828812590981502
1629013163.794341564 4.306582958399398 1.5266117802323729 0.0 0.0 0.0 0.9591549190221108 0.2828813201957459
1629013164.297129869 4.306059057685711 1.5260179236855118 0.0 0.0 0.0 0.9591549158104339 0.28288133108545627
1629013164.395480871 4.306193495168355 1.5253408363655707 0.0 0.0 0.0 0.9591549251304727 0.2828812994843548
1629013164.395480871 4.3073742620735365 1.5257036147564549 0.0 0.0 0.0 0.959154922365898 0.28288130885809337
1629013164.796288013 4.307636211669093 1.524545833461129 0.0 0.0 0.0 0.9591549228861755 0.2828813070940083
1629013165.197075605 4.307559194795628 1.5259504422893362 0.0 0.0 0.0 0.9591549334189972 0.28288127138076696
1629013165.898430824 4.307396493891664 1.5253175647456216 0.0 0.0 0.0 0.9591549416520598 0.2828812434652281
1629013166.299229145 4.308437007307752 1.5269110216865134 0.0 0.0 0.0 0.9591549425285696 0.2828812404932791
1629013167.200989485 4.30829961853942 1.5262763759483204 0.0 0.0 0.0 0.9591549517321013 0.2828812092872031
1629013167.902340412 4.307983653884555 1.5253329756758573 0.0 0.0 0.0 0.9591549502217143 0.2828812144084169
1629013168.102773190 4.307847683707715 1.5254743801703037 0.0 0.0 0.0 0.9591549555853546 0.2828811962221183
1629013168.603710651 4.307368740216166 1.5258115149593439 0.0 0.0 0.0 0.9591549468483381 0.28288122584639963
1629013169.305072069 4.305851075991565 1.5262925844750297 0.0 0.0 0.0 0.9591549419760991 0.2828812423665204
1629013169.705881596 4.306909921831871 1.5257422925181585 0.0 0.0 0.0 0.9591549420060986 0.282881242264802
1629013169.806046009 4.306600071402903 1.5266204685197704 0.0 0.0 0.0 0.9591549422841116 0.2828812413221536
1629013170.307057381 4.305586672522068 1.5259591678569926 0.0 0.0 0.0 0.9591549444967715 0.28288123381976954
1629013171.009956837 4.306324570572773 1.5268281690678904 0.0 0.0 0.0 0.9591549372635064 0.28288125834533295
1629013171.709802628 4.306720870221682 1.5273854150189328 0.0 0.0 0.0 0.9591549349895458 0.28288126605556624
1629013172.310935020 4.306766005183865 1.5274156686619453 0.0 0.0 0.0 0.9591549255434308 0.2828812980841535
1629013172.811977863 4.309140313891331 1.5287141966952615 0.0 0.0 0.0 0.9591549272852177 0.28288129217834274
1629013173.112493277 4.308926935657309 1.5288926728965695 0.0 0.0 0.0 0.9591549317516973 0.282881277034018
1629013173.212690830 4.309545819791312 1.5292418125362714 0.0 0.0 0.0 0.959154927910009 0.2828812900598863
1629013173.312892914 4.309230576671906 1.528456666702473 0.0 0.0 0.0 0.9591549409885455 0.2828812457149818
1629013173.413134813 4.309362522971617 1.528845933079274 0.0 0.0 0.0 0.959154935963087 0.28288126275461667
1629013174.114495277 4.308460978954124 1.5279692736809571 0.0 0.0 0.0 0.9591549412383695 0.2828812448679126
1629013174.314868450 4.308341362587161 1.5282065775949407 0.0 0.0 0.0 0.9591549480741313 0.2828812216901476
1629013174.415051937 4.308351506667653 1.528388439923418 0.0 0.0 0.0 0.9591549418251631 0.2828812428782932
1629013174.916043282 4.308596309784077 1.5280163591221987 0.0 0.0 0.0 0.9591549345174795 0.282881267656184
1629013174.415051937 2.450305670738965 0.09622201130749851 0.0 0.0 0.0 -0.9900911724090988 0.14042603148126076
1629013174.916043282 2.226165919889723 0.01804264032807764 0.0 0.0 0.0 -0.9955843454119674 0.09387124783779303
1629013175.116446972 2.0931802172480087 -0.008090606505099731 0.0 0.0 0.0 -0.9972335778864816 0.07433162944350578
1629013175.216599941 2.043301206248137 -0.01765221591080592 0.0 0.0 0.0 -0.9979602328860533 0.06383865269579544
1629013175.517198086 1.8807880801703776 -0.043634957227734854 0.0 0.0 0.0 -0.9996211894108353 0.027522312418598087
1629013175.817921162 1.8807840042943014 -0.04335254910046616 0.0 0.0 0.0 -0.9996211905640988 0.02752227053158416
1629013176.018274307 1.8806723590206749 -0.0437858254932598 0.0 0.0 0.0 -0.9996211916879585 0.027522229712465842
1629013176.420287848 1.8800752650840031 -0.044550174289142104 0.0 0.0 0.0 -0.9996211914447594 0.027522238545577192
1629013176.619600296 1.8799410749782177 -0.04532552722007077 0.0 0.0 0.0 -0.999621191381988 0.027522240825466143
1629013176.820007801 1.881171211489333 -0.04546583480755525 0.0 0.0 0.0 -0.9996211931058271 0.02752217821472029
1629013177.621303797 1.8809851264884356 -0.04513514770090564 0.0 0.0 0.0 -0.9996211936750544 0.027522157540049254
1629013177.721537590 1.8819587859321107 -0.043410794879087285 0.0 0.0 0.0 -0.999621193321185 0.027522170392793012
1629013177.721537590 1.8813088244973266 -0.043811176176742815 0.0 0.0 0.0 -0.9996211933871513 0.02752216799686333
1629013177.921918392 1.881173539550832 -0.04344384857633471 0.0 0.0 0.0 -0.9996211943481328 0.027522133093432634
1629013178.122301817 1.882026754801759 -0.04337236092231619 0.0 0.0 0.0 -0.9996211939012667 0.027522149323886174
1629013178.523101568 1.883154156343748 -0.04306905445326934 0.0 0.0 0.0 -0.9996211947212535 0.02752211954144561
1629013178.723504305 1.8827300651188132 -0.04278086615009805 0.0 0.0 0.0 -0.9996211953237572 0.02752209765811575
1629013179.925849915 1.8823085031583526 -0.04204297391829769 0.0 0.0 0.0 -0.9996211956426627 0.027522086075248125
1629013180.627175808 1.8833578024417152 -0.04203047300496599 0.0 0.0 0.0 -0.9996211967924281 0.02752204431494408
1629013180.828376532 1.883072492694718 -0.04223801040755279 0.0 0.0 0.0 -0.9996211985963178 0.027521978796244625
1629013181.328547478 1.8822832047849039 -0.0423990798983991 0.0 0.0 0.0 -0.9996211981575257 0.027521994733535032
1629013181.832266808 -1.0221890543295606 0.019453225189932623 0.0 0.0 0.0 -0.9029600950831542 0.42972440783299837
1629013182.330725193 -1.04363295846066 -0.21010209520036588 0.0 0.0 0.0 -0.8592592638329168 0.5115403381135389
1629013182.531440973 -1.0433110219667066 -0.21084868511558832 0.0 0.0 0.0 -0.8592592394368116 0.511540379092865
1629013183.132084608 -1.044219325973121 -0.2102136940908338 0.0 0.0 0.0 -0.8592592359228495 0.511540384995438
1629013183.634452820 -1.0441884629778564 -0.21018896110361324 0.0 0.0 0.0 -0.859259228095584 0.5115403981432759
1629013184.033816814 -1.0443784768026882 -0.2098863621408792 0.0 0.0 0.0 -0.8592592318807658 0.5115403917851222
1629013184.033816814 -1.2604928930177919 -1.2000798483889528 0.0 0.0 0.0 -0.9341937772478489 0.3567660109250829
1629013184.635001659 -1.261086543014622 -1.1987479068884415 0.0 0.0 0.0 -0.9341937847902007 0.3567659911753925
1629013185.737141132 -1.2601803344659992 -1.1977630292085035 0.0 0.0 0.0 -0.9341937709266086 0.35676602747728536
1629013186.238120079 -1.259766383010745 -1.1960743047880347 0.0 0.0 0.0 -0.934193756410133 0.35676606548875284
1629013186.538707733 -1.259363176355401 -1.1952279410404998 0.0 0.0 0.0 -0.9341937586049797 0.3567660597415356
1629013186.638895512 -1.2593038970466353 -1.1951724375966981 0.0 0.0 0.0 -0.9341937493203781 0.35676608405331145
1629013187.039713860 -1.2592727188984643 -1.1957587891300332 0.0 0.0 0.0 -0.9341937554938524 0.3567660678880381
1629013188.142455101 -1.2586982063940366 -1.1953808412644924 0.0 0.0 0.0 -0.934193745536128 0.3567660939623889
1629013188.642812967 -1.2585578053827533 -1.195836075293559 0.0 0.0 0.0 -0.9341937415290014 0.35676610445506923
1629013189.150118589 -1.2587185893321784 -1.195611080113988 0.0 0.0 0.0 -0.9341937401511906 0.35676610806287323
1629013189.243979216 -1.2594081735715852 -1.195900954393292 0.0 0.0 0.0 -0.9341937360289778 0.35676611885690673
1629013189.346075773 -1.2598897500625295 -1.1956171105082123 0.0 0.0 0.0 -0.9341937225929315 0.3567661540392541
1629013189.945374012 -1.2602915247775626 -1.1956037935686172 0.0 0.0 0.0 -0.934193715349912 0.35676617300513164
1629013190.145747185 -1.2601740720177976 -1.195886577237656 0.0 0.0 0.0 -0.9341937314538347 0.3567661308369401
1629013190.446377039 -1.2605617498436874 -1.1961761762951442 0.0 0.0 0.0 -0.9341937357590426 0.3567661195637332
1629013191.448290825 -1.2595332521337126 -1.196188841504214 0.0 0.0 0.0 -0.9341937423005618 0.3567661024347345
1629013191.949263096 -1.2577273567085667 -1.1957286898398276 0.0 0.0 0.0 -0.93419375662819 0.35676606491776947
1629013192.851044893 -1.2583903480320169 -1.1965250314091673 0.0 0.0 0.0 -0.9341937515640988 0.35676607817811784
1629013193.354059696 -1.258634152861913 -1.1974542903106247 0.0 0.0 0.0 -0.9341937448016118 0.3567660958857232
1629013194.253760338 -1.2587564876309063 -1.1974204848540089 0.0 0.0 0.0 -0.9341937463099412 0.3567660919361554
1629013194.854950905 -1.258948225091283 -1.1973216447047008 0.0 0.0 0.0 -0.9341937374838549 0.35676611504730416
1629013195.957142353 -1.2587491439212413 -1.1981709998360708 0.0 0.0 0.0 -0.9341937197414314 0.3567661615059196
1629013196.458153248 -1.2581437684331362 -1.1971073921911715 0.0 0.0 0.0 -0.9341937046354517 0.3567662010609894
1629013197.259631634 -1.2590867914217387 -1.1972051488314142 0.0 0.0 0.0 -0.9341937019922374 0.3567662079822566
1629013197.760605812 -1.259865521384395 -1.1972751329242513 0.0 0.0 0.0 -0.9341937056431049 0.3567661984224456
1629013198.562168837 -1.2599264150294638 -1.1972070584346848 0.0 0.0 0.0 -0.9341937187461814 0.35676616411198614
1629013199.066054821 -1.2595422750997098 -1.1971804673450523 0.0 0.0 0.0 -0.9341937156755007 0.35676617215257633
1629013199.865200996 -1.2604911147372173 -1.197252871478369 0.0 0.0 0.0 -0.9341937038037526 0.35676620323879704
1629013200.767469406 -1.2614287476094117 -1.1972599507535657 0.0 0.0 0.0 -0.9341937080378497 0.3567661921517968
1629013201.467884541 -1.2593288472380184 -1.1985499001058049 0.0 0.0 0.0 -0.9341937373808691 0.35676611531697305
1629013202.074606419 -1.2589576902166673 -1.1981554669132057 0.0 0.0 0.0 -0.9341937487960302 0.356766085426319
1629013202.369596958 0.9547174585007878 0.9463741443689746 0.0 0.0 0.0 0.0704628787775876 0.9975144022591228
1629013202.670295238 0.9547148045514398 0.9456728306334206 0.0 0.0 0.0 0.07046288711294946 0.9975144016703257
1629013203.171209335 0.9550189533327451 0.946773550120842 0.0 0.0 0.0 0.07046289232829639 0.9975144013019215
1629013203.677692413 0.9556267050579889 0.9476997428561776 0.0 0.0 0.0 0.07046292466570654 0.9975143990176558
1629013204.573929071 0.9561215451867767 0.9472548160195073 0.0 0.0 0.0 0.07046295010832508 0.9975143972204269
1629013205.475691319 0.9559615059968907 0.9467757262831846 0.0 0.0 0.0 0.0704630091619457 0.9975143930489643
1629013205.676188707 0.9557161671278154 0.9470652462979344 0.0 0.0 0.0 0.07046304303151894 0.9975143906564649
1629013205.878082752 0.9559689045404689 0.9466245817410837 0.0 0.0 0.0 0.07046304986689647 0.9975143901736231
1629013206.076845169 0.9565559941168366 0.946355386924895 0.0 0.0 0.0 0.0704631301276862 0.9975143845041077
1629013206.076845169 0.9567189324953423 0.9468944591095175 0.0 0.0 0.0 0.07046314288848168 0.9975143836027014
1629013206.377456665 0.9560808731461179 0.946550968006449 0.0 0.0 0.0 0.07046318711158887 0.9975143804788366
1629013206.477707386 0.9551966140434035 0.9464663511298834 0.0 0.0 0.0 0.07046315221539237 0.9975143829438603
1629013207.078907251 0.9543689170763048 0.946449726203914 0.0 0.0 0.0 0.07046317288577296 0.9975143814837306
1629013207.078907251 0.9551513034702592 0.9459305978044905 0.0 0.0 0.0 0.07046319255740541 0.9975143800941508
1629013207.580000401 0.9555321115371708 0.9460057657030305 0.0 0.0 0.0 0.0704632757147989 0.997514374220011
1629013208.080886364 0.9549893369716613 0.9461669141210984 0.0 0.0 0.0 0.07046335503532396 0.9975143686168966
1629013209.383306265 0.9549834575168867 0.9461481712340882 0.0 0.0 0.0 0.07046338680135952 0.9975143663729771
1629013209.483502388 0.9547177079231691 0.9470998782709498 0.0 0.0 0.0 0.07046337407935988 0.997514367271646
1629013209.483502388 0.9549086656441536 0.9476053118030635 0.0 0.0 0.0 0.0704633475422585 0.9975143691461987
1629013209.784077168 0.9550524377317774 0.9476678148245384 0.0 0.0 0.0 0.07046339366055958 0.9975143658884502
1629013209.986763000 0.9556291485013247 0.9465403824108143 0.0 0.0 0.0 0.07046336497595726 0.9975143679147008
1629013210.786072731 0.9560634430594439 0.945666643670523 0.0 0.0 0.0 0.07046334808245097 0.9975143691080401
1629013211.487395525 0.9571991163046882 0.9454135137010373 0.0 0.0 0.0 0.07046336159035327 0.9975143681538563
1629013212.089605808 0.9562908273143684 0.9469593214888503 0.0 0.0 0.0 0.07046337796730973 0.9975143669970052
1629013212.790127516 0.9563844903013636 0.9467712655243111 0.0 0.0 0.0 0.07046338046512 0.9975143668205625
1629013213.491334200 0.9565210634295646 0.9472793642367168 0.0 0.0 0.0 0.07046339229601 0.9975143659848407
1629013213.691732168 0.9566700608274595 0.9476884819179907 0.0 0.0 0.0 0.07046345331817964 0.9975143616742953
1629013213.992370605 0.9562250369760055 0.9475641950076399 0.0 0.0 0.0 0.07046344019856599 0.9975143626010521
1629013214.192687035 0.9564227058208042 0.9477615547630717 0.0 0.0 0.0 0.070463462527713 0.9975143610237427
1629013214.394271851 0.9573027256272443 0.9468928745110038 0.0 0.0 0.0 0.07046345293747297 0.997514361701188
1629013214.394271851 0.9574448690699692 0.9462797024460093 0.0 0.0 0.0 0.07046344213294459 0.9975143624644094
1629013215.094453812 0.9570109531048587 0.9456869358193992 0.0 0.0 0.0 0.07046347320085206 0.9975143602698022
1629013215.094453812 0.9572305411132092 0.9455309750706422 0.0 0.0 0.0 0.07046346291994245 0.997514360996036
1629013215.595432520 0.9577461524348525 0.9450137807138572 0.0 0.0 0.0 0.07046349805572172 0.9975143585140773
1629013215.695641518 0.957492265449782 0.9442282142085676 0.0 0.0 0.0 0.07046351850637411 0.9975143570694619
1629013215.795802355 0.9577582135390839 0.944557158261749 0.0 0.0 0.0 0.0704635461256799 0.9975143551184585
1629013215.996199131 0.9582027535373336 0.9446110979600945 0.0 0.0 0.0 0.07046352528868272 0.9975143565903657
1629013216.196589470 0.9579344453000674 0.9437047432680824 0.0 0.0 0.0 0.07046357458003064 0.9975143531084676
1629013216.196589470 0.958925503241163 0.9433412492877395 0.0 0.0 0.0 0.07046358488306484 0.9975143523806698
1629013216.497184753 0.9593372245913129 0.9428206635628081 0.0 0.0 0.0 0.07046357097748995 0.997514353362948
1629013217.098364115 0.9591192517133027 0.9416810118586295 0.0 0.0 0.0 0.0704635857824914 0.997514352317135
1629013217.599331856 0.9597948007214436 0.9407463788175325 0.0 0.0 0.0 0.07046363836289746 0.9975143486028974
1629013218.100379467 0.9604880432288871 0.9400027080313264 0.0 0.0 0.0 0.07046362659006744 0.9975143494345209
1629013219.406359673 0.9601870952856867 0.9391472042920911 0.0 0.0 0.0 0.07046363931148492 0.9975143485358899
1629013220.204417229 0.9609151388385625 0.9390231079092839 0.0 0.0 0.0 0.07046364539621777 0.9975143481060691
1629013220.806005239 0.9607821670339287 0.9383376548807438 0.0 0.0 0.0 0.07046366729602409 0.9975143465590834
1629013221.106210232 0.9611182825929931 0.9387619783121807 0.0 0.0 0.0 0.07046369021684074 0.9975143449399738
1629013221.607167244 0.9605558968170226 0.9387882388180322 0.0 0.0 0.0 0.07046364976702217 0.9975143477973188
1629013223.711259842 0.9607296288226038 0.9387902110356098 0.0 0.0 0.0 0.07046360937221563 0.9975143506507762
1629013224.012077093 0.9599130337204685 0.939236708883484 0.0 0.0 0.0 0.07046358434186875 0.9975143524188994
1629013224.212237358 0.9593838234945833 0.9380201092605346 0.0 0.0 0.0 0.0704636045829514 0.997514350989086
1629013224.813429356 0.9588912633756589 0.9381144370164531 0.0 0.0 0.0 0.07046360595808818 0.9975143508919475
1629013225.114006281 0.9594272361600705 0.9374371346790196 0.0 0.0 0.0 0.07046362765639928 0.9975143493591961
1629013225.314388275 0.9579205380077832 0.9384578149819407 0.0 0.0 0.0 0.07046358329843284 0.9975143524926069
1629013225.816148996 0.9578139899332583 0.9384672218385443 0.0 0.0 0.0 0.07046351483420843 0.9975143573288604
1629013226.015756130 0.9575709806901024 0.9386105008818706 0.0 0.0 0.0 0.07046345820259943 0.9975143613292645
1629013226.416540146 0.9585356606019537 0.9387373291552749 0.0 0.0 0.0 0.07046350576602571 0.9975143579694286
1629013226.917517185 0.9590757715459334 0.9393477569213815 0.0 0.0 0.0 0.07046348884922879 0.9975143591644156
1629013227.418504953 0.959546283723731 0.9396642981590103 0.0 0.0 0.0 0.07046351238693827 0.9975143575017333
1629013228.220059395 0.9598492913115243 0.9392589543195786 0.0 0.0 0.0 0.07046347097983262 0.997514360426693
1629013228.821250439 3.8594909100611132 3.9515328295384315 0.0 0.0 0.0 0.015589528368787998 0.9998784759185682
1629013229.021659851 3.858337103841986 3.9516007668155146 0.0 0.0 0.0 0.015589526341064917 0.9998784759501833
1629013230.023580551 3.8582993403753942 3.952194564013712 0.0 0.0 0.0 0.015589528240728045 0.9998784759205648
1629013230.624771357 3.8594537526595483 3.9525560436757705 0.0 0.0 0.0 0.01558956172778259 0.9998784753984534
1629013230.724998474 3.8574845224073293 3.9541983431520435 0.0 0.0 0.0 0.015589617292234502 0.9998784745321212
1629013231.125766754 3.8582333067116714 3.954699074730328 0.0 0.0 0.0 0.015589592725631238 0.9998784749151514
1629013231.426332474 3.858412321190438 3.955421626509437 0.0 0.0 0.0 0.015589631516372287 0.9998784743103453
1629013231.726910353 3.8583771234821755 3.9556625413481434 0.0 0.0 0.0 0.015589645647782962 0.9998784740900148
1629013232.227927685 3.859042292742831 3.957965531353774 0.0 0.0 0.0 0.01558961903732555 0.9998784745049125
1629013231.726910353 4.878518282868439 4.224379109392218 0.0 0.0 0.0 0.355061156227215 0.9348430752477087
1629013231.927503109 4.800525870051102 4.165129710695491 0.0 0.0 0.0 0.3847552234318326 0.9230186444714541
1629013232.027493000 4.75402956417043 4.1320250737166635 0.0 0.0 0.0 0.40386625413446364 0.9148180413455983
1629013232.227927685 4.664939050104377 4.038849698914993 0.0 0.0 0.0 0.4447647653856821 0.8956474214061129
1629013232.328094959 4.615446959249157 3.9884750349899774 0.0 0.0 0.0 0.46762193327375146 0.8839285760293754
1629013232.428275108 4.564061168252712 3.9270089391209813 0.0 0.0 0.0 0.49155326462151133 0.8708475113588684
1629013232.528468847 4.5293154241215134 3.8459898214675587 0.0 0.0 0.0 0.5160449102775365 0.8565615276071237
1629013232.628664970 4.485030419841945 3.771944812846137 0.0 0.0 0.0 0.5395332713623597 0.8419642801764398
1629013232.728875399 4.447321109855482 3.700340482139239 0.0 0.0 0.0 0.5629202334322958 0.8265112284733521
1629013233.129659176 4.346233865253676 3.498264109544187 0.0 0.0 0.0 0.6347745006744109 0.7726974396835752
1629013233.730814695 4.346888550224644 3.497985638300308 0.0 0.0 0.0 0.634774468245118 0.7726974663243873
1629013234.632601976 4.347986104461867 3.498915349278019 0.0 0.0 0.0 0.634774482941762 0.7726974542510275
1629013235.033603668 4.348101583474652 3.4993342670412755 0.0 0.0 0.0 0.6347744747236387 0.7726974610022532
1629013235.534484386 4.348989059431398 3.497940165076835 0.0 0.0 0.0 0.6347744908286856 0.7726974477718836
1629013236.035361052 4.348448325608829 3.49884031268304 0.0 0.0 0.0 0.6347744509586772 0.7726974805252763
1629013236.536616802 4.3478738573551725 3.498852412513036 0.0 0.0 0.0 0.6347744252102763 0.7726975016777027
1629013237.037281513 4.206889802471539 1.651972120058854 0.0 0.0 0.0 0.5293650408686245 0.8483941616407785
1629013237.137472868 4.206608645216589 1.651386367471994 0.0 0.0 0.0 0.5293650509964751 0.8483941553213926
1629013237.738643646 4.206780522634225 1.6508457553280935 0.0 0.0 0.0 0.5293650640901082 0.8483941471514732
1629013238.239623070 4.206523494692904 1.6503988815973667 0.0 0.0 0.0 0.5293650250702765 0.8483941714983345
1629013238.441780090 3.7782593190138583 1.0233844583495189 0.0 0.0 0.0 0.6275585248637187 0.7785693918148038
1629013238.941011429 3.7787431942647762 1.0226820382424686 0.0 0.0 0.0 0.627558528324096 0.7785693890255991
1629013239.542208195 3.7780856735046253 1.022176818556019 0.0 0.0 0.0 0.6275585063200381 0.7785694067617625
1629013239.942944527 3.7783252775600373 1.0231516699412349 0.0 0.0 0.0 0.627558484709847 0.7785694241804522
1629013240.443916321 3.779080161254528 1.0231721556810198 0.0 0.0 0.0 0.6275584740357332 0.77856943278422
1629013240.544137478 3.7799541889027783 1.023357705403477 0.0 0.0 0.0 0.6275584912814304 0.7785694188834896
1629013240.644346952 3.7801327227265396 1.0243260340829186 0.0 0.0 0.0 0.6275585058896347 0.778569407108685
1629013240.644346952 3.779887630511083 1.0239753927764352 0.0 0.0 0.0 0.6275585325489014 0.7785693856202345
1629013241.245482445 3.7788659120648505 1.0244759549438107 0.0 0.0 0.0 0.6275585402799524 0.7785693793886935
1629013241.746649981 3.7786383789957014 1.0242402535528337 0.0 0.0 0.0 0.6275585209898507 0.7785693949372985
1629013242.247446537 3.77933638462134 1.0229837846804644 0.0 0.0 0.0 0.6275585412852878 0.7785693785783524
1629013242.347635746 3.7785682688662137 1.0219375121667416 0.0 0.0 0.0 0.6275585226076319 0.7785693936333012
1629013242.748418331 3.7789368665990253 1.022141021640851 0.0 0.0 0.0 0.6275584796734568 0.7785694282399865
1629013242.948856115 3.778723050419846 1.0233772606917686 0.0 0.0 0.0 0.6275584762121198 0.7785694310299642
1629013243.049047709 3.778034614643438 1.0223474243920843 0.0 0.0 0.0 0.6275584302259023 0.7785694680967147
1629013243.049047709 3.7772598778543456 1.0216686508750015 0.0 0.0 0.0 0.6275584468368572 0.778569454707614
1629013243.550235271 3.777021277171726 1.0219549924537004 0.0 0.0 0.0 0.6275584582168865 0.7785694455348504
1629013243.750394821 3.776012448231985 1.0216813805998037 0.0 0.0 0.0 0.6275584739878471 0.7785694328228181
1629013243.850748301 3.7756179488697184 1.021686875852121 0.0 0.0 0.0 0.6275585052482291 0.7785694076256839
1629013244.051008224 3.7754686125282224 1.021602195612557 0.0 0.0 0.0 0.6275585038133127 0.7785694087822848
1629013244.551958561 3.7751686970887444 1.0207893125762542 0.0 0.0 0.0 0.6275584828533797 0.77856942567684
1629013244.752338409 3.7750386493603973 1.020481533035332 0.0 0.0 0.0 0.6275584653898294 0.7785694397531682
1629013245.052947521 3.775201531812324 1.0195887669098782 0.0 0.0 0.0 0.6275584551608259 0.7785694479981587
1629013245.253318071 3.7753666077795875 1.0199702027836592 0.0 0.0 0.0 0.6275584388076437 0.7785694611794846
1629013245.654092550 3.776797762834819 1.0200492916363002 0.0 0.0 0.0 0.6275584425985646 0.7785694581238491
1629013245.858057976 3.7770183295454887 1.021568572664661 0.0 0.0 0.0 0.6275584240411957 0.778569473081838
1629013245.954675913 3.777812477020776 1.0218655213038799 0.0 0.0 0.0 0.6275583895540938 0.778569500879833
1629013246.255266666 3.777407359769878 1.0218130383361494 0.0 0.0 0.0 0.6275583732440315 0.7785695140264001
1629013246.555862904 3.7763450355844412 1.0215492206859755 0.0 0.0 0.0 0.6275583858722459 0.7785695038475507
1629013246.956682920 3.776008668744579 1.021671955594572 0.0 0.0 0.0 0.6275583769982311 0.778569511000364
1629013247.057110310 3.7763500762568816 1.0227773547334547 0.0 0.0 0.0 0.6275583918018063 0.7785694990680861
1629013247.557822704 3.7766804455688456 1.0235020380818236 0.0 0.0 0.0 0.6275583901449086 0.7785695004036125
1629013248.259931803 3.7776504036198215 1.0228334412653057 0.0 0.0 0.0 0.6275584093806963 0.7785694848987921
1629013248.960558414 3.776726390325725 1.0224089961105967 0.0 0.0 0.0 0.6275584396971027 0.7785694604625446
1629013249.461553097 3.7771247176266085 1.0228558668852128 0.0 0.0 0.0 0.6275584662963517 0.7785694390224746
1629013250.263106346 3.776269835542486 1.0231508503128213 0.0 0.0 0.0 0.6275584453831906 0.7785694558793281
1629013250.864261150 3.7769477241247573 1.0223983022040453 0.0 0.0 0.0 0.6275584623129343 0.7785694422332702
1629013251.365235329 3.777432369491444 1.022941635956499 0.0 0.0 0.0 0.6275584319423809 0.7785694667131636
1629013252.166831970 3.7787396807053066 1.0224923007019686 0.0 0.0 0.0 0.6275584249042524 0.7785694723861794
1629013252.367221832 3.7798675855889656 1.021665899230276 0.0 0.0 0.0 0.627558472300655 0.7785694341827633
1629013252.868175983 3.7796531288752018 1.0224827878598306 0.0 0.0 0.0 0.6275585258476605 0.7785693910217067
1629013253.068570137 3.7786245300688917 1.0224410474972752 0.0 0.0 0.0 0.627558516735975 0.778569398366095
1629013253.769940376 3.779457294593371 1.0214259590914199 0.0 0.0 0.0 0.6275585104360523 0.7785694034440882
1629013253.970323563 3.7790195565143305 1.0201385344603884 0.0 0.0 0.0 0.6275585427355304 0.778569377409398
1629013254.771917343 3.7789027818288203 1.0205013358508936 0.0 0.0 0.0 0.6275585610886585 0.7785693626160308
1629013254.972341061 3.7779281765509056 1.0211138985763994 0.0 0.0 0.0 0.6275585553535982 0.7785693672387225
1629013255.573482752 3.779366679998268 1.0205571981345873 0.0 0.0 0.0 0.6275585642457793 0.7785693600712631
1629013256.074461937 3.7785416942766603 1.019975412064608 0.0 0.0 0.0 0.6275585854198531 0.7785693430040981
1629013256.876011133 3.7786891961802964 1.020442712214748 0.0 0.0 0.0 0.6275586050285934 0.7785693271986548
1629013258.078352928 3.778046064476141 1.0202582526900206 0.0 0.0 0.0 0.6275586119794999 0.7785693215959407
1629013258.579374075 3.7786928062073852 1.0198697518588338 0.0 0.0 0.0 0.6275585927385996 0.7785693371048904
1629013259.581286430 3.7790977943050583 1.0191391577618563 0.0 0.0 0.0 0.6275585855511366 0.7785693428982782
1629013260.082254410 3.7798890292071965 1.0195189917313103 0.0 0.0 0.0 0.6275585736994841 0.7785693524511925
1629013260.683427811 3.779071029604485 1.0192200245519085 0.0 0.0 0.0 0.627558582253626 0.778569345556206
1629013261.184803009 3.7791197172174646 1.0207784461699054 0.0 0.0 0.0 0.6275585636079268 0.778569360585398
1629013262.086208582 3.7794408945170885 1.0222507981034077 0.0 0.0 0.0 0.6275586118514214 0.7785693216991774
1629013262.186375856 3.7793507507883617 1.0236636535479238 0.0 0.0 0.0 0.6275585735005281 0.7785693526115591
1629013262.186375856 3.7788963986358666 1.0247736359292738 0.0 0.0 0.0 0.6275585754313651 0.778569351055226
1629013262.687365055 3.778523828871334 1.0247248993924565 0.0 0.0 0.0 0.627558588172233 0.7785693407855678
1629013263.388790369 3.7782339001229692 1.0241060344455646 0.0 0.0 0.0 0.6275586199221078 0.778569315193875
1629013264.691281557 3.7794865355459004 1.0251564275276308 0.0 0.0 0.0 0.6275586219472439 0.7785693135615327
1629013265.292447567 3.778582392009435 1.0251689272659685 0.0 0.0 0.0 0.6275586529495546 0.7785692885724047
1629013265.893932343 3.7792763636119546 1.025510123105447 0.0 0.0 0.0 0.6275585865968131 0.7785693420554204
1629013266.795362473 3.780363822784915 1.0258447376145183 0.0 0.0 0.0 0.6275585735109553 0.7785693526031543
1629013266.996018648 3.7805207384127644 1.0255696651492099 0.0 0.0 0.0 0.6275585968865521 0.7785693337614717
1629013267.596940279 3.7797246219311202 1.0248837565351074 0.0 0.0 0.0 0.6275585783562504 0.7785693486976494
1629013268.498708248 3.7798031711177735 1.0250797707332293 0.0 0.0 0.0 0.6275585911047132 0.7785693384218694
1629013269.099856377 3.7785079805728117 1.0269196399932108 0.0 0.0 0.0 0.6275585849136345 0.7785693434121309
1629013269.200072765 3.7785131692526557 1.0272312331185445 0.0 0.0 0.0 0.6275585350999628 0.7785693835639754
1629013269.400448322 3.779753966623939 1.026860128064915 0.0 0.0 0.0 0.627558554145198 0.7785693682127421
1629013269.702066660 3.7792189272847003 1.026579363514191 0.0 0.0 0.0 0.6275585876537604 0.7785693412034779
1629013269.500660896 7.727445039150258 0.24640086555999546 0.0 0.0 0.0 0.9989213539345417 0.04643413241982615
1629013269.600833416 7.651936222026348 0.2576033162367418 0.0 0.0 0.0 0.9997932141152861 0.02033541268392921
1629013269.702066660 7.575839665078683 0.2705329788325004 0.0 0.0 0.0 -0.9999748402892773 0.007093573742089264
1629013269.801248312 7.5204409661423455 0.27777303145643406 0.0 0.0 0.0 -0.9994673513118499 0.032634547057912924
1629013269.901425600 7.446874253178848 0.2849772864737145 0.0 0.0 0.0 -0.9983544914505246 0.05734378257984382
1629013270.302225113 7.447191200740185 0.2845649263806825 0.0 0.0 0.0 -0.9983544914315226 0.057343782910670146
1629013270.403551102 7.056514465702305 0.3211547735784757 0.0 0.0 0.0 -0.9976771785838436 0.06811936092610807
1629013270.602983952 6.897662525259698 0.3249786829233024 0.0 0.0 0.0 -0.9993747717572433 0.035356266419939573
1629013270.903461933 6.8963716917225195 0.3250009411627843 0.0 0.0 0.0 -0.9993747719300525 0.03535626153534142
1629013271.404375553 6.895892147484302 0.32476690655308404 0.0 0.0 0.0 -0.9993747730567717 0.03535622968765182
1629013271.905340433 6.896837756229831 0.3243428118304193 0.0 0.0 0.0 -0.9993747710392608 0.035356286714319916
1629013272.707123518 6.897845303310259 0.3247380332314705 0.0 0.0 0.0 -0.9993747703134507 0.03535630722993764
1629013271.905340433 5.861348963450893 0.5118370009165022 0.0 0.0 0.0 0.9645480061667231 0.263907453096344
1629013272.206001997 5.665121278314409 0.5813787710803064 0.0 0.0 0.0 0.9457174906085164 0.32498988900753617
1629013273.207884312 5.665031895972864 0.5814573962756862 0.0 0.0 0.0 0.9457174868840439 0.3249898998457157
1629013273.809125662 5.664705438862639 0.5806400275595044 0.0 0.0 0.0 0.9457174917651266 0.32498988564181125
1629013275.311985254 5.664052851153149 0.5801880976042852 0.0 0.0 0.0 0.9457174942280209 0.3249898784748123
1629013275.812977314 5.666146628550088 0.5802312594293558 0.0 0.0 0.0 0.9457174744120593 0.3249899361390686
1629013276.313955784 5.66591013922138 0.5801794380557117 0.0 0.0 0.0 0.9457174720881063 0.32498994290174854
1629013276.313955784 5.666567537726703 0.5809678195693133 0.0 0.0 0.0 0.9457174646125246 0.3249899646556158
1629013276.514402390 5.666483103523259 0.5818372755671876 0.0 0.0 0.0 0.945717468853179 0.3249899523153546
1629013276.614527225 5.666047661433691 0.5818022071064548 0.0 0.0 0.0 0.9457174386830971 0.32499004010997407
1629013277.015316010 5.665644414772292 0.5814703557100934 0.0 0.0 0.0 0.945717439811968 0.32499003682497213
1629013277.015316010 5.66534966466917 0.5806582243229192 0.0 0.0 0.0 0.9457174444701014 0.3249900232698546
1629013277.215725422 5.6649570868005465 0.5811374029631504 0.0 0.0 0.0 0.9457174147502223 0.3249901097543677
1629013277.616681337 5.66342959780744 0.5809787826379175 0.0 0.0 0.0 0.9457174214155168 0.3249900903584381
1629013278.117462635 5.664404510995484 0.5809822745342739 0.0 0.0 0.0 0.9457174177946417 0.324990100895143
1629013278.718654156 5.664205336726197 0.5791788563182652 0.0 0.0 0.0 0.9457174332402957 0.3249900559484659
1629013279.822077751 5.664970403023569 0.5795824317273339 0.0 0.0 0.0 0.945717437271594 0.32499004421743255
1629013280.822953224 5.665119454392997 0.5783202106968943 0.0 0.0 0.0 0.9457174451741652 0.32499002122103665
1629013281.023141384 5.665082600027272 0.5795431549907265 0.0 0.0 0.0 0.945717437120486 0.3249900446571551
1629013281.323719501 5.665639900338992 0.5779525407467145 0.0 0.0 0.0 0.9457174391561668 0.3249900387333463
1629013281.524127960 5.6672416674420685 0.579559587986457 0.0 0.0 0.0 0.9457174509577503 0.324990004390866
1629013281.824714661 5.668160321707554 0.5803988615007013 0.0 0.0 0.0 0.9457174475517258 0.32499001430236074
1629013282.125304222 5.668074039911458 0.5800490297274457 0.0 0.0 0.0 0.9457174333016257 0.32499005576999607
1629013283.027065277 5.668273532554231 0.5792892353524628 0.0 0.0 0.0 0.9457174337618744 0.3249900544306773
1629013283.728429317 5.668663778250399 0.5786668352704347 0.0 0.0 0.0 0.9457174368487413 0.32499004544792914
1629013285.031048775 5.667440133930098 0.5780602309099975 0.0 0.0 0.0 0.9457174411884767 0.3249900328193469
1629013285.632148743 5.667674329604712 0.5789078153401976 0.0 0.0 0.0 0.9457174522463256 0.3249900006411254
1629013285.732345343 5.668956703881326 0.5781966702984707 0.0 0.0 0.0 0.9457174535562701 0.32498999682920104
1629013286.233335018 5.66780240034795 0.57847599920139 0.0 0.0 0.0 0.9457174538359898 0.3249899960152196
1629013287.335497141 5.666676892508696 0.5783265703567353 0.0 0.0 0.0 0.9457174697339522 0.32498994975231327
1629013288.238262653 5.667341569270393 0.5784371348493182 0.0 0.0 0.0 0.9457174603724388 0.3249899769942218
1629013289.139037371 5.667212303913368 0.578709408395206 0.0 0.0 0.0 0.9457174563669853 0.3249899886500493
1629013289.740151167 5.666841754912442 0.5795396669094746 0.0 0.0 0.0 0.9457174563757398 0.32498998862457396
1629013290.241132259 5.666100130973153 0.579331996449781 0.0 0.0 0.0 0.9457174505318405 0.3249900056302589
1629013290.942499161 5.666875750864416 0.5796557309195421 0.0 0.0 0.0 0.9457174449410409 0.3249900218994258
1629013291.643872261 5.6674000028146425 0.5800032200486039 0.0 0.0 0.0 0.945717454574191 0.32498999386706195
1629013291.944457531 5.666923777482326 0.5801261935617341 0.0 0.0 0.0 0.9457174559712888 0.3249899898015223
1629013292.144999266 5.666972236621017 0.5808095774631701 0.0 0.0 0.0 0.9457174659208182 0.32498996084849474
1629013292.445479393 5.667765958756618 0.5809440058281975 0.0 0.0 0.0 0.9457174642363143 0.3249899657503838
1629013293.047432423 5.667625773081992 0.5806225881582562 0.0 0.0 0.0 0.9457174537088529 0.32498999638518694
1629013293.848223686 5.668472081811863 0.5790805528025291 0.0 0.0 0.0 0.9457174389932453 0.3249900392074461
1629013294.449362993 5.669419929761 0.5797944989413013 0.0 0.0 0.0 0.9457174434637938 0.32499002619819867
1629013295.150742054 5.669814426059661 0.5805603507669559 0.0 0.0 0.0 0.945717435409669 0.32499004963561334
1629013295.651784420 5.669628377132411 0.5802966367473898 0.0 0.0 0.0 0.9457174359944728 0.32499004793384095
1629013296.152692318 5.6696187744760165 0.5800098712153261 0.0 0.0 0.0 0.945717443602576 0.32499002579434416
1629013296.753854752 5.670241968095437 0.5805117132661725 0.0 0.0 0.0 0.9457174330215883 0.32499005658490193
1629013297.254834890 5.670438549624041 0.5801572665333401 0.0 0.0 0.0 0.9457174425288075 0.32499002891899875
1629013297.755830765 5.670312423753619 0.5790975455240164 0.0 0.0 0.0 0.9457174437597563 0.32499002533695126
1629013298.356981039 5.6702099912537935 0.5807280558265617 0.0 0.0 0.0 0.9457174300377945 0.32499006526770813
1629013298.958150387 5.6716627401257345 0.5813277636428391 0.0 0.0 0.0 0.9457174190167511 0.32499009733881873
1629013299.759720087 5.671903736184115 0.5810914499236233 0.0 0.0 0.0 0.9457174190532701 0.3249900972325488
1629013300.361333370 5.672492903149746 0.5816468334931613 0.0 0.0 0.0 0.9457174181950612 0.3249900997299267
1629013300.962058544 5.6736127730162895 0.5818921091453889 0.0 0.0 0.0 0.9457174243922196 0.324990081696267
1629013301.863822460 5.674676212931598 0.5818532646390305 0.0 0.0 0.0 0.9457174359294578 0.324990048123034
1629013302.665424824 5.675515505483686 0.5818965987806329 0.0 0.0 0.0 0.9457174358724141 0.32499004828903055
1629013303.867745638 5.675216235225188 0.5814133845536766 0.0 0.0 0.0 0.9457174518588185 0.32499000176876713
1629013304.370109081 5.675317671595465 0.5831059391300666 0.0 0.0 0.0 0.9457174489939881 0.32499001010539313
1629013305.271343708 5.67563847541745 0.5844462193849277 0.0 0.0 0.0 0.9457174425633819 0.32499002881838784
1629013306.072058678 5.675147048077907 0.5845816901239769 0.0 0.0 0.0 0.9457174321468828 0.324990059130285
1629013306.575726032 5.674840912225031 0.5848222945554838 0.0 0.0 0.0 0.9457174176055545 0.3249901014453842
1629013307.374596596 5.674077615196528 0.5839057804411096 0.0 0.0 0.0 0.9457174231427234 0.3249900853322866
1629013307.975763083 5.674747813839588 0.5842962718244828 0.0 0.0 0.0 0.9457174140452308 0.32499011180588483
1629013308.476742268 4.5520338440259565 -1.8471012539893934 0.0 0.0 0.0 0.6830772631603943 0.7303461183256234
1629013308.577086210 4.551576993059511 -1.8475055013740491 0.0 0.0 0.0 0.6833591613612018 0.7300823628767613
1629013308.777350664 4.549607045616991 -1.8475844747442343 0.0 0.0 0.0 0.6830256228663976 0.730394412976968
1629013308.577086210 4.551129926201429 -1.8480839317274185 0.0 0.0 0.0 0.6830255989591133 0.7303944353337753
