1629013127.723922968 0.0016081742074703102 0.0001555750095635889 0.0 0.0 0.0 -2.8279250752563414e-08 0.9999999999999996
1629013128.224887848 0.0006773619037089082 5.604630676424985e-05 0.0 0.0 0.0 -3.1144023337188287e-08 0.9999999999999996
1629013128.926275730 -0.0002832519653610311 -0.00018212567282954452 0.0 0.0 0.0 -2.2297146028185476e-09 1.0
1629013129.327075481 -0.000461256407312758 -0.0006121601327461959 0.0 0.0 0.0 0.0007178406818389754 0.9999997423523446
1629013129.727863789 -0.0008849578156713083 -0.00031524142236657657 0.0 0.0 0.0 0.000717864348237784 0.9999997423353556
1629013130.729794502 -0.0020277563699424555 0.0011126180796108413 0.0 0.0 0.0 0.0007178444827209476 0.9999997423496161
1629013131.230769873 0.0012346276094131836 0.00229048041143979 0.0 0.0 0.0 0.0007177526277505506 0.9999997424155495
1629013131.731744289 0.0009410729270448273 0.0010841854713633569 0.0 0.0 0.0 0.0007176890675168843 0.9999997424611681
1629013132.533311367 0.0010836675032742302 0.00031944776071448787 0.0 0.0 0.0 0.0007176974665319669 0.9999997424551401
1629013133.134488583 0.0003905508693012312 0.0007077447588407317 0.0 0.0 0.0 0.0007177392142452317 0.999999742425177
1629013133.635461807 -0.00027123932831111494 -0.0007679241494605237 0.0 0.0 0.0 0.0007178569810508185 0.9999997423406441
1629013135.038238049 -0.0007168058139543343 -0.0007969207112529013 0.0 0.0 0.0 0.0007178803466708391 0.9999997423238708
1629013135.243909359 -0.00016238951867994175 -0.001962278733283448 0.0 0.0 0.0 0.0007178728160725604 0.9999997423292768
1629013135.243909359 0.16856682233572717 -0.07419586465065298 0.0 0.0 0.0 -0.03705662974088515 0.9993131672264941
1629013136.140389442 0.16766498441346475 -0.07315960488095623 0.0 0.0 0.0 -0.03705666506666144 0.9993131659165395
1629013136.340748310 0.16800501253527397 -0.07348803456702857 0.0 0.0 0.0 -0.037056663003662275 0.99931316599304
1629013137.242624760 0.16713825094148985 -0.07236640357494413 0.0 0.0 0.0 -0.03705668713383088 0.9993131650982415
1629013136.240868092 0.19201167331900562 -0.13746137275790377 0.0 0.0 0.0 -0.07963643137742403 0.9968239758339829
1629013136.340748310 0.19287242076133618 -0.1416170772891712 0.0 0.0 0.0 -0.08446614965418645 0.9964263492916055
1629013136.541119576 0.20175185629632741 -0.1694190733810724 0.0 0.0 0.0 -0.09637657163593351 0.9953449434440825
1629013137.242624760 0.23704180043371503 -0.23962997811495415 0.0 0.0 0.0 -0.1392230216325026 0.9902610515654525
1629013137.342700481 0.2461404645214959 -0.2585195422386552 0.0 0.0 0.0 -0.14656611552118282 0.9892008763547631
1629013137.552075386 0.29145354325162365 -0.2942283585611237 0.0 0.0 0.0 -0.16305827745704746 0.9866164392268865
1629013138.044185638 0.2920454172325101 -0.2933195494594245 0.0 0.0 0.0 -0.16305832485389626 0.9866164313935996
1629013138.545035839 0.2918520956777343 -0.2935979533698547 0.0 0.0 0.0 -0.16305835185078213 0.9866164269318176
1629013139.446808338 0.29169497891093527 -0.29415384668558237 0.0 0.0 0.0 -0.1630583671929102 0.98661642439622
1629013140.047982454 0.2914564713255955 -0.2941529165063071 0.0 0.0 0.0 -0.16305840532215124 0.9866164180945891
1629013140.248363495 0.2908595550840892 -0.2953650973924403 0.0 0.0 0.0 -0.16305844950504297 0.9866164107924676
1629013140.649135590 0.2899130583989958 -0.29437793471702334 0.0 0.0 0.0 -0.16305845937230398 0.9866164091617019
1629013141.250308990 0.2889695274103525 -0.2955787863871839 0.0 0.0 0.0 -0.16305846218026968 0.9866164086976283
1629013141.751293659 0.28892917352718167 -0.29550772833901917 0.0 0.0 0.0 -0.16305849354259602 0.9866164035143644
1629013142.853490353 0.28952295599618544 -0.2968901094089754 0.0 0.0 0.0 -0.16305851835669805 0.9866163994133273
1629013143.354449272 0.28915114539070247 -0.296122742254105 0.0 0.0 0.0 -0.16305854281532364 0.9866163953710395
1629013144.055785656 0.2883201769034584 -0.2954463732910387 0.0 0.0 0.0 -0.1630585592493979 0.9866163926549724
1629013144.656959772 0.2877411710273892 -0.29530416582982755 0.0 0.0 0.0 -0.16305858627237954 0.986616388188871
1629013145.157940865 0.28840566853778427 -0.2942540038142084 0.0 0.0 0.0 -0.16305861828907184 0.9866163828974557
1629013145.658915520 0.2898237540025772 -0.2943675552674032 0.0 0.0 0.0 -0.16305863547488889 0.9866163800571462
1629013146.260293722 0.2893490938333064 -0.29454347983751916 0.0 0.0 0.0 -0.1630586423942663 0.9866163789135769
1629013146.360308409 0.28807500384686396 -0.2947095693930439 0.0 0.0 0.0 -0.1630586291159311 0.9866163811080947
1629013146.761072397 0.2883110476854333 -0.2945053624883813 0.0 0.0 0.0 -0.16305857065365506 0.9866163907701853
1629013146.861275196 0.28861818512512094 -0.294262126674677 0.0 0.0 0.0 -0.1630586084324559 0.9866163845264637
1629013146.961471319 0.2883965053755356 -0.2933363784443795 0.0 0.0 0.0 -0.1630586526332442 0.9866163772213752
1629013147.363122463 0.2887119731543013 -0.2936752372024517 0.0 0.0 0.0 -0.1630586789449907 0.9866163728728174
1629013147.662840843 0.2899615392430332 -0.29447880268837684 0.0 0.0 0.0 -0.16305868932151665 0.9866163711578828
1629013147.963420868 0.2895278250421978 -0.2956651182594943 0.0 0.0 0.0 -0.1630586552027166 0.9866163767967171
1629013148.163911819 0.2890660611254177 -0.2947681542637411 0.0 0.0 0.0 -0.1630587050717287 0.9866163685548355
1629013148.464430809 0.28904561948024005 -0.2950632532401096 0.0 0.0 0.0 -0.16305867818801764 0.9866163729979229
1629013148.564584255 0.2887398408431874 -0.2952370762122843 0.0 0.0 0.0 -0.16305863155481087 0.9866163807050198
1629013148.967636585 0.28925102052898755 -0.2958196821999181 0.0 0.0 0.0 -0.16305862695537837 0.9866163814651705
1629013149.566569805 0.28924702975735544 -0.29679850738656033 0.0 0.0 0.0 -0.16305867760511344 0.9866163730942599
1629013150.267954588 0.28987673922566987 -0.2982401733137617 0.0 0.0 0.0 -0.16305865582846632 0.986616376693299
1629013150.368111134 0.28920023633504677 -0.29798977894891604 0.0 0.0 0.0 -0.1630586498913389 0.9866163776745315
1629013150.468353271 0.2879261101531843 -0.29673795579190543 0.0 0.0 0.0 -0.1630586384657283 0.9866163795628486
1629013150.571737289 0.28799822965719046 -0.2964533520695957 0.0 0.0 0.0 -0.16305862197745957 0.9866163822878738
1629013150.668736935 0.2889906770251121 -0.29552606036577145 0.0 0.0 0.0 -0.1630586556768257 0.9866163767183608
1629013150.768898010 0.2901232969651344 -0.2960867167543996 0.0 0.0 0.0 -0.16305864809957268 0.9866163779706577
1629013150.869095564 0.29049125681634147 -0.2965438608751661 0.0 0.0 0.0 -0.1630586362992799 0.9866163799208987
1629013151.470263958 0.2903204247088203 -0.2969593515337478 0.0 0.0 0.0 -0.16305860690474097 0.98661638477895
1629013151.971232891 0.29088837509254456 -0.2982011282275419 0.0 0.0 0.0 -0.16305860862263946 0.9866163844950321
1629013152.171621323 0.29024434888168005 -0.29789878706010103 0.0 0.0 0.0 -0.16305856846508335 0.9866163911318916
1629013152.672604084 0.29025706893209485 -0.2978209048737795 0.0 0.0 0.0 -0.16305852038442975 0.9866163990782033
1629013152.772806168 0.29050990418490885 -0.29757079391792324 0.0 0.0 0.0 -0.16305848380919463 0.9866164051230076
1629013153.073383331 0.2912291837811543 -0.2972660202256571 0.0 0.0 0.0 -0.16305845654956888 0.9866164096282163
1629013153.574472904 0.29108698487618445 -0.29727437120548894 0.0 0.0 0.0 -0.1630584945367054 0.9866164033500676
1629013153.975163460 0.2918913745903046 -0.29739440120721333 0.0 0.0 0.0 -0.16305843454309524 0.9866164132652341
1629013154.278061152 0.2912306341798564 -0.29734114556238783 0.0 0.0 0.0 -0.16305838870715403 0.9866164208405548
1629013154.878062725 0.2913494164762456 -0.2974662052455041 0.0 0.0 0.0 -0.16305839441848916 0.9866164198966407
1629013155.578306198 0.2913576044860461 -0.2974527755368506 0.0 0.0 0.0 -0.16305834527613836 0.9866164280184107
1629013156.079273701 0.290412633566718 -0.29719848199448 0.0 0.0 0.0 -0.16305834389122215 0.9866164282472961
1629013156.581030369 0.28999978143775806 -0.29755703606088224 0.0 0.0 0.0 -0.16305840579399714 0.9866164180166069
1629013157.181401730 0.28994172397345835 -0.29939256400273845 0.0 0.0 0.0 -0.16305840386933748 0.986616418334696
1629013157.686052322 0.28980816515092706 -0.29870232894209664 0.0 0.0 0.0 -0.16305835508265554 0.986616426397685
1629013157.982985973 0.28895410949049427 -0.2976739941811338 0.0 0.0 0.0 -0.1630584014636768 0.9866164187322803
1629013157.982985973 4.008641466182786 1.6476971407970016 0.0 0.0 0.0 0.8297116478221549 0.5581922441849622
1629013158.684444427 3.973315356868078 1.9602910303429437 0.0 0.0 0.0 0.8806895113641895 0.47369397776740324
1629013158.784572601 3.976634970747136 2.0441315273583616 0.0 0.0 0.0 0.8932432325605518 0.44957371752002573
1629013158.984942913 3.9759235854310297 2.0445968309778 0.0 0.0 0.0 0.893243210642191 0.44957376106889335
1629013159.485904694 3.9750464721372682 2.045403920518388 0.0 0.0 0.0 0.893243220226342 0.44957374202646094
1629013159.686296701 3.9757082572341753 2.046320827102075 0.0 0.0 0.0 0.8932432043740083 0.44957377352293776
1629013159.085130692 3.9634588292021964 2.1582074881270477 0.0 0.0 0.0 0.9066144185227922 0.421960064611071
1629013159.485904694 3.9420283893241206 2.2919252292027856 0.0 0.0 0.0 0.9075450508195332 0.4199547365287965
1629013159.686296701 3.942124299378658 2.3213567161097113 0.0 0.0 0.0 0.9060751490506092 0.4231167974364956
1629013159.886710405 3.941808877951357 2.3212961569223842 0.0 0.0 0.0 0.906075155813361 0.42311678295453325
1629013160.187287807 3.9422294567872234 2.322977445341291 0.0 0.0 0.0 0.9060751762986737 0.4231167390866584
1629013160.287604094 3.9405164298166246 2.3223447268348005 0.0 0.0 0.0 0.9060751642674387 0.4231167648507135
1629013160.490854502 3.941484530067556 2.3220764732395796 0.0 0.0 0.0 0.9060751533696184 0.423116788187638
1629013160.588062286 3.941967305579994 2.3220893198323287 0.0 0.0 0.0 0.9060751469779865 0.42311680187487255
1629013161.089177847 3.9425531961776916 2.3230138524799235 0.0 0.0 0.0 0.9060751345401388 0.4231168285096557
1629013161.590049744 3.9426019786701754 2.3232344338162467 0.0 0.0 0.0 0.9060751179903254 0.42311686394992326
1629013162.391571283 3.94128556521226 2.3239060486148486 0.0 0.0 0.0 0.9060751063614785 0.4231168888522832
1629013162.792377234 3.941681542321022 2.3240194351312264 0.0 0.0 0.0 0.9060750887748059 0.4231169265129056
1629013162.992767334 3.9428111995706914 2.3232680161936488 0.0 0.0 0.0 0.9060750819272205 0.423116941176527
1629013163.794341564 3.942259404958193 2.3244333521618312 0.0 0.0 0.0 0.9060750725310068 0.4231169612978553
1629013164.297129869 3.942600094415184 2.3256159306054323 0.0 0.0 0.0 0.9060750744258237 0.42311695724023873
1629013164.395480871 3.9426975129743385 2.325873867057998 0.0 0.0 0.0 0.9060750784074773 0.4231169487138088
1629013164.395480871 3.942372906504421 2.3259863235277556 0.0 0.0 0.0 0.9060750745235736 0.4231169570309142
1629013164.796288013 3.942768228346675 2.326400073111039 0.0 0.0 0.0 0.9060750705527096 0.4231169655342389
1629013165.197075605 3.94205399796141 2.327218901286643 0.0 0.0 0.0 0.9060750616639118 0.4231169845689705
1629013165.597881317 3.9428197646381933 2.326840092288724 0.0 0.0 0.0 0.9060750536714859 0.42311700168418415
1629013165.898430824 3.9420076078206296 2.3268502496356764 0.0 0.0 0.0 0.9060750343584543 0.4231170430416695
1629013165.998615742 3.941884989797237 2.328770445516459 0.0 0.0 0.0 0.9060750183840587 0.42311707724969905
1629013166.299229145 3.9417859504261394 2.330241837210723 0.0 0.0 0.0 0.9060750236501793 0.42311706597267723
1629013167.200989485 3.941930635827372 2.331457365246399 0.0 0.0 0.0 0.9060750270167298 0.42311705876344935
1629013167.902340412 3.942150966422682 2.332159094673348 0.0 0.0 0.0 0.906075015353345 0.4231170837397558
1629013168.102773190 3.9409589494216553 2.33375474259487 0.0 0.0 0.0 0.9060750210511646 0.42311707153828215
1629013168.603710651 3.940233358037103 2.3342717228529892 0.0 0.0 0.0 0.9060750064388267 0.4231171028295598
1629013169.305072069 3.9401938270550962 2.334436089524988 0.0 0.0 0.0 0.9060749966937544 0.42311712369793425
1629013169.806046009 3.940697541414185 2.3346686598047306 0.0 0.0 0.0 0.9060750032090806 0.42311710974582967
1629013170.307057381 3.9410288393756243 2.3352110738787015 0.0 0.0 0.0 0.9060750033176503 0.4231171095133354
1629013171.009956837 3.9408506531080683 2.3353192145379817 0.0 0.0 0.0 0.9060750301240361 0.4231170521093743
1629013171.709802628 3.940877644052264 2.335795362907329 0.0 0.0 0.0 0.906074995370084 0.42311712653247957
1629013172.310935020 3.9406075257049897 2.336253417651117 0.0 0.0 0.0 0.9060750001253814 0.42311711634935073
1629013172.811977863 3.940549993420639 2.336849311560966 0.0 0.0 0.0 0.906075001511742 0.42311711338055885
1629013173.112493277 3.9394191951444553 2.3355248401573276 0.0 0.0 0.0 0.9060749917087676 0.42311713437292603
1629013173.212690830 3.9402714202753444 2.336715238908832 0.0 0.0 0.0 0.9060750002369972 0.4231171161103337
1629013173.312892914 3.940033929095944 2.337521349135507 0.0 0.0 0.0 0.9060749929402749 0.4231171317357414
1629013173.413134813 3.939158039447673 2.337210654747092 0.0 0.0 0.0 0.9060749820404509 0.4231171550769321
1629013174.114495277 3.938344395388828 2.3370381504724618 0.0 0.0 0.0 0.906074983271897 0.42311715243987885
1629013174.314868450 3.938252452884681 2.336804455498107 0.0 0.0 0.0 0.9060749703605521 0.4231171800885951
1629013174.415051937 3.938294385669241 2.337107233862508 0.0 0.0 0.0 0.9060749686277885 0.42311718379918367
1629013174.415051937 2.444246392499467 0.09456994985738439 0.0 0.0 0.0 -0.9900912374251227 0.1404255730769476
1629013174.916043282 2.4438925938295286 0.09423662948009008 0.0 0.0 0.0 -0.9900912354551406 0.14042558696659765
1629013175.517198086 2.4436276241364254 0.0951064726115149 0.0 0.0 0.0 -0.9900912287567003 0.14042563419492704
1629013176.018274307 2.4439737070140266 0.09391193472610579 0.0 0.0 0.0 -0.9900912281585925 0.14042563841197228
1629013176.218912125 2.443362319015895 0.0940618191819697 0.0 0.0 0.0 -0.9900912244154193 0.14042566480375263
1629013176.420287848 2.4428282968327135 0.09309906582878964 0.0 0.0 0.0 -0.9900912237891597 0.14042566921928504
1629013176.619600296 2.443208962484101 0.09371346931114474 0.0 0.0 0.0 -0.9900912261859084 0.14042565232066534
1629013176.820007801 2.442530399721633 0.09401220723310225 0.0 0.0 0.0 -0.9900912282964653 0.1404256374398794
1629013176.218912125 1.4681064505212242 -0.05714985302949387 0.0 0.0 0.0 0.9979638136452814 0.0637826516739941
1629013176.420287848 1.3580151598257095 -0.05281570728025206 0.0 0.0 0.0 0.9959960314156787 0.08939745748184481
1629013176.619600296 1.2544322164291446 -0.032948728655241837 0.0 0.0 0.0 0.9932378010652013 0.11609767670011156
1629013176.820007801 1.154417438892698 -0.009353119246262807 0.0 0.0 0.0 0.9897899204654084 0.1425339024410705
1629013177.621303797 1.1542352811087953 -0.008673946863265905 0.0 0.0 0.0 0.9897899091816438 0.1425339807982411
1629013177.721537590 1.1537766448428801 -0.00962404075029527 0.0 0.0 0.0 0.9897899127171659 0.1425339562467315
1629013177.921918392 1.154340374760828 -0.009468046319408294 0.0 0.0 0.0 0.9897899131490268 0.1425339532477863
1629013178.122301817 1.1533222331237367 -0.008839960908238891 0.0 0.0 0.0 0.9897899157438684 0.14253393522858293
1629013178.523101568 1.1540597912682136 -0.008239382076183898 0.0 0.0 0.0 0.9897899212221897 0.1425338971857979
1629013178.723504305 1.1546986839930053 -0.008685702587209118 0.0 0.0 0.0 0.9897899249991331 0.14253387095778516
1629013179.925849915 1.153557988680224 -0.008675470650514314 0.0 0.0 0.0 0.98978992192481 0.1425338923066323
1629013180.627175808 1.1519863758868798 -0.00894159387669222 0.0 0.0 0.0 0.9897899191155521 0.1425339118147983
1629013180.828376532 1.1512998023017509 -0.009284450424756641 0.0 0.0 0.0 0.9897899190399044 0.14253391234011448
1629013181.328547478 1.1503333113591325 -0.01001323630994994 0.0 0.0 0.0 0.9897899212227139 0.1425338971821575
1629013181.832266808 -1.0363755718334027 0.015990042806945347 0.0 0.0 0.0 -0.9029600360628983 0.4297245318495203
1629013182.330725193 -1.0583806287972253 -0.21322334261044232 0.0 0.0 0.0 -0.8592592138218813 0.511540422119506
1629013182.531440973 -1.0586836911804272 -0.21334997923506827 0.0 0.0 0.0 -0.8592591885457855 0.5115404645769854
1629013183.132084608 -1.0590429604813751 -0.21409154797759458 0.0 0.0 0.0 -0.8592591997324799 0.5115404457861551
1629013183.634452820 -1.0588509185310766 -0.21357729929036479 0.0 0.0 0.0 -0.8592592061946077 0.5115404349314067
1629013184.033816814 -1.0581237842164752 -0.2134301194043561 0.0 0.0 0.0 -0.859259190712451 0.5115404609375329
1629013184.033816814 -1.2734014149635808 -1.2030888309633636 0.0 0.0 0.0 -0.9341937374474756 0.3567661151425637
1629013184.635001659 -1.2728569539269101 -1.2043141626573608 0.0 0.0 0.0 -0.9341937358450578 0.35676611933850194
1629013185.737141132 -1.2719636897082935 -1.2046356119452326 0.0 0.0 0.0 -0.9341937287531495 0.3567661379086963
1629013186.238120079 -1.2719604170463255 -1.2040895113528496 0.0 0.0 0.0 -0.9341937285366516 0.35676613847559696
1629013186.538707733 -1.2717591240890453 -1.2043632283947043 0.0 0.0 0.0 -0.9341937199656452 0.356766160918815
1629013186.638895512 -1.2716724452371757 -1.205378259784985 0.0 0.0 0.0 -0.9341937407337612 0.3567661065374096
1629013187.039713860 -1.2715897128770355 -1.2056548547162245 0.0 0.0 0.0 -0.9341937553676062 0.3567660682186147
1629013188.142455101 -1.2708410932527774 -1.206375504454815 0.0 0.0 0.0 -0.934193743351715 0.35676609968228473
1629013188.542624950 -1.2710597284561829 -1.2072209804030585 0.0 0.0 0.0 -0.9341937343725002 0.35676612319440104
1629013188.642812967 -1.2698158134000648 -1.2059542419194853 0.0 0.0 0.0 -0.9341937308286822 0.3567661324739046
1629013188.642812967 -1.2698648450070318 -1.2057287311522364 0.0 0.0 0.0 -0.9341937417316609 0.3567661039244044
1629013189.150118589 -1.2706122398152597 -1.2057813787424971 0.0 0.0 0.0 -0.9341937672110251 0.3567660372065608
1629013189.346075773 -1.2707006765263267 -1.2057831920657203 0.0 0.0 0.0 -0.9341937711181253 0.35676602697579796
1629013189.945374012 -1.2710047656730468 -1.2067486688228377 0.0 0.0 0.0 -0.9341937663463046 0.35676603947083607
1629013190.145747185 -1.2705210239304827 -1.207258237571675 0.0 0.0 0.0 -0.9341937559937814 0.35676606657897153
1629013190.446377039 -1.2724751490192596 -1.207010762918781 0.0 0.0 0.0 -0.9341937462552847 0.35676609207927357
1629013191.448290825 -1.271230351636774 -1.2080965985399186 0.0 0.0 0.0 -0.9341937465476838 0.356766091313625
1629013191.949263096 -1.2719270202508282 -1.2073347926518168 0.0 0.0 0.0 -0.9341937474285674 0.3567660890070271
1629013192.851044893 -1.2719119809858066 -1.2071952027283164 0.0 0.0 0.0 -0.9341937413019181 0.3567661050496877
1629013193.354059696 -1.2726161885241434 -1.2077477373080918 0.0 0.0 0.0 -0.93419372969789 0.35676613543488905
1629013194.253760338 -1.2736328709785545 -1.2085426551106422 0.0 0.0 0.0 -0.9341937281481021 0.35676613949301567
1629013194.854950905 -1.2736398246273288 -1.210543919915905 0.0 0.0 0.0 -0.9341937382400806 0.3567661130671238
1629013195.957142353 -1.2743326726059931 -1.209858106234815 0.0 0.0 0.0 -0.9341937384925202 0.3567661124061097
1629013196.458153248 -1.272926000147022 -1.210022914420932 0.0 0.0 0.0 -0.93419375490095 0.3567660694405562
1629013197.259631634 -1.2727991335784579 -1.2099334915638373 0.0 0.0 0.0 -0.9341937597474965 0.3567660567498495
1629013197.760605812 -1.2739501118844474 -1.2101410365849206 0.0 0.0 0.0 -0.9341937361740369 0.3567661184770689
1629013198.562168837 -1.2743413225618767 -1.2106957123447295 0.0 0.0 0.0 -0.9341937553392957 0.3567660682927457
1629013199.066054821 -1.272887031279582 -1.2100157814598826 0.0 0.0 0.0 -0.9341937522003698 0.35676607651203907
1629013199.865200996 -1.272719323267197 -1.2097863486496079 0.0 0.0 0.0 -0.934193739798793 0.3567661089856278
1629013200.767469406 -1.2733588198125476 -1.2101015239486568 0.0 0.0 0.0 -0.9341937529969465 0.3567660744261989
1629013201.467884541 -1.2730525603798288 -1.211274171453977 0.0 0.0 0.0 -0.9341937705748529 0.3567660283983595
1629013201.467884541 -1.273622305409362 -1.2115274754952052 0.0 0.0 0.0 -0.9341937705754483 0.35676602839680066
1629013202.074606419 -1.2734698249428649 -1.21220717910199 0.0 0.0 0.0 -0.9341937579455397 0.3567660614682826
1629013202.670295238 -1.274489011311355 -1.212578332670308 0.0 0.0 0.0 -0.9341937595338674 0.35676605730923844
1629013203.171209335 -1.274295881866078 -1.213452961828604 0.0 0.0 0.0 -0.9341937732215586 0.35676602146794634
1629013203.571948051 -1.275564660178728 -1.213672272377906 0.0 0.0 0.0 -0.934193780371802 0.35676600274499454
1629013203.677692413 -1.2748848140891464 -1.2137171953994448 0.0 0.0 0.0 -0.9341937827142396 0.3567659966113084
1629013204.573929071 -1.2743292642717572 -1.2134325117756783 0.0 0.0 0.0 -0.9341937888227166 0.35676598061622616
1629013203.878424644 1.236949779958137 0.8723587674024254 0.0 0.0 0.0 -0.006033646653977851 0.9999817973883599
1629013204.072945595 1.2625920050625303 0.8557906307849332 0.0 0.0 0.0 -0.02675949676738615 0.9996419005487697
1629013204.573929071 1.45214955022397 0.8106754211606985 0.0 0.0 0.0 -0.05118547758471111 0.9986891642970925
1629013205.475691319 1.4524661660628437 0.810936298856011 0.0 0.0 0.0 -0.051185473229919176 0.9986891645202872
1629013205.676188707 1.452333415637852 0.8107212101985142 0.0 0.0 0.0 -0.05118548565476804 0.9986891638834806
1629013205.878082752 1.4515386142522573 0.8102751529419022 0.0 0.0 0.0 -0.0511855298081972 0.9986891616204985
1629013206.076845169 1.4515456824338429 0.8107055247727729 0.0 0.0 0.0 -0.05118550127890245 0.9986891630827018
1629013206.076845169 1.4509152595734187 0.8102900634649686 0.0 0.0 0.0 -0.05118549596405147 0.9986891633551023
1629013206.377456665 1.4506349361963375 0.810699396995059 0.0 0.0 0.0 -0.05118552036467993 0.9986891621045043
1629013206.477707386 1.4503376396546301 0.8102287158400769 0.0 0.0 0.0 -0.05118557963385737 0.9986891590667969
1629013207.078907251 1.4492838430116928 0.8100530835706173 0.0 0.0 0.0 -0.05118559865638106 0.9986891580918399
1629013207.379912376 1.4487665401467245 0.8106959033119662 0.0 0.0 0.0 -0.05118563485773415 0.9986891562364191
1629013207.379912376 1.4489180511491924 0.8101088398181466 0.0 0.0 0.0 -0.051185614653816 0.9986891572719266
1629013207.580000401 1.4486168404435054 0.8117222721607684 0.0 0.0 0.0 -0.051185586044044495 0.9986891587382571
1629013208.080886364 1.449129592529348 0.8110532166016785 0.0 0.0 0.0 -0.051185580338098946 0.9986891590307027
1629013209.383306265 1.4491108914002224 0.8103764592047517 0.0 0.0 0.0 -0.0511855547405578 0.998689160342647
1629013209.483502388 1.447521075648027 0.8106646954629385 0.0 0.0 0.0 -0.051185529771588786 0.9986891616223748
1629013209.483502388 1.447565648527356 0.811323204687898 0.0 0.0 0.0 -0.051185529669925484 0.9986891616275853
1629013209.784077168 1.4477546436451343 0.8114689106651907 0.0 0.0 0.0 -0.051185548640238804 0.9986891606553051
1629013209.986763000 1.447556967047341 0.811024997019822 0.0 0.0 0.0 -0.05118556006170047 0.9986891600699239
1629013210.786072731 1.447234373996102 0.8121678507819732 0.0 0.0 0.0 -0.051185474961440644 0.9986891644315421
1629013211.487395525 1.4467177925673387 0.8132154779505066 0.0 0.0 0.0 -0.0511854654030103 0.998689164921437
1629013212.089605808 1.4452785953054614 0.8136838876812679 0.0 0.0 0.0 -0.05118548055260415 0.9986891641449801
1629013212.489371300 4.100379814472558 1.7479111123943236 0.0 0.0 0.0 0.6786360966349879 0.7344746750869136
1629013212.790127516 4.100054244114552 1.7477374633493963 0.0 0.0 0.0 0.6786360989175879 0.7344746729778487
1629013213.491334200 4.100884574917152 1.7477314705726634 0.0 0.0 0.0 0.6786360770560455 0.7344746931773627
1629013213.691732168 4.099634598735129 1.748475226480753 0.0 0.0 0.0 0.6786360721258916 0.7344746977327005
1629013213.992370605 4.100215760365483 1.749011934552399 0.0 0.0 0.0 0.6786360447832275 0.7344747229966305
1629013214.192687035 4.098527868550179 1.7499830281245123 0.0 0.0 0.0 0.6786360643651246 0.7344747049034531
1629013214.394271851 4.097862159215863 1.7502204960894974 0.0 0.0 0.0 0.6786360739312228 0.7344746960646199
1629013214.394271851 4.096305913047328 1.7508000384547668 0.0 0.0 0.0 0.6786360674038455 0.7344747020957517
1629013215.094453812 4.096008888330659 1.7511657081013596 0.0 0.0 0.0 0.678636091232415 0.7344746800787549
1629013215.595432520 4.095377185348499 1.7527408077014248 0.0 0.0 0.0 0.6786360987930758 0.7344746730928947
1629013215.695641518 4.095807342748449 1.7528159303668205 0.0 0.0 0.0 0.6786361053883073 0.7344746669990669
1629013215.795802355 4.096144101420237 1.7524592176718445 0.0 0.0 0.0 0.6786360842154142 0.7344746865622866
1629013216.497184753 4.096247544608712 1.7511495497191472 0.0 0.0 0.0 0.6786360974529932 0.7344746743310974
1629013217.098364115 4.095467488592344 1.7507327663406484 0.0 0.0 0.0 0.6786361229840355 0.7344746507410566
1629013217.599331856 4.096089981252196 1.750044277461357 0.0 0.0 0.0 0.6786361016637813 0.7344746704404351
1629013218.100379467 4.0956150827061455 1.750942629079906 0.0 0.0 0.0 0.6786361125156606 0.7344746604135719
1629013219.406359673 4.096307156757312 1.7500353127600983 0.0 0.0 0.0 0.6786361088912775 0.7344746637624107
1629013220.204417229 4.096109998148549 1.7503540671391855 0.0 0.0 0.0 0.6786360875620336 0.7344746834700947
1629013220.806005239 4.096117424988961 1.7504776632156847 0.0 0.0 0.0 0.6786360609341561 0.7344747080735813
1629013221.406772852 4.096563655251059 1.7497010140367775 0.0 0.0 0.0 0.6786360453050637 0.7344747225144671
1629013221.907737732 4.096500002968513 1.7506838120120336 0.0 0.0 0.0 0.6786360665551933 0.7344747028798849
1629013223.711259842 4.0967051182896865 1.7505879222528373 0.0 0.0 0.0 0.6786360609457763 0.7344747080628444
1629013224.012077093 4.098271742907131 1.7511550059805499 0.0 0.0 0.0 0.6786360394816933 0.7344747278951139
1629013224.012077093 4.098342273913365 1.7511466358800731 0.0 0.0 0.0 0.6786360585952211 0.734474710234698
1629013224.212237358 4.098687165681806 1.750912450535598 0.0 0.0 0.0 0.6786360873294595 0.7344746836849874
1629013224.813429356 4.098602521033334 1.750296184804281 0.0 0.0 0.0 0.6786360573458895 0.7344747113890489
1629013225.014685154 4.099090082357591 1.7505983562022815 0.0 0.0 0.0 0.6786360368231874 0.734474730351506
1629013225.114006281 4.098143107224226 1.7492184166140199 0.0 0.0 0.0 0.6786360329958684 0.7344747338878518
1629013225.314388275 4.097118619285918 1.7498117459356237 0.0 0.0 0.0 0.6786360612957695 0.7344747077394596
1629013225.514781952 4.098374314108491 1.7492791029112853 0.0 0.0 0.0 0.6786360660145478 0.7344747033794277
1629013225.715173721 4.097630533560856 1.7493742301753417 0.0 0.0 0.0 0.6786360583673049 0.7344747104452868
1629013225.816148996 4.097431902307825 1.7489285021207712 0.0 0.0 0.0 0.6786360539937163 0.7344747144863721
1629013226.015756130 4.09799780040877 1.749052879014893 0.0 0.0 0.0 0.6786360359700688 0.7344747311397659
1629013225.715173721 5.053638432795384 3.74918822801596 0.0 0.0 0.0 -0.37414085191819046 0.927371890303955
1629013225.816148996 5.003647466154362 3.783976571230108 0.0 0.0 0.0 -0.3581142962698963 0.9336777553348462
1629013225.915573120 4.949116373836311 3.8003474923377456 0.0 0.0 0.0 -0.3401483665454675 0.9403717821885397
1629013226.015756130 4.894544829511673 3.834851665941264 0.0 0.0 0.0 -0.3203023496651012 0.9473153671291389
1629013226.416540146 4.894910571245473 3.833872440993943 0.0 0.0 0.0 -0.3203023704008059 0.947315360118068
1629013226.618190289 4.893824628025109 3.834380213805132 0.0 0.0 0.0 -0.320302328717092 0.9473153742119927
1629013226.917517185 4.894190740288649 3.8330040113481605 0.0 0.0 0.0 -0.32030230770003587 0.947315381318192
1629013227.418504953 4.894103652917008 3.833525258098079 0.0 0.0 0.0 -0.32030233058327484 0.9473153735810068
1629013226.817325592 4.442468562749521 3.9683870471305243 0.0 0.0 0.0 -0.15626547728872586 0.9877150908069222
1629013226.917517185 4.374821774569213 3.9796089231391356 0.0 0.0 0.0 -0.1337418935142747 0.9910161986159542
1629013227.318311214 4.122079020002545 3.9580053464486054 0.0 0.0 0.0 -0.05090913895855804 0.9987032890556125
1629013227.418504953 4.043518538672922 3.9561999087715294 0.0 0.0 0.0 -0.02687122430229106 0.9996389034568912
1629013227.618903399 3.916761098469628 3.941285707691255 0.0 0.0 0.0 -0.005843479255398526 0.9999829267293476
1629013227.819284201 3.799655325491698 3.93939948434253 0.0 0.0 0.0 -0.009086859499050855 0.9999587136399405
1629013228.220059395 3.6962039795127986 3.935699782362463 0.0 0.0 0.0 -0.021300042566575306 0.9997731283579601
1629013228.420449734 3.712188292286292 3.938031609701238 0.0 0.0 0.0 -0.016351407531233392 0.9998663067989377
1629013228.620867252 3.7574799500927636 3.9484001645609523 0.0 0.0 0.0 -0.004833254359985916 0.9999883197579318
1629013228.821250439 3.829815630260033 3.950567901615417 0.0 0.0 0.0 0.015588700280149127 0.9998784888293055
1629013229.021659851 3.8297877996538734 3.9497686790518203 0.0 0.0 0.0 0.01558866937542016 0.9998784893111282
1629013230.023580551 3.829996959474242 3.9484984648574954 0.0 0.0 0.0 0.015588700783660559 0.9998784888214555
1629013230.624771357 3.8294352991307066 3.948600613301479 0.0 0.0 0.0 0.015588724849855844 0.9998784884462489
1629013231.125766754 3.828816053239341 3.948478856907959 0.0 0.0 0.0 0.015588720449131491 0.9998784885148589
1629013231.726910353 3.828696279400917 3.949357038716108 0.0 0.0 0.0 0.015588699628747522 0.9998784888394613
1629013232.227927685 3.8287016372552674 3.9485538453359363 0.0 0.0 0.0 0.01558868898992453 0.9998784890053268
1629013232.328094959 3.8292704546428604 3.9492664735169485 0.0 0.0 0.0 0.015588663286514268 0.9998784894060576
1629013232.528468847 3.8287918262927487 3.9490077895843285 0.0 0.0 0.0 0.015588629411094759 0.9998784899341937
1629013232.628664970 3.828582121350268 3.949614161880292 0.0 0.0 0.0 0.015588617679091128 0.9998784901171017
1629013232.728875399 3.8293498783888 3.9490604403132394 0.0 0.0 0.0 0.015588632246264672 0.999878489889992
1629013232.728875399 3.829346987227461 3.9482060152967615 0.0 0.0 0.0 0.015588607285633093 0.999878490279141
1629013233.430244684 3.830305888568108 3.949081837915037 0.0 0.0 0.0 0.015588621122471457 0.9998784900634177
1629013234.632601976 3.8312763907273046 3.948529151090948 0.0 0.0 0.0 0.015588572784079597 0.999878490817037
1629013235.033603668 3.8317448843664605 3.948782810435898 0.0 0.0 0.0 0.015588569752657966 0.9998784908642983
1629013235.133549213 3.832949560378681 3.9495944640073355 0.0 0.0 0.0 0.015588624836963594 0.9998784900055068
1629013235.133549213 3.8328240835807232 3.9497693444151776 0.0 0.0 0.0 0.015588636908519369 0.9998784898173049
1629013236.035361052 3.834258128599562 3.950914771309276 0.0 0.0 0.0 0.015588597988542754 0.9998784904240873
1629013236.536616802 3.8336492825466597 3.95117513472757 0.0 0.0 0.0 0.01558861951168259 0.9998784900885307
1629013237.037281513 3.8349953986399377 3.9509175527761498 0.0 0.0 0.0 0.015588648547752167 0.999878489635843
1629013237.738643646 3.8335745692817667 3.95096268567405 0.0 0.0 0.0 0.015588637327634231 0.9998784898107707
1629013238.239623070 3.833762270374674 3.9509321987247144 0.0 0.0 0.0 0.015588692508019638 0.9998784889504776
1629013238.941011429 3.8347779417702985 3.9515877548673854 0.0 0.0 0.0 0.015588688943556386 0.9998784890060497
1629013239.141399860 3.8348060958755124 3.9518029509178505 0.0 0.0 0.0 0.015588617372572298 0.9998784901218806
1629013239.542208195 3.834095757454672 3.9521110928123027 0.0 0.0 0.0 0.015588612540431986 0.9998784901972161
1629013239.942944527 3.8341143766016446 3.9516033544484563 0.0 0.0 0.0 0.015588596096789779 0.9998784904535807
1629013240.443916321 3.8343835570121856 3.9523973504720638 0.0 0.0 0.0 0.01558860918646516 0.9998784902495061
1629013240.544137478 3.833819204168018 3.9521215023417957 0.0 0.0 0.0 0.015588643094700901 0.999878489720859
1629013240.644346952 3.8319046281562272 3.9522571078946025 0.0 0.0 0.0 0.015588611044847229 0.999878490220533
1629013241.045111418 3.831672231296435 3.9517747641321783 0.0 0.0 0.0 0.015588594664135914 0.9998784904759164
1629013241.245482445 3.833056329348153 3.951145987321592 0.0 0.0 0.0 0.015588567368700403 0.9998784909014652
1629013241.746649981 3.8324151708664784 3.951047641742629 0.0 0.0 0.0 0.015588569752079154 0.9998784908643072
1629013242.247446537 3.8325976474413106 3.9513175248710914 0.0 0.0 0.0 0.015588605660922449 0.9998784903044711
1629013242.347635746 3.8334972808576424 3.951710239933619 0.0 0.0 0.0 0.015588585147631732 0.9998784906242834
1629013242.748418331 3.8337102608154976 3.951598183745499 0.0 0.0 0.0 0.015588565342625042 0.9998784909330527
1629013242.948856115 3.833092537934069 3.951456753561944 0.0 0.0 0.0 0.01558851961649839 0.999878491645943
1629013243.049047709 3.833109654967167 3.951942000134402 0.0 0.0 0.0 0.015588496953416154 0.9998784919992696
1629013243.550235271 3.8329863916968074 3.9513200740175387 0.0 0.0 0.0 0.015588515662625578 0.9998784917075855
1629013243.750394821 3.8328305268324714 3.951186775201318 0.0 0.0 0.0 0.01558851301130774 0.9998784917489206
1629013243.850748301 3.8319391543148402 3.9500104614880387 0.0 0.0 0.0 0.015588482605419555 0.9998784922229603
1629013244.051008224 3.8325213308325328 3.950765624377072 0.0 0.0 0.0 0.015588446303800492 0.9998784927889156
1629013244.551958561 3.8329988017525234 3.9507258077502323 0.0 0.0 0.0 0.015588482344727 0.9998784922270246
1629013244.752338409 3.833890697094532 3.9509228239567387 0.0 0.0 0.0 0.015588519811533622 0.9998784916429023
1629013245.052947521 3.8337600400543463 3.950933806753315 0.0 0.0 0.0 0.015588560771328303 0.9998784910043212
1629013245.654092550 3.834220249931612 3.950382206563903 0.0 0.0 0.0 0.015588573082238306 0.9998784908123886
1629013246.255266666 3.8340117380602905 3.9506003688256013 0.0 0.0 0.0 0.015588530300122163 0.9998784914793808
1629013246.555862904 3.8337485228735657 3.9492319987246614 0.0 0.0 0.0 0.015588523159008444 0.9998784915907137
1629013246.956682920 3.833763519577854 3.949047039812828 0.0 0.0 0.0 0.015588474291394422 0.9998784923525791
1629013247.557822704 3.8337101365383752 3.949284971313898 0.0 0.0 0.0 0.015588491494475259 0.9998784920843765
1629013248.259931803 3.8338783161920675 3.9494942144278045 0.0 0.0 0.0 0.015588461432097528 0.9998784925530602
1629013248.459567547 3.83482296017885 3.9487653405751595 0.0 0.0 0.0 0.015588510265745203 0.999878491791725
1629013248.960558414 3.835208071983037 3.949177920633162 0.0 0.0 0.0 0.015588544218470604 0.9998784912623877
1629013249.461553097 3.835744448177593 3.949453816825758 0.0 0.0 0.0 0.015588585296108947 0.9998784906219685
1629013248.459567547 6.000542952596236 -2.0079873262364014 0.0 0.0 0.0 0.8585166447264719 0.5127856966878082
1629013248.559775829 6.017722981800262 -2.007788418839103 0.0 0.0 0.0 0.864383849431022 0.5028325375737018
1629013248.960558414 6.0833109350603465 -2.0156498657439177 0.0 0.0 0.0 0.88662279528337 0.4624932636092158
1629013249.261137486 6.138273136315166 -2.020255319058533 0.0 0.0 0.0 0.9037515172861981 0.42805746693977303
1629013249.461553097 6.183581521860807 -2.022418532452368 0.0 0.0 0.0 0.9143349765426829 0.40495870242617515
1629013250.263106346 6.184925536045773 -2.0223571974401873 0.0 0.0 0.0 0.9143349788447231 0.4049586972285194
1629013250.864261150 6.184967175537271 -2.022215486442829 0.0 0.0 0.0 0.9143349852965971 0.4049586826611717
1629013251.365235329 6.1842249831790195 -2.02226281996244 0.0 0.0 0.0 0.9143349714525107 0.4049587139190072
1629013252.166831970 6.184449005816284 -2.0210136882682637 0.0 0.0 0.0 0.914334985759549 0.40495868161589704
1629013252.667804718 6.185113456785988 -2.0207365296189024 0.0 0.0 0.0 0.9143349697094351 0.404958717854606
1629013252.868175983 6.185105461545907 -2.0201570562599667 0.0 0.0 0.0 0.914334962964927 0.40495873308267544
1629013253.168779850 6.184323808899758 -2.0203121624339455 0.0 0.0 0.0 0.914334987491751 0.4049586777048487
1629013253.769940376 6.184348699089324 -2.0194358648173143 0.0 0.0 0.0 0.914335021356548 0.40495860124328875
1629013254.771917343 6.184123704240976 -2.0200075071887995 0.0 0.0 0.0 0.9143350323981175 0.40495857631310067
1629013255.573482752 6.184717305039098 -2.0208447396641676 0.0 0.0 0.0 0.9143350417634756 0.40495855516754214
1629013255.974318027 6.186168934797399 -2.0199236452272595 0.0 0.0 0.0 0.9143350452512639 0.40495854729264497
1629013256.876011133 6.185890172185269 -2.0197558339092594 0.0 0.0 0.0 0.9143350272838499 0.40495858786034117
1629013258.078352928 6.186368367528919 -2.0206581533062726 0.0 0.0 0.0 0.9143350393496956 0.40495856061749147
1629013258.579374075 6.185722740564171 -2.0195712707482936 0.0 0.0 0.0 0.9143350379075917 0.40495856387354345
1629013259.581286430 6.185558573347531 -2.0184285043659522 0.0 0.0 0.0 0.9143350365554669 0.4049585669264362
1629013260.082254410 6.186216381603693 -2.0179146655784974 0.0 0.0 0.0 0.9143350387863255 0.40495856188949575
1629013260.683427811 6.187032516327849 -2.019599664051466 0.0 0.0 0.0 0.9143350465772729 0.4049585442987172
1629013261.184803009 6.187163339767569 -2.0204890296553266 0.0 0.0 0.0 0.914335029508515 0.40495858283738473
1629013262.086208582 6.18694526028707 -2.020691181791657 0.0 0.0 0.0 0.9143350306840633 0.40495858018317504
1629013262.687365055 6.187724561608652 -2.0205189737654865 0.0 0.0 0.0 0.9143350458395407 0.4049585459644047
1629013263.388790369 6.188442846734688 -2.021052824253384 0.0 0.0 0.0 0.9143350523309776 0.4049585313077235
1629013264.691281557 6.189962418186832 -2.019630859358594 0.0 0.0 0.0 0.9143350515349628 0.40495853310500457
1629013265.292447567 6.189948533011415 -2.019939292267952 0.0 0.0 0.0 0.9143350821957644 0.40495846387754975
1629013265.893932343 6.190101325210967 -2.0211102714572045 0.0 0.0 0.0 0.9143350768654707 0.40495847591254813
1629013265.893932343 8.633128544846704 -1.1556606826246094 0.0 0.0 0.0 0.5795617743278513 0.8149283095695921
1629013266.795362473 8.697668191822961 -0.8461640563217059 0.0 0.0 0.0 0.7373430949947016 0.6755184381374311
1629013266.996018648 8.732977826197367 -0.5231075641621104 0.0 0.0 0.0 0.828453943950945 0.5600571959649518
1629013267.296465397 8.658239805648254 -0.31850097811627254 0.0 0.0 0.0 0.8722805566495215 0.4890057571145773
1629013267.396602631 8.624473926692362 -0.24266925109903217 0.0 0.0 0.0 0.8835281887261213 0.46837798808904263
1629013267.596940279 8.624658483692519 -0.24353430691888753 0.0 0.0 0.0 0.8835281709019891 0.4683780217117211
1629013268.498708248 8.624444455324586 -0.24246896746279703 0.0 0.0 0.0 0.8835281628042102 0.4683780369870229
1629013269.099856377 8.623821154721604 -0.24270982082041734 0.0 0.0 0.0 0.8835281527218152 0.46837805600601823
1629013269.500660896 8.623091395460238 -0.24316356499431122 0.0 0.0 0.0 0.8835281600188143 0.46837804224127383
1629013269.600833416 8.624182317350177 -0.24330409765907807 0.0 0.0 0.0 0.8835281406851747 0.46837807871141673
1629013269.702066660 8.623913473962638 -0.24302660428614897 0.0 0.0 0.0 0.8835281612648416 0.46837803989082155
1629013270.302225113 8.623804684880838 -0.243924721016062 0.0 0.0 0.0 0.8835281647331242 0.46837803334840244
1629013269.500660896 7.710939236809653 0.2379822543967514 0.0 0.0 0.0 0.9989213150112078 0.046434969756415305
1629013269.600833416 7.636457560027723 0.24975623571654057 0.0 0.0 0.0 0.999793198552942 0.020336177794200855
1629013269.702066660 7.559118861332574 0.26191989875562594 0.0 0.0 0.0 -0.999974845424504 0.007092849796754563
1629013269.801248312 7.503519844063492 0.26826507320030235 0.0 0.0 0.0 -0.9994673753349799 0.03263381131597162
1629013269.901425600 7.430245257665927 0.27502708270020715 0.0 0.0 0.0 -0.9983545344806841 0.05734303342042981
1629013270.202024698 7.21248158534233 0.2969542348307764 0.0 0.0 0.0 -0.9963640698673687 0.08519765417740789
1629013270.302225113 7.123286779433508 0.3045516880655091 0.0 0.0 0.0 -0.9968195204699217 0.07969218035739309
1629013270.403551102 7.039999207995483 0.31047982888331854 0.0 0.0 0.0 -0.9976772265707661 0.06811865810528266
1629013270.602983952 6.881050650591114 0.3156801334351663 0.0 0.0 0.0 -0.9993747940350145 0.03535563671428347
1629013270.702999592 6.8007037402732 0.3170287564263594 0.0 0.0 0.0 -0.9998680702923279 0.016243214272315676
1629013271.204852819 6.411275351471455 0.34643699133505423 0.0 0.0 0.0 0.9962956715840944 0.08599380665372554
1629013271.404375553 6.41102055755226 0.34680369303820463 0.0 0.0 0.0 0.9962956712429005 0.08599381060668401
1629013271.905340433 6.41127128214721 0.3456769521802432 0.0 0.0 0.0 0.9962956721180485 0.08599380046751047
1629013272.206001997 6.411572318380955 0.3458420093902569 0.0 0.0 0.0 0.9962956695351516 0.08599383039209252
1629013272.707123518 6.4115145430008535 0.3454423096705906 0.0 0.0 0.0 0.9962956693283651 0.08599383278785108
1629013273.207884312 6.41329796107865 0.3456038449586366 0.0 0.0 0.0 0.996295667011248 0.08599385963318742
1629013273.408269882 6.4114662837258 0.3457184132694933 0.0 0.0 0.0 0.9962956616553567 0.08599392168470406
1629013274.009464025 4.898962840606617 1.2859759920415308 0.0 0.0 0.0 0.8663365398724461 0.4994607088468898
1629013275.311985254 4.899152097344477 1.285437773354623 0.0 0.0 0.0 0.8663365302847713 0.49946072547713255
1629013275.812977314 4.89989943152326 1.284519847706012 0.0 0.0 0.0 0.8663365199205382 0.49946074345434893
1629013276.313955784 4.900122941267529 1.285747078257005 0.0 0.0 0.0 0.8663364938317821 0.49946078870643534
1629013276.514402390 4.900459412561237 1.2868425883884675 0.0 0.0 0.0 0.8663364768011048 0.4994608182468859
1629013276.614527225 4.900236179082025 1.2865633648656314 0.0 0.0 0.0 0.8663364752680278 0.4994608209060745
1629013277.015316010 4.900037556983503 1.2857713802675363 0.0 0.0 0.0 0.8663364598880782 0.4994608475832639
1629013277.015316010 4.899486303493798 1.2859171056178575 0.0 0.0 0.0 0.8663364496037893 0.4994608654218076
1629013277.215725422 4.899840047840112 1.2863200454507362 0.0 0.0 0.0 0.8663364717703909 0.49946082697287764
1629013277.616681337 4.90049762184445 1.2863801717478058 0.0 0.0 0.0 0.8663364905647797 0.4994607943731935
1629013278.117462635 4.8989071235034265 1.2862259540698178 0.0 0.0 0.0 0.8663364933479569 0.4994607895456513
1629013278.718654156 4.897817991926676 1.2866209261590835 0.0 0.0 0.0 0.8663364911934567 0.49946079328272575
1629013278.919036388 4.8976280296401224 1.2867918715630295 0.0 0.0 0.0 0.8663364925879918 0.4994607908638439
1629013279.822077751 4.89787008716224 1.2872879566913578 0.0 0.0 0.0 0.866336483640727 0.499460806383264
1629013280.822953224 4.174840742100801 -0.1237739058246663 0.0 0.0 0.0 0.6945057467616566 0.7194871560459115
1629013281.023141384 4.174681409754816 -0.12290143114633423 0.0 0.0 0.0 0.6945057425975794 0.7194871600654071
1629013281.323719501 4.173761545481818 -0.12266041942532678 0.0 0.0 0.0 0.6945057449876065 0.7194871577583645
1629013281.524127960 4.173548679298373 -0.12217570264517025 0.0 0.0 0.0 0.6945057872090398 0.719487117002905
1629013281.824714661 4.172826545988984 -0.12235070632215775 0.0 0.0 0.0 0.6945057753941641 0.7194871284075559
1629013282.125304222 4.172384367817136 -0.12197012382100515 0.0 0.0 0.0 0.6945057912675393 0.7194871130853208
1629013283.027065277 4.1708037014759665 -0.12076872374360198 0.0 0.0 0.0 0.6945058143345233 0.7194870908192451
1629013283.728429317 4.17083166630729 -0.12093841102696762 0.0 0.0 0.0 0.6945058015225952 0.7194871031863306
1629013285.031048775 4.170995201611351 -0.12217132264369462 0.0 0.0 0.0 0.6945058104910701 0.71948709452925
1629013285.632148743 4.171425294416388 -0.12260995366062309 0.0 0.0 0.0 0.6945057979093141 0.719487106674155
1629013286.233335018 4.171889237008173 -0.12214962853509737 0.0 0.0 0.0 0.6945058056169077 0.7194870992341768
1629013287.335497141 4.1722230185717 -0.12147125053301121 0.0 0.0 0.0 0.6945057915267718 0.719487112835089
1629013288.238262653 4.17083640149903 -0.12192136932544685 0.0 0.0 0.0 0.6945057860037908 0.7194871181663066
1629013289.139037371 4.1713579806480094 -0.1213985181237346 0.0 0.0 0.0 0.6945058350791783 0.7194870707948637
1629013289.740151167 4.171156475672231 -0.12210343187158525 0.0 0.0 0.0 0.6945058183536281 0.7194870869396874
1629013290.241132259 4.172205093691079 -0.12217132923557425 0.0 0.0 0.0 0.6945058423458073 0.7194870637805385
1629013290.942499161 4.1724600573770445 -0.12289000223234695 0.0 0.0 0.0 0.6945058670867017 0.7194870398986688
1629013291.643872261 4.173897815721816 -0.12354472423166377 0.0 0.0 0.0 0.6945059145934571 0.7194869940413834
1629013291.944457531 4.173347293794331 -0.12393162281697738 0.0 0.0 0.0 0.6945059077957763 0.719487000603044
1629013292.445479393 4.172724813471554 -0.12371766739114334 0.0 0.0 0.0 0.6945059003471042 0.7194870077930929
1629013293.047432423 4.173108348537606 -0.12464512436408887 0.0 0.0 0.0 0.694505886049444 0.7194870215943279
1629013293.848223686 4.173473034084507 -0.12445485886969734 0.0 0.0 0.0 0.6945059427617986 0.719486966851065
1629013294.449362993 4.172815085057299 -0.12446597347488488 0.0 0.0 0.0 0.6945059757950579 0.7194869349647389
1629013295.150742054 4.172843048063659 -0.12475133533885588 0.0 0.0 0.0 0.6945059769052236 0.7194869338931187
1629013295.651784420 4.172166404416416 -0.12464113712648474 0.0 0.0 0.0 0.694506012572171 0.7194868994645444
1629013296.152692318 4.17297778256178 -0.12487319756966535 0.0 0.0 0.0 0.6945060331387665 0.7194868796120292
1629013296.753854752 4.172689482464971 -0.12580244721540376 0.0 0.0 0.0 0.6945060362535772 0.7194868766053658
1629013297.254834890 4.171250213819974 -0.12694429837809523 0.0 0.0 0.0 0.6945060387525943 0.7194868741931154
1629013297.755830765 4.171564279787767 -0.12662425302784808 0.0 0.0 0.0 0.6945060472489737 0.7194868659917333
1629013298.356981039 4.171776270269292 -0.12692780992396172 0.0 0.0 0.0 0.6945060134352087 0.7194868986314717
1629013298.958150387 4.1703792107942705 -0.12648202233949465 0.0 0.0 0.0 0.6945060159982699 0.7194868961574011
1629013299.759720087 4.171267092816835 -0.12653441772979185 0.0 0.0 0.0 0.6945059653696448 0.7194869450281761
1629013300.461078167 4.171671319764279 -0.1256864530967514 0.0 0.0 0.0 0.6945059095193641 0.7194869989393005
1629013300.962058544 4.17312915876646 -0.12475980281952347 0.0 0.0 0.0 0.6945059225442123 0.7194869863666838
1629013301.863822460 4.172887862115998 -0.12290541398621592 0.0 0.0 0.0 0.6945059160983911 0.7194869925887017
1629013302.665424824 4.1732351640772025 -0.12247355996980132 0.0 0.0 0.0 0.6945059289987101 0.7194869801362904
1629013303.867745638 4.173722105395184 -0.12257883770920211 0.0 0.0 0.0 0.6945059198228871 0.7194869889935227
1629013304.168321133 4.1732739777459456 -0.1225827112933157 0.0 0.0 0.0 0.694505937285996 0.7194869721367443
1629013304.370109081 4.17366763686985 -0.1236248342141539 0.0 0.0 0.0 0.6945059705710446 0.7194869400073718
1629013305.271343708 4.173535081250997 -0.1230701194136157 0.0 0.0 0.0 0.6945060032961072 0.7194869084185392
1629013306.072058678 4.173777675885021 -0.12266123665844458 0.0 0.0 0.0 0.6945059972093536 0.7194869142939581
1629013306.272438526 4.173483991086698 -0.1232711812280417 0.0 0.0 0.0 0.6945059808360957 0.7194869300987285
1629013306.575726032 4.172880345981308 -0.12239984986113181 0.0 0.0 0.0 0.6945060008059362 0.7194869108222505
1629013307.374596596 4.173709353675605 -0.12282430261361262 0.0 0.0 0.0 0.6945060446044136 0.7194868685444734
1629013307.975763083 4.173361028812868 -0.12272471194286257 0.0 0.0 0.0 0.6945060535881792 0.7194868598726271
1629013308.476742268 4.173712838818413 -0.1235890945177026 0.0 0.0 0.0 0.6945060227085577 0.7194868896800972
