1629013127.723922968 -0.0006377567277683654 0.00042700562579150406 0.0 0.0 0.0 -1.5031376280085918e-08 0.9999999999999999
1629013127.723922968 -8.021261847308944e-05 0.0006800367615677019 0.0 0.0 0.0 8.623712667967352e-09 1.0
1629013127.723922968 -0.00011443646923551474 0.0005395283593557526 0.0 0.0 0.0 -2.661326121599816e-08 0.9999999999999997
1629013127.723922968 -5.5612839395672736e-05 0.0005335071369019594 0.0 0.0 0.0 -1.0865123095702151e-08 0.9999999999999999
1629013127.723922968 0.0009110242320972811 -0.0019565334420630644 0.0 0.0 0.0 -4.162683733382644e-08 0.9999999999999991
1629013128.224887848 0.00027353015948737146 -0.002077662891435433 0.0 0.0 0.0 -3.555715445748513e-08 0.9999999999999993
1629013128.325093031 -0.0002888474310260474 -0.0013331373011601214 0.0 0.0 0.0 -5.197279817858194e-08 0.9999999999999987
1629013128.425327301 -0.00011486973001412017 -0.0007462469267860379 0.0 0.0 0.0 -5.8508625570892544e-09 1.0
1629013128.525490284 0.0008039897021143637 -0.00021808828149869606 0.0 0.0 0.0 2.0683371651097302e-08 0.9999999999999998
1629013128.625700474 0.0016254574374163781 0.0001851472211317281 0.0 0.0 0.0 2.9173638847182923e-08 0.9999999999999996
1629013128.625700474 0.0004769193650473327 0.00014312728846004182 0.0 0.0 0.0 5.5739750793966295e-09 1.0
1629013128.625700474 0.0024118267565376938 0.0010053698923559945 0.0 0.0 0.0 -3.380005353899e-08 0.9999999999999994
1629013128.926275730 0.0023747113280082476 0.0015767746632125666 0.0 0.0 0.0 -4.100705762837561e-08 0.9999999999999991
1629013128.926275730 -0.0034155549048110636 -0.0018283196519790397 0.0 0.0 0.0 1.3211966032607918e-08 0.9999999999999999
1629013128.926275730 -0.002503822145325135 0.0007942547454023308 0.0 0.0 0.0 1.91311486859591e-07 0.9999999999999817
1629013128.926275730 -0.0013700637147077608 0.00016982060352635682 0.0 0.0 0.0 1.8566347427408592e-07 0.9999999999999828
1629013128.926275730 -0.000899701696019232 -0.001397036335622912 0.0 0.0 0.0 5.420294310980438e-09 1.0
1629013129.327075481 -0.002886412085899527 -0.004789900297511601 0.0 0.0 0.0 9.769940649075109e-08 0.9999999999999952
1629013129.928267002 -0.0010680412334796955 0.0014481282465629627 0.0 0.0 0.0 -2.240920077413152e-07 0.9999999999999749
1629013130.128615141 0.002642344199937672 -0.0042617687834818115 0.0 0.0 0.0 -1.000994579740898e-08 1.0
1629013131.230769873 0.0008700038065229673 -0.00046565015348414723 0.0 0.0 0.0 1.071949537602214e-07 0.9999999999999942
1629013131.631546736 -0.0056810855947126 0.0019435797284248 0.0 0.0 0.0 -2.6889328958963937e-07 0.9999999999999638
1629013131.731744289 0.007885873705646907 -0.0006960639418102543 0.0 0.0 0.0 1.4790854165941322e-07 0.999999999999989
1629013137.342700481 0.007395424995408918 -0.0008915575839499257 0.0 0.0 0.0 1.1700360550314337e-07 0.9999999999999931
1629013140.649135590 0.001929548704618693 0.007377614500510575 0.0 0.0 0.0 1.7529470532221085e-07 0.9999999999999847
1629013141.250308990 -0.0029224910559649646 0.00674869264602878 0.0 0.0 0.0 2.660021886790038e-07 0.9999999999999646
1629013141.250308990 -0.004056226647560043 -0.0005726419777095439 0.0 0.0 0.0 2.785141554333719e-07 0.9999999999999613
1629013141.751293659 -0.0007576816069733671 0.0017276300773926463 0.0 0.0 0.0 -1.8647502197514631e-07 0.9999999999999826
1629013141.751293659 0.0038950728433717963 -0.004899442111570446 0.0 0.0 0.0 -2.6406765726535454e-07 0.9999999999999651
1629013142.853490353 -0.006053428854573655 -0.005379381887600935 0.0 0.0 0.0 -9.813258110020928e-08 0.9999999999999952
1629013142.853490353 -0.005672771489151208 -0.00630118110604226 0.0 0.0 0.0 -1.3074936709674345e-07 0.9999999999999915
1629013145.959497690 -0.006916763360759018 0.00039711038502617826 0.0 0.0 0.0 -1.8103024446626597e-07 0.9999999999999836
1629013148.967636585 0.007309587342451348 0.0034652105755987386 0.0 0.0 0.0 -1.5984287939402995e-07 0.9999999999999872
1629013151.470263958 -4.12520927557677e-05 -0.0034559706109090578 0.0 0.0 0.0 -7.71469426105388e-08 0.999999999999997
1629013157.982985973 -0.0029593688168985744 0.008998819204642882 0.0 0.0 0.0 -1.7095794899194703e-07 0.9999999999999853
1629013157.982985973 -0.011606008426704492 -0.0014109769956361816 0.0 0.0 0.0 8.728385704685389e-08 0.9999999999999962
1629013183.634452820 0.0021497856399551028 -0.004751185137823112 0.0 0.0 0.0 -3.12064354132062e-07 0.9999999999999513
1629013242.347635746 0.006360066086170776 0.002380376871368244 0.0 0.0 0.0 -2.2341228494867207e-07 0.999999999999975
1629013244.051008224 0.0007653576080367778 -0.004204030031132153 0.0 0.0 0.0 2.4284201794150945e-07 0.9999999999999705
1629013269.600833416 0.000321823567762297 0.00431843883938335 0.0 0.0 0.0 9.063901711459679e-08 0.9999999999999959
1629013128.224887848 -1.74972120484495e-05 -0.0012277384705618366 0.0 0.0 0.0 -1.326893191354958e-08 0.9999999999999999
1629013128.325093031 4.315874943981884e-05 -0.0011346255460257773 0.0 0.0 0.0 0.0005178510001236117 0.9999998659151619
1629013128.425327301 -7.254102524413306e-05 0.00031279380469905523 0.0 0.0 0.0 -0.0003956339149148035 0.9999999217368997
1629013128.525490284 0.0007696751597914088 0.0006745223763369424 0.0 0.0 0.0 0.0001222459497947286 0.9999999925279639
1629013128.625700474 0.0009250782855262814 -0.0004622698263350363 0.0 0.0 0.0 0.0008127669832557579 0.9999996697048609
1629013128.926275730 0.0011500326773383922 -0.00026646776859975095 0.0 0.0 0.0 0.00029485669748923425 0.999999956529763
1629013129.327075481 0.000992435564257784 -0.0014304512600779415 0.0 0.0 0.0 0.0007177051878482843 0.9999997424495985
1629013129.727863789 0.0008772946760092893 -0.0013778562317465417 0.0 0.0 0.0 0.0007176842640487438 0.9999997424646154
1629013129.928267002 0.0015638241210514723 -0.0028947759611546685 0.0 0.0 0.0 0.0007176565893320901 0.9999997424844768
1629013130.128615141 0.002919545967091096 -0.003420769493753583 0.0 0.0 0.0 0.0007176731829913525 0.9999997424725681
1629013130.729794502 0.0027495867970789858 -0.006023903354351283 0.0 0.0 0.0 0.0014294927772448031 0.999998978274678
